2022-05-11 09:50:42.718278,6721,56,6777
2022-05-11 09:50:43.732983,3839,37,3876
2022-05-11 09:50:44.739958,1862,102,1964
2022-05-11 09:50:45.744704,1105,9,1114
2022-05-11 09:50:46.754045,3503,54,3557
2022-05-11 09:50:47.752035,7767,117,7884
2022-05-11 09:50:48.771527,2539,61,2600
2022-05-11 09:50:49.765663,8979,122,9101
2022-05-11 09:50:50.780666,8482,35,8517
2022-05-11 09:50:51.786432,4831,50,4881
2022-05-11 09:50:52.789058,7117,89,7206
2022-05-11 09:50:53.794327,4659,2,4661
2022-05-11 09:50:54.794406,1149,101,1250
2022-05-11 09:50:55.810162,2826,43,2869
2022-05-11 09:50:56.819594,646,139,785
2022-05-11 09:50:57.826541,8794,20,8814
2022-05-11 09:50:58.826921,2677,47,2724
2022-05-11 09:50:59.832716,7437,43,7480
2022-05-11 09:51:00.843209,6634,81,6715
2022-05-11 09:51:01.846333,883,60,943
2022-05-11 09:51:02.858714,1663,17,1680
2022-05-11 09:51:03.859965,4388,137,4525
2022-05-11 09:51:04.863433,4557,103,4660
2022-05-11 09:51:05.876910,5552,6,5558
2022-05-11 09:51:06.884917,7786,105,7891
2022-05-11 09:51:07.894025,6294,101,6395
2022-05-11 09:51:08.903463,4963,89,5052
2022-05-11 09:51:09.907520,3564,75,3639
2022-05-11 09:51:10.917628,983,132,1115
2022-05-11 09:51:11.918236,5887,116,6003
2022-05-11 09:51:12.932500,8427,1,8428
2022-05-11 09:51:13.927169,6453,57,6510
2022-05-11 09:51:14.938905,4578,99,4677
2022-05-11 09:51:15.944707,6383,31,6414
2022-05-11 09:51:16.948641,3397,29,3426
2022-05-11 09:51:17.956211,5262,58,5320
2022-05-11 09:51:18.965958,5617,103,5720
2022-05-11 09:51:19.965928,686,109,795
2022-05-11 09:51:20.980367,2220,105,2325
2022-05-11 09:51:21.989146,2314,87,2401
2022-05-11 09:51:22.997867,8415,108,8523
2022-05-11 09:51:24.001684,8002,23,8025
2022-05-11 09:51:25.008421,3339,21,3360
2022-05-11 09:51:26.012241,833,106,939
2022-05-11 09:51:27.014530,8159,128,8287
2022-05-11 09:51:28.028133,1027,2,1029
2022-05-11 09:51:29.020837,8959,32,8991
2022-05-11 09:51:30.038411,1814,44,1858
2022-05-11 09:51:31.044929,4676,142,4818
2022-05-11 09:51:32.049892,6476,39,6515
2022-05-11 09:51:33.058550,5581,31,5612
2022-05-11 09:51:34.062190,4534,119,4653
2022-05-11 09:51:35.075256,8423,24,8447
2022-05-11 09:51:36.083449,542,7,549
2022-05-11 09:51:37.090448,2443,19,2462
2022-05-11 09:51:38.099925,5133,24,5157
2022-05-11 09:51:39.100639,1063,23,1086
2022-05-11 09:51:40.105505,5718,120,5838
2022-05-11 09:51:41.104637,6064,107,6171
2022-05-11 09:51:42.118973,480,74,554
2022-05-11 09:51:43.128102,409,94,503
2022-05-11 09:51:44.137839,6363,87,6450
2022-05-11 09:51:45.175194,8452,77,8529
2022-05-11 09:51:46.157942,5980,118,6098
2022-05-11 09:51:47.169666,7924,70,7994
2022-05-11 09:51:48.176219,4084,113,4197
2022-05-11 09:51:49.182264,4106,34,4140
2022-05-11 09:51:50.191374,2337,35,2372
2022-05-11 09:51:51.198405,6650,82,6732
2022-05-11 09:51:52.203916,5223,145,5368
2022-05-11 09:51:53.212382,4777,90,4867
2022-05-11 09:51:54.224232,7251,127,7378
2022-05-11 09:51:55.233925,2741,75,2816
2022-05-11 09:51:56.237174,2432,79,2511
2022-05-11 09:51:57.246912,7079,29,7108
2022-05-11 09:51:58.250286,7812,143,7955
2022-05-11 09:51:59.258496,1195,130,1325
2022-05-11 09:52:00.263600,4668,22,4690
2022-05-11 09:52:01.270836,5713,113,5826
2022-05-11 09:52:02.280362,2815,136,2951
2022-05-11 09:52:03.281635,216,123,339
2022-05-11 09:52:04.290451,1087,17,1104
2022-05-11 09:52:05.294295,5598,97,5695
2022-05-11 09:52:06.300828,801,113,914
2022-05-11 09:52:07.303930,3975,68,4043
2022-05-11 09:52:08.313923,1557,86,1643
2022-05-11 09:52:09.318166,5192,136,5328
2022-05-11 09:52:10.323946,2769,103,2872
2022-05-11 09:52:11.328712,3356,72,3428
2022-05-11 09:52:12.333983,6650,102,6752
2022-05-11 09:52:13.344194,6180,134,6314
2022-05-11 09:52:14.352109,1852,138,1990
2022-05-11 09:52:15.358187,2681,109,2790
2022-05-11 09:52:16.365649,1711,35,1746
2022-05-11 09:52:17.371239,8862,118,8980
2022-05-11 09:52:18.378693,4338,87,4425
2022-05-11 09:52:19.383901,3581,127,3708
2022-05-11 09:52:20.390108,684,109,793
2022-05-11 09:52:21.396754,5646,95,5741
2022-05-11 09:52:22.402918,2997,88,3085
2022-05-11 09:52:23.406482,338,125,463
2022-05-11 09:52:24.412475,6046,3,6049
2022-05-11 09:52:25.421856,518,147,665
2022-05-11 09:52:26.428537,2640,65,2705
2022-05-11 09:52:27.435680,8311,125,8436
2022-05-11 09:52:28.439387,1790,122,1912
2022-05-11 09:52:29.433886,3865,112,3977
2022-05-11 09:52:30.446362,4625,85,4710
2022-05-11 09:52:31.458446,7936,8,7944
2022-05-11 09:52:32.464660,2762,22,2784
2022-05-11 09:52:33.478314,6314,24,6338
2022-05-11 09:52:34.475693,2234,104,2338
2022-05-11 09:52:35.491578,6389,45,6434
2022-05-11 09:52:36.501283,751,28,779
2022-05-11 09:52:37.507200,2401,13,2414
2022-05-11 09:52:38.514477,2414,2,2416
2022-05-11 09:52:39.521449,6721,42,6763
2022-05-11 09:52:40.521468,8163,136,8299
2022-05-11 09:52:41.531113,2716,89,2805
2022-05-11 09:52:42.536022,8076,82,8158
2022-05-11 09:52:43.548578,6666,16,6682
2022-05-11 09:52:44.552747,6007,51,6058
2022-05-11 09:52:45.558377,748,56,804
2022-05-11 09:52:46.572355,3483,82,3565
2022-05-11 09:52:47.576371,6676,99,6775
2022-05-11 09:52:48.585100,8776,94,8870
2022-05-11 09:52:49.591299,5351,80,5431
2022-05-11 09:52:50.597715,2941,120,3061
2022-05-11 09:52:51.605131,6968,146,7114
2022-05-11 09:52:52.612735,3248,118,3366
2022-05-11 09:52:53.618254,6593,126,6719
2022-05-11 09:52:54.630431,5538,107,5645
2022-05-11 09:52:55.638509,5828,148,5976
2022-05-11 09:52:56.650683,6344,102,6446
2022-05-11 09:52:57.657951,3276,87,3363
2022-05-11 09:52:58.666638,6092,77,6169
2022-05-11 09:52:59.673548,2504,25,2529
2022-05-11 09:53:00.668934,2301,70,2371
2022-05-11 09:53:01.686258,267,115,382
2022-05-11 09:53:02.697169,6833,43,6876
2022-05-11 09:53:03.708024,6779,147,6926
2022-05-11 09:53:04.714970,3930,105,4035
2022-05-11 09:53:05.713067,7624,20,7644
2022-05-11 09:53:06.729302,717,117,834
2022-05-11 09:53:07.737124,2928,16,2944
2022-05-11 09:53:08.744531,2200,39,2239
2022-05-11 09:53:09.748294,8443,71,8514
2022-05-11 09:53:10.750966,2797,1,2798
2022-05-11 09:53:11.755137,525,52,577
2022-05-11 09:53:12.765226,2566,13,2579
2022-05-11 09:53:13.775718,7231,80,7311
2022-05-11 09:53:14.784197,6270,55,6325
2022-05-11 09:53:15.779134,5999,24,6023
2022-05-11 09:53:16.796791,4654,23,4677
2022-05-11 09:53:17.805654,3034,104,3138
2022-05-11 09:53:18.815681,6731,93,6824
2022-05-11 09:53:19.825726,4754,79,4833
2022-05-11 09:53:20.829554,7766,118,7884
2022-05-11 09:53:21.836202,611,112,723
2022-05-11 09:53:22.842333,3309,3,3312
2022-05-11 09:53:23.846591,4922,99,5021
2022-05-11 09:53:24.850564,4325,8,4333
2022-05-11 09:53:25.846555,1268,135,1403
2022-05-11 09:53:26.854066,7492,38,7530
2022-05-11 09:53:27.863649,4230,13,4243
2022-05-11 09:53:28.870994,3676,26,3702
2022-05-11 09:53:29.875336,1896,62,1958
2022-05-11 09:53:30.878458,7382,10,7392
2022-05-11 09:53:31.883826,5015,115,5130
2022-05-11 09:53:32.892227,8283,62,8345
2022-05-11 09:53:33.895760,28,45,73
2022-05-11 09:53:34.900806,4070,58,4128
2022-05-11 09:53:35.909242,6559,54,6613
2022-05-11 09:53:36.915753,1485,144,1629
2022-05-11 09:53:37.919834,5021,130,5151
2022-05-11 09:53:38.929090,7830,85,7915
2022-05-11 09:53:39.932318,4776,91,4867
2022-05-11 09:53:40.943115,5630,78,5708
2022-05-11 09:53:41.954232,7433,117,7550
2022-05-11 09:53:42.959687,4585,84,4669
2022-05-11 09:53:43.968215,6556,81,6637
2022-05-11 09:53:44.978793,5034,92,5126
2022-05-11 09:53:45.991054,559,133,692
2022-05-11 09:53:46.991961,3957,134,4091
2022-05-11 09:53:47.991706,3339,85,3424
2022-05-11 09:53:49.003308,3458,25,3483
2022-05-11 09:53:50.011161,6724,30,6754
2022-05-11 09:53:51.018548,7028,107,7135
2022-05-11 09:53:52.026060,8151,32,8183
2022-05-11 09:53:53.033178,326,55,381
2022-05-11 09:53:54.037702,4353,75,4428
2022-05-11 09:53:55.044450,411,73,484
2022-05-11 09:53:56.047108,5556,66,5622
2022-05-11 09:53:57.057789,2317,136,2453
2022-05-11 09:53:59.070545,2505,78,2583
2022-05-11 09:54:00.075658,3634,71,3705
2022-05-11 09:54:01.085307,2561,55,2616
2022-05-11 09:54:02.090176,8566,27,8593
2022-05-11 09:54:03.101500,846,56,902
2022-05-11 09:54:04.108145,6227,92,6319
2022-05-11 09:54:05.117752,2108,142,2250
2022-05-11 09:54:06.125422,480,81,561
2022-05-11 09:54:07.133207,7109,65,7174
2022-05-11 09:54:08.135762,5403,148,5551
2022-05-11 09:54:09.145453,4114,78,4192
2022-05-11 09:54:10.159555,3975,128,4103
2022-05-11 09:54:11.166565,4329,131,4460
2022-05-11 09:54:12.177012,744,117,861
2022-05-11 09:54:13.180260,7454,54,7508
2022-05-11 09:54:14.189131,545,20,565
2022-05-11 09:54:15.194378,4383,135,4518
2022-05-11 09:54:16.201179,2577,109,2686
2022-05-11 09:54:17.206694,5322,54,5376
2022-05-11 09:54:18.215291,2590,55,2645
2022-05-11 09:54:19.224271,4498,143,4641
2022-05-11 09:54:20.233160,4910,10,4920
2022-05-11 09:54:21.236256,8727,60,8787
2022-05-11 09:54:22.245799,4354,114,4468
2022-05-11 09:54:23.251984,3033,38,3071
2022-05-11 09:54:24.262126,3377,79,3456
2022-05-11 09:54:25.270535,3392,106,3498
2022-05-11 09:54:26.278116,7655,1,7656
2022-05-11 09:54:27.285817,5582,94,5676
2022-05-11 09:54:28.282852,7444,36,7480
2022-05-11 09:54:29.295503,1605,51,1656
2022-05-11 09:54:30.304228,1920,84,2004
2022-05-11 09:54:31.313116,6773,116,6889
2022-05-11 09:54:32.312352,3778,65,3843
2022-05-11 09:54:33.320289,7225,147,7372
2022-05-11 09:54:34.326284,6869,116,6985
2022-05-11 09:54:35.340046,5624,129,5753
2022-05-11 09:54:36.350435,7847,21,7868
2022-05-11 09:54:37.358458,635,30,665
2022-05-11 09:54:38.365904,442,14,456
2022-05-11 09:54:39.373775,5008,58,5066
2022-05-11 09:54:40.380336,6332,107,6439
2022-05-11 09:54:41.375373,6278,99,6377
2022-05-11 09:54:42.390139,8153,24,8177
2022-05-11 09:54:43.398633,6562,40,6602
2022-05-11 09:54:44.401537,1525,25,1550
2022-05-11 09:54:45.400683,3169,18,3187
2022-05-11 09:54:46.416051,8691,145,8836
2022-05-11 09:54:47.408323,538,13,551
2022-05-11 09:54:49.437397,88,50,138
2022-05-11 09:54:50.449166,3132,124,3256
2022-05-11 09:54:51.457414,7854,52,7906
2022-05-11 09:54:52.462128,6528,125,6653
2022-05-11 09:54:53.470159,104,29,133
2022-05-11 09:54:54.476212,1473,101,1574
2022-05-11 09:54:55.483208,362,31,393
2022-05-11 09:54:56.487130,4780,114,4894
2022-05-11 09:54:57.496447,2747,74,2821
2022-05-11 09:54:58.502158,4658,11,4669
2022-05-11 09:54:59.507746,6053,137,6190
2022-05-11 09:55:00.511869,8044,82,8126
2022-05-11 09:55:01.518984,5705,115,5820
2022-05-11 09:55:02.514025,2129,125,2254
2022-05-11 09:55:03.525551,3061,99,3160
2022-05-11 09:55:04.536300,7473,70,7543
2022-05-11 09:55:05.546426,424,3,427
2022-05-11 09:55:06.551138,8439,69,8508
2022-05-11 09:55:07.563823,2294,138,2432
2022-05-11 09:55:08.567103,6602,89,6691
2022-05-11 09:55:09.575395,8905,130,9035
2022-05-11 09:55:10.579946,4999,47,5046
2022-05-11 09:55:11.587641,1862,8,1870
2022-05-11 09:55:12.595467,851,51,902
2022-05-11 09:55:13.601542,2069,97,2166
2022-05-11 09:55:14.611131,5151,26,5177
2022-05-11 09:55:15.622017,6866,60,6926
2022-05-11 09:55:16.621868,4308,39,4347
2022-05-11 09:55:17.629744,5957,102,6059
2022-05-11 09:55:18.633935,721,106,827
2022-05-11 09:55:19.639460,4321,118,4439
2022-05-11 09:55:20.645084,2438,92,2530
2022-05-11 09:55:21.648997,4788,73,4861
2022-05-11 09:55:22.654063,8072,115,8187
2022-05-11 09:55:23.659532,965,66,1031
2022-05-11 09:55:24.662799,299,93,392
2022-05-11 09:55:25.666451,1454,111,1565
2022-05-11 09:55:26.669939,6468,9,6477
2022-05-11 09:55:27.671482,496,36,532
2022-05-11 09:55:28.680263,5681,6,5687
2022-05-11 09:55:29.683361,7970,90,8060
2022-05-11 09:55:30.688636,8086,141,8227
2022-05-11 09:55:31.693425,7392,25,7417
2022-05-11 09:55:32.700090,809,102,911
2022-05-11 09:55:33.710242,4043,11,4054
2022-05-11 09:55:34.716675,6150,42,6192
2022-05-11 09:55:35.720034,2252,62,2314
2022-05-11 09:55:36.726018,1775,12,1787
2022-05-11 09:55:37.738374,479,50,529
2022-05-11 09:55:38.745248,8658,63,8721
2022-05-11 09:55:39.746470,8387,51,8438
2022-05-11 09:55:40.753831,8739,37,8776
2022-05-11 09:55:41.756119,4730,139,4869
2022-05-11 09:55:42.762841,1893,96,1989
2022-05-11 09:55:43.774372,8716,5,8721
2022-05-11 09:55:44.774992,26,111,137
2022-05-11 09:55:45.785143,7052,73,7125
2022-05-11 09:55:46.793720,4166,76,4242
2022-05-11 09:55:47.798171,5269,115,5384
2022-05-11 09:55:48.798412,7110,35,7145
2022-05-11 09:55:49.807842,593,115,708
2022-05-11 09:55:50.821490,8005,27,8032
2022-05-11 09:55:51.817302,6402,80,6482
2022-05-11 09:55:52.825558,3923,53,3976
2022-05-11 09:55:53.833734,2790,95,2885
2022-05-11 09:55:54.834202,3127,84,3211
2022-05-11 09:55:55.848288,8040,102,8142
2022-05-11 09:55:56.857161,5579,20,5599
2022-05-11 09:55:57.860841,5580,25,5605
2022-05-11 09:55:58.864306,6113,108,6221
2022-05-11 09:55:59.873097,7425,108,7533
2022-05-11 09:56:00.879480,6949,18,6967
2022-05-11 09:56:01.887175,2133,112,2245
2022-05-11 09:56:02.893818,3920,45,3965
2022-05-11 09:56:03.887106,8110,41,8151
2022-05-11 09:56:04.902991,3153,150,3303
2022-05-11 09:56:05.908912,6327,5,6332
2022-05-11 09:56:06.919600,7148,122,7270
2022-05-11 09:56:07.927322,963,48,1011
2022-05-11 09:56:08.934374,7202,6,7208
2022-05-11 09:56:09.945484,3352,58,3410
2022-05-11 09:56:10.952295,5555,63,5618
2022-05-11 09:56:11.957038,5254,57,5311
2022-05-11 09:56:12.963535,3318,111,3429
2022-05-11 09:56:13.969505,2004,64,2068
2022-05-11 09:56:14.978870,2611,48,2659
2022-05-11 09:56:15.986463,756,102,858
2022-05-11 09:56:16.992089,6757,74,6831
2022-05-11 09:56:17.993407,5821,11,5832
2022-05-11 09:56:18.991455,8469,79,8548
2022-05-11 09:56:20.008959,1658,137,1795
2022-05-11 09:56:21.005406,3858,139,3997
2022-05-11 09:56:22.013925,382,103,485
2022-05-11 09:56:23.020489,8960,120,9080
2022-05-11 09:56:24.031824,5253,119,5372
2022-05-11 09:56:25.049246,8080,19,8099
2022-05-11 09:56:26.044545,2498,33,2531
2022-05-11 09:56:27.052472,3434,94,3528
2022-05-11 09:56:28.059994,263,18,281
2022-05-11 09:56:29.065323,5789,15,5804
2022-05-11 09:56:30.074436,7548,117,7665
2022-05-11 09:56:31.081100,661,147,808
2022-05-11 09:56:32.089247,4191,106,4297
2022-05-11 09:56:33.101762,7682,141,7823
2022-05-11 09:56:34.119274,3079,56,3135
2022-05-11 09:56:35.118272,4213,65,4278
2022-05-11 09:56:36.121716,8581,148,8729
2022-05-11 09:56:37.129673,4410,101,4511
2022-05-11 09:56:38.141201,4602,106,4708
2022-05-11 09:56:39.144937,1797,53,1850
2022-05-11 09:56:40.152917,6807,111,6918
2022-05-11 09:56:41.161914,2793,74,2867
2022-05-11 09:56:42.171982,5509,79,5588
2022-05-11 09:56:43.179088,3219,17,3236
2022-05-11 09:56:44.186224,7794,110,7904
2022-05-11 09:56:45.198391,5836,142,5978
2022-05-11 09:56:46.203126,4814,148,4962
2022-05-11 09:56:47.211767,7078,139,7217
2022-05-11 09:56:48.213973,6264,57,6321
2022-05-11 09:56:49.222376,6638,67,6705
2022-05-11 09:56:50.231567,5106,99,5205
2022-05-11 09:56:51.233831,8413,98,8511
2022-05-11 09:56:52.250701,4741,103,4844
2022-05-11 09:56:53.255096,5734,28,5762
2022-05-11 09:56:54.265691,7968,128,8096
2022-05-11 09:56:55.279435,5677,129,5806
2022-05-11 09:56:56.288136,2677,143,2820
2022-05-11 09:56:57.293923,3372,60,3432
2022-05-11 09:56:58.296368,8456,35,8491
2022-05-11 09:56:59.305883,4957,143,5100
2022-05-11 09:57:01.311723,5263,18,5281
2022-05-11 09:57:02.323882,4204,148,4352
2022-05-11 09:57:03.327291,5882,140,6022
2022-05-11 09:57:04.329649,2904,58,2962
2022-05-11 09:57:05.339282,3070,24,3094
2022-05-11 09:57:06.343683,5071,138,5209
2022-05-11 09:57:07.355582,4734,15,4749
2022-05-11 09:57:08.361845,1139,85,1224
2022-05-11 09:57:09.373402,7331,12,7343
2022-05-11 09:57:10.376790,8333,124,8457
2022-05-11 09:57:11.385131,405,34,439
2022-05-11 09:57:12.395343,2291,23,2314
2022-05-11 09:57:13.402500,603,50,653
2022-05-11 09:57:14.410464,4205,122,4327
2022-05-11 09:57:15.408133,926,77,1003
2022-05-11 09:57:16.421584,6517,118,6635
2022-05-11 09:57:17.424952,1081,118,1199
2022-05-11 09:57:18.433462,8447,12,8459
2022-05-11 09:57:19.442464,4668,105,4773
2022-05-11 09:57:20.445603,5350,144,5494
2022-05-11 09:57:21.453954,1091,83,1174
2022-05-11 09:57:22.462135,3688,123,3811
2022-05-11 09:57:23.470402,5362,114,5476
2022-05-11 09:57:24.478147,5729,87,5816
2022-05-11 09:57:25.489939,4504,82,4586
2022-05-11 09:57:26.494560,4738,76,4814
2022-05-11 09:57:27.496274,1410,24,1434
2022-05-11 09:57:28.506158,5630,133,5763
2022-05-11 09:57:29.514118,118,82,200
2022-05-11 09:57:30.514187,1279,110,1389
2022-05-11 09:57:31.522947,1400,122,1522
2022-05-11 09:57:32.530876,2610,103,2713
2022-05-11 09:57:33.538736,3317,138,3455
2022-05-11 09:57:34.539900,7291,66,7357
2022-05-11 09:57:35.535886,6939,120,7059
2022-05-11 09:57:36.554249,6810,101,6911
2022-05-11 09:57:37.554641,4450,79,4529
2022-05-11 09:57:38.564757,5481,90,5571
2022-05-11 09:57:39.571057,5705,106,5811
2022-05-11 09:57:40.579945,2656,83,2739
2022-05-11 09:57:41.576566,3422,96,3518
2022-05-11 09:57:42.590970,162,38,200
2022-05-11 09:57:44.596873,8392,46,8438
2022-05-11 09:57:45.606753,8409,137,8546
2022-05-11 09:57:46.613341,713,79,792
2022-05-11 09:57:47.622423,6633,60,6693
2022-05-11 09:57:48.633587,4198,73,4271
2022-05-11 09:57:49.642084,3589,36,3625
2022-05-11 09:57:50.634137,1390,51,1441
2022-05-11 09:57:51.649739,7179,147,7326
2022-05-11 09:57:52.653759,1235,89,1324
2022-05-11 09:57:53.658174,8908,15,8923
2022-05-11 09:57:54.666702,3448,8,3456
2022-05-11 09:57:55.675201,4748,61,4809
2022-05-11 09:57:56.683129,7065,110,7175
2022-05-11 09:57:57.690756,7424,144,7568
2022-05-11 09:57:58.698465,8571,82,8653
2022-05-11 09:57:59.709506,8397,117,8514
2022-05-11 09:58:01.725209,1346,82,1428
2022-05-11 09:58:02.729524,3301,114,3415
2022-05-11 09:58:03.730954,8103,146,8249
2022-05-11 09:58:04.741940,5670,59,5729
2022-05-11 09:58:05.741051,4040,147,4187
2022-05-11 09:58:06.751187,2072,123,2195
2022-05-11 09:58:07.760452,6885,27,6912
2022-05-11 09:58:08.764553,1783,82,1865
2022-05-11 09:58:09.778798,581,143,724
2022-05-11 09:58:10.778681,8870,123,8993
2022-05-11 09:58:11.783174,7064,44,7108
2022-05-11 09:58:12.789525,6282,58,6340
2022-05-11 09:58:13.799535,432,41,473
2022-05-11 09:58:14.804652,3377,28,3405
2022-05-11 09:58:15.810454,3371,86,3457
2022-05-11 09:58:16.813707,5587,38,5625
2022-05-11 09:58:17.820309,3321,121,3442
2022-05-11 09:58:18.825095,5575,19,5594
2022-05-11 09:58:19.829705,1344,63,1407
2022-05-11 09:58:20.836135,6091,1,6092
2022-05-11 09:58:21.847313,1893,30,1923
2022-05-11 09:58:22.848336,6944,132,7076
2022-05-11 09:58:23.851524,5844,39,5883
2022-05-11 09:58:24.865686,381,61,442
2022-05-11 09:58:25.871749,2386,95,2481
2022-05-11 09:58:26.873530,3589,8,3597
2022-05-11 09:58:27.883766,7830,50,7880
2022-05-11 09:58:28.889678,6206,148,6354
2022-05-11 09:58:29.896852,477,133,610
2022-05-11 09:58:30.906324,762,9,771
2022-05-11 09:58:31.912293,5601,50,5651
2022-05-11 09:58:33.923575,2933,28,2961
2022-05-11 09:58:34.929689,7050,30,7080
2022-05-11 09:58:35.938007,2472,61,2533
2022-05-11 09:58:36.946286,4840,65,4905
2022-05-11 09:58:37.954886,528,36,564
2022-05-11 09:58:38.960672,8308,140,8448
2022-05-11 09:58:39.969005,914,39,953
2022-05-11 09:58:40.976336,203,99,302
2022-05-11 09:58:41.984610,3293,5,3298
2022-05-11 09:58:42.993962,3000,127,3127
2022-05-11 09:58:43.998889,5661,114,5775
2022-05-11 09:58:45.001448,6064,77,6141
2022-05-11 09:58:46.012743,7526,139,7665
2022-05-11 09:58:47.020567,83,4,87
2022-05-11 09:58:48.028323,4035,27,4062
2022-05-11 09:58:49.033669,5227,142,5369
2022-05-11 09:58:50.040683,4891,62,4953
2022-05-11 09:58:51.048368,8873,133,9006
2022-05-11 09:58:52.045697,2227,32,2259
2022-05-11 09:58:53.059642,3348,72,3420
2022-05-11 09:58:54.067363,6010,145,6155
2022-05-11 09:58:55.065920,3718,57,3775
2022-05-11 09:58:56.083229,7559,10,7569
2022-05-11 09:58:57.088355,1571,11,1582
2022-05-11 09:58:58.097367,4642,70,4712
2022-05-11 09:58:59.106720,8118,24,8142
2022-05-11 09:59:00.115801,6687,22,6709
2022-05-11 09:59:01.121772,4075,15,4090
2022-05-11 09:59:02.125914,1603,20,1623
2022-05-11 09:59:03.129568,2036,135,2171
2022-05-11 09:59:04.134267,4771,120,4891
2022-05-11 09:59:05.135328,1006,137,1143
2022-05-11 09:59:06.137182,5512,7,5519
2022-05-11 09:59:07.140312,738,17,755
2022-05-11 09:59:08.155559,6651,81,6732
2022-05-11 09:59:09.162593,1396,34,1430
2022-05-11 09:59:10.161431,7168,81,7249
2022-05-11 09:59:11.168112,4753,63,4816
2022-05-11 09:59:12.173121,449,32,481
2022-05-11 09:59:13.179125,4298,123,4421
2022-05-11 09:59:14.188193,5952,106,6058
2022-05-11 09:59:15.193092,7572,144,7716
2022-05-11 09:59:16.202035,3566,68,3634
2022-05-11 09:59:17.209916,2081,142,2223
2022-05-11 09:59:18.219953,4654,145,4799
2022-05-11 09:59:19.227609,4344,144,4488
2022-05-11 09:59:20.234774,4838,92,4930
2022-05-11 09:59:21.235144,681,89,770
2022-05-11 09:59:22.239837,7038,25,7063
2022-05-11 09:59:23.248074,3117,1,3118
2022-05-11 09:59:24.257044,2971,130,3101
2022-05-11 09:59:25.265412,386,115,501
2022-05-11 09:59:26.265221,3789,78,3867
2022-05-11 09:59:27.280955,7563,128,7691
2022-05-11 09:59:28.282769,1664,41,1705
2022-05-11 09:59:29.290833,7466,107,7573
2022-05-11 09:59:30.298369,3823,20,3843
2022-05-11 09:59:31.304084,4262,60,4322
2022-05-11 09:59:32.311782,4632,128,4760
2022-05-11 09:59:33.316635,3269,101,3370
2022-05-11 09:59:34.327514,1960,30,1990
2022-05-11 09:59:35.334394,2043,106,2149
2022-05-11 09:59:36.336218,272,120,392
2022-05-11 09:59:37.347541,8334,40,8374
2022-05-11 09:59:38.355465,5447,41,5488
2022-05-11 09:59:39.360653,2763,73,2836
2022-05-11 09:59:40.369191,902,116,1018
2022-05-11 09:59:41.369811,6255,20,6275
2022-05-11 09:59:42.382224,110,53,163
2022-05-11 09:59:43.383664,8476,94,8570
2022-05-11 09:59:44.394230,1934,59,1993
2022-05-11 09:59:45.404221,2001,58,2059
2022-05-11 09:59:46.412690,4877,124,5001
2022-05-11 09:59:47.424085,7257,78,7335
2022-05-11 09:59:48.423252,8762,144,8906
2022-05-11 09:59:49.426720,413,12,425
2022-05-11 09:59:50.427855,4291,6,4297
2022-05-11 09:59:51.432856,8488,48,8536
2022-05-11 09:59:52.441865,6873,104,6977
2022-05-11 09:59:53.456497,6401,107,6508
2022-05-11 09:59:54.459445,952,98,1050
2022-05-11 09:59:55.464063,1464,47,1511
2022-05-11 09:59:56.474826,2073,29,2102
2022-05-11 09:59:57.483239,5101,37,5138
2022-05-11 09:59:58.490374,3791,67,3858
2022-05-11 09:59:59.495673,5659,76,5735
2022-05-11 10:00:00.505280,6809,89,6898
2022-05-11 10:00:01.507553,7377,78,7455
2022-05-11 10:00:02.519622,4725,104,4829
2022-05-11 10:00:03.523466,3152,47,3199
2022-05-11 10:00:04.536159,4006,21,4027
2022-05-11 10:00:05.535187,846,142,988
2022-05-11 10:00:06.546284,2228,19,2247
2022-05-11 10:00:07.544588,5664,32,5696
2022-05-11 10:00:08.542590,3112,54,3166
2022-05-11 10:00:09.565401,6520,148,6668
2022-05-11 10:00:10.567874,5100,16,5116
2022-05-11 10:00:11.574011,5342,83,5425
2022-05-11 10:00:12.582697,757,13,770
2022-05-11 10:00:13.587456,1779,16,1795
2022-05-11 10:00:14.593171,3617,134,3751
2022-05-11 10:00:15.600580,1182,54,1236
2022-05-11 10:00:16.604695,7432,147,7579
2022-05-11 10:00:17.613582,6256,93,6349
2022-05-11 10:00:18.621074,7530,135,7665
2022-05-11 10:00:19.627548,4904,71,4975
2022-05-11 10:00:20.636282,8820,143,8963
2022-05-11 10:00:21.640684,3812,26,3838
2022-05-11 10:00:22.648286,6952,82,7034
2022-05-11 10:00:23.642302,5201,32,5233
2022-05-11 10:00:24.655995,1779,50,1829
2022-05-11 10:00:25.658029,6739,35,6774
2022-05-11 10:00:26.671277,95,74,169
2022-05-11 10:00:27.679089,8436,20,8456
2022-05-11 10:00:28.677310,5234,7,5241
2022-05-11 10:00:29.689122,1934,118,2052
2022-05-11 10:00:30.696706,8339,135,8474
2022-05-11 10:00:31.709257,91,123,214
2022-05-11 10:00:32.714606,3560,86,3646
2022-05-11 10:00:33.724684,7312,51,7363
2022-05-11 10:00:34.732870,1437,44,1481
2022-05-11 10:00:35.737989,2375,91,2466
2022-05-11 10:00:36.737038,3923,59,3982
2022-05-11 10:00:37.747721,5262,116,5378
2022-05-11 10:00:38.743708,1233,51,1284
2022-05-11 10:00:39.753977,3929,138,4067
2022-05-11 10:00:40.759991,3049,78,3127
2022-05-11 10:00:41.765860,7049,124,7173
2022-05-11 10:00:42.768863,5010,57,5067
2022-05-11 10:00:43.772729,1656,75,1731
2022-05-11 10:00:44.781250,8855,52,8907
2022-05-11 10:00:45.783927,7083,14,7097
2022-05-11 10:00:46.793752,7589,76,7665
2022-05-11 10:00:47.792817,7005,88,7093
2022-05-11 10:00:48.791131,8552,37,8589
2022-05-11 10:00:49.803319,1932,40,1972
2022-05-11 10:00:50.815451,7899,46,7945
2022-05-11 10:00:51.824546,4797,100,4897
2022-05-11 10:00:52.829581,6649,115,6764
2022-05-11 10:00:53.842681,2761,129,2890
2022-05-11 10:00:54.852464,4643,20,4663
2022-05-11 10:00:55.855832,8546,80,8626
2022-05-11 10:00:56.860588,3007,124,3131
2022-05-11 10:00:57.870444,3672,65,3737
2022-05-11 10:00:58.876028,3045,145,3190
2022-05-11 10:00:59.883593,7145,20,7165
2022-05-11 10:01:00.888461,803,30,833
2022-05-11 10:01:01.899502,4029,93,4122
2022-05-11 10:01:02.911624,2507,127,2634
2022-05-11 10:01:03.917180,7895,141,8036
2022-05-11 10:01:04.923901,383,110,493
2022-05-11 10:01:05.932688,4652,80,4732
2022-05-11 10:01:06.943220,3978,2,3980
2022-05-11 10:01:07.953445,5311,17,5328
2022-05-11 10:01:08.953388,6415,36,6451
2022-05-11 10:01:09.964260,61,93,154
2022-05-11 10:01:10.967885,3091,38,3129
2022-05-11 10:01:11.979522,7109,56,7165
2022-05-11 10:01:12.984280,3686,108,3794
2022-05-11 10:01:13.992166,1180,38,1218
2022-05-11 10:01:15.000328,8492,3,8495
2022-05-11 10:01:16.005833,8951,49,9000
2022-05-11 10:01:18.019171,2343,19,2362
2022-05-11 10:01:19.024548,5198,15,5213
2022-05-11 10:01:20.031655,8684,25,8709
2022-05-11 10:01:21.037874,8392,44,8436
2022-05-11 10:01:22.045289,8130,106,8236
2022-05-11 10:01:23.055161,3839,58,3897
2022-05-11 10:01:24.054108,1742,149,1891
2022-05-11 10:01:25.062059,4111,108,4219
2022-05-11 10:01:26.068490,8211,104,8315
2022-05-11 10:01:27.074101,4554,79,4633
2022-05-11 10:01:28.078115,3086,64,3150
2022-05-11 10:01:29.076198,8020,13,8033
2022-05-11 10:01:30.084001,3782,146,3928
2022-05-11 10:01:31.089749,5285,98,5383
2022-05-11 10:01:32.095987,3489,105,3594
2022-05-11 10:01:33.104492,2339,51,2390
2022-05-11 10:01:34.112345,6661,107,6768
2022-05-11 10:01:35.112399,5941,10,5951
2022-05-11 10:01:36.113913,8801,134,8935
2022-05-11 10:01:37.125761,1569,7,1576
2022-05-11 10:01:38.131505,2276,97,2373
2022-05-11 10:01:39.139300,3860,127,3987
2022-05-11 10:01:40.135324,5613,11,5624
2022-05-11 10:01:41.145158,732,21,753
2022-05-11 10:01:42.140710,5749,120,5869
2022-05-11 10:01:43.154140,1658,68,1726
2022-05-11 10:01:44.161421,8058,139,8197
2022-05-11 10:01:45.161019,3858,150,4008
2022-05-11 10:01:46.165360,5326,35,5361
2022-05-11 10:01:47.170847,2925,126,3051
2022-05-11 10:01:48.180060,5411,52,5463
2022-05-11 10:01:49.183229,741,26,767
2022-05-11 10:01:50.193362,7240,92,7332
2022-05-11 10:01:51.206417,538,7,545
2022-05-11 10:01:52.212181,8832,118,8950
2022-05-11 10:01:53.222189,6288,34,6322
2022-05-11 10:01:54.234359,5861,130,5991
2022-05-11 10:01:55.225210,209,106,315
2022-05-11 10:01:56.239938,496,5,501
2022-05-11 10:01:57.247308,8306,34,8340
2022-05-11 10:01:58.254566,4520,144,4664
2022-05-11 10:01:59.262649,3140,25,3165
2022-05-11 10:02:00.271353,3014,22,3036
2022-05-11 10:02:01.275304,6457,120,6577
2022-05-11 10:02:02.288337,8216,79,8295
2022-05-11 10:02:03.292258,3964,73,4037
2022-05-11 10:02:04.299811,5920,8,5928
2022-05-11 10:02:05.303770,3334,103,3437
2022-05-11 10:02:06.305427,655,18,673
2022-05-11 10:02:07.314521,4948,115,5063
2022-05-11 10:02:08.322637,8496,72,8568
2022-05-11 10:02:09.330551,6336,34,6370
2022-05-11 10:02:10.335207,3657,138,3795
2022-05-11 10:02:11.344174,5077,148,5225
2022-05-11 10:02:12.348177,3374,78,3452
2022-05-11 10:02:13.359696,3923,103,4026
2022-05-11 10:02:14.368266,6878,11,6889
2022-05-11 10:02:15.375407,1332,77,1409
2022-05-11 10:02:16.384561,4516,121,4637
2022-05-11 10:02:17.393729,8963,110,9073
2022-05-11 10:02:18.397327,67,106,173
2022-05-11 10:02:19.400833,2625,79,2704
2022-05-11 10:02:20.407542,1123,79,1202
2022-05-11 10:02:21.405501,2128,17,2145
2022-05-11 10:02:22.423356,25,30,55
2022-05-11 10:02:23.426721,3108,117,3225
2022-05-11 10:02:24.432663,3027,9,3036
2022-05-11 10:02:25.444754,8210,72,8282
2022-05-11 10:02:26.450758,5397,149,5546
2022-05-11 10:02:27.457635,8683,128,8811
2022-05-11 10:02:28.462590,7620,58,7678
2022-05-11 10:02:29.468858,8215,8,8223
2022-05-11 10:02:30.477444,4477,131,4608
2022-05-11 10:02:31.488364,7620,53,7673
2022-05-11 10:02:32.490735,4616,124,4740
2022-05-11 10:02:33.498216,6520,21,6541
2022-05-11 10:02:34.507234,6373,119,6492
2022-05-11 10:02:35.518472,4358,35,4393
2022-05-11 10:02:36.528014,8456,57,8513
2022-05-11 10:02:37.537014,7773,50,7823
2022-05-11 10:02:38.546572,7852,19,7871
2022-05-11 10:02:39.552930,430,135,565
2022-05-11 10:02:40.561598,6001,125,6126
2022-05-11 10:02:41.568099,6265,49,6314
2022-05-11 10:02:42.574944,5927,20,5947
2022-05-11 10:02:43.585795,4419,59,4478
2022-05-11 10:02:44.596405,7444,106,7550
2022-05-11 10:02:45.601414,7026,136,7162
2022-05-11 10:02:46.607566,8007,34,8041
2022-05-11 10:02:47.614759,6602,88,6690
2022-05-11 10:02:48.621826,8280,50,8330
2022-05-11 10:02:49.627090,2945,28,2973
2022-05-11 10:02:50.635650,3281,45,3326
2022-05-11 10:02:51.644912,5090,148,5238
2022-05-11 10:02:52.652925,4368,99,4467
2022-05-11 10:02:53.659150,7780,43,7823
2022-05-11 10:02:54.667136,1002,2,1004
2022-05-11 10:02:55.673475,3318,113,3431
2022-05-11 10:02:56.680785,4833,102,4935
2022-05-11 10:02:57.684665,2150,2,2152
2022-05-11 10:02:58.690402,758,60,818
2022-05-11 10:02:59.700477,6570,1,6571
2022-05-11 10:03:00.706469,7856,92,7948
2022-05-11 10:03:01.711879,5018,149,5167
2022-05-11 10:03:02.723791,7859,149,8008
2022-05-11 10:03:03.723674,6171,89,6260
2022-05-11 10:03:04.731447,6450,117,6567
2022-05-11 10:03:05.743757,5571,132,5703
2022-05-11 10:03:06.751169,4501,84,4585
2022-05-11 10:03:07.759068,1489,121,1610
2022-05-11 10:03:08.762809,3161,85,3246
2022-05-11 10:03:09.771117,4983,136,5119
2022-05-11 10:03:10.771756,4550,12,4562
2022-05-11 10:03:11.770795,5402,99,5501
2022-05-11 10:03:12.787792,1374,49,1423
2022-05-11 10:03:13.796676,7233,5,7238
2022-05-11 10:03:14.805159,6410,32,6442
2022-05-11 10:03:15.809742,6779,103,6882
2022-05-11 10:03:16.812404,4821,55,4876
2022-05-11 10:03:17.826517,5246,79,5325
2022-05-11 10:03:18.826800,2159,11,2170
2022-05-11 10:03:19.837808,3882,79,3961
2022-05-11 10:03:20.845366,7325,35,7360
2022-05-11 10:03:21.850706,1386,1,1387
2022-05-11 10:03:22.857573,7317,10,7327
2022-05-11 10:03:23.862787,4056,80,4136
2022-05-11 10:03:24.871846,7845,118,7963
2022-05-11 10:03:25.876840,1556,30,1586
2022-05-11 10:03:26.869403,4196,85,4281
2022-05-11 10:03:27.885644,8133,90,8223
2022-05-11 10:03:28.884208,8739,56,8795
2022-05-11 10:03:29.896372,598,96,694
2022-05-11 10:03:30.901375,612,123,735
2022-05-11 10:03:31.907116,8612,77,8689
2022-05-11 10:03:32.914258,5652,3,5655
2022-05-11 10:03:33.920945,1962,35,1997
2022-05-11 10:03:34.928206,3756,82,3838
2022-05-11 10:03:35.936739,11,81,92
2022-05-11 10:03:36.947123,236,91,327
2022-05-11 10:03:37.946663,5572,57,5629
2022-05-11 10:03:38.952421,1130,10,1140
2022-05-11 10:03:39.953745,3705,113,3818
2022-05-11 10:03:40.969059,2843,74,2917
2022-05-11 10:03:41.964165,3560,38,3598
2022-05-11 10:03:42.978452,4725,97,4822
2022-05-11 10:03:43.985325,912,130,1042
2022-05-11 10:03:44.988402,8069,100,8169
2022-05-11 10:03:46.001218,5454,73,5527
2022-05-11 10:03:47.010230,6152,29,6181
2022-05-11 10:03:48.016642,1240,117,1357
2022-05-11 10:03:49.011591,7965,134,8099
2022-05-11 10:03:50.026759,381,51,432
2022-05-11 10:03:51.032598,4000,94,4094
2022-05-11 10:03:52.043362,8440,85,8525
2022-05-11 10:03:53.051895,5161,54,5215
2022-05-11 10:03:54.062553,1546,114,1660
2022-05-11 10:03:55.071089,3333,59,3392
2022-05-11 10:03:56.079256,8075,96,8171
2022-05-11 10:03:57.084674,1997,39,2036
2022-05-11 10:03:58.093259,2846,65,2911
2022-05-11 10:03:59.101847,6121,115,6236
2022-05-11 10:04:00.106648,4260,10,4270
2022-05-11 10:04:01.110218,8006,29,8035
2022-05-11 10:04:02.118226,5836,48,5884
2022-05-11 10:04:03.125667,3820,112,3932
2022-05-11 10:04:04.130583,5856,39,5895
2022-05-11 10:04:05.134927,7360,50,7410
2022-05-11 10:04:06.144033,7254,90,7344
2022-05-11 10:04:07.147640,8330,112,8442
2022-05-11 10:04:08.156663,1508,41,1549
2022-05-11 10:04:09.162324,6350,9,6359
2022-05-11 10:04:10.165021,5533,13,5546
2022-05-11 10:04:11.171255,1904,17,1921
2022-05-11 10:04:12.177291,3276,48,3324
2022-05-11 10:04:13.190162,3364,24,3388
2022-05-11 10:04:14.199900,4425,137,4562
2022-05-11 10:04:15.202015,7200,141,7341
2022-05-11 10:04:16.207265,2364,118,2482
2022-05-11 10:04:17.214395,1815,63,1878
2022-05-11 10:04:18.225151,3509,39,3548
2022-05-11 10:04:19.230303,4968,78,5046
2022-05-11 10:04:20.236063,3469,26,3495
2022-05-11 10:04:21.241659,7294,71,7365
2022-05-11 10:04:22.248018,942,55,997
2022-05-11 10:04:23.258894,559,3,562
2022-05-11 10:04:24.262391,1892,93,1985
2022-05-11 10:04:25.268186,6590,106,6696
2022-05-11 10:04:26.279504,1020,109,1129
2022-05-11 10:04:27.284950,4062,103,4165
2022-05-11 10:04:28.289157,3203,104,3307
2022-05-11 10:04:29.301192,3182,52,3234
2022-05-11 10:04:30.300705,1225,47,1272
2022-05-11 10:04:31.305950,1584,71,1655
2022-05-11 10:04:32.314723,501,134,635
2022-05-11 10:04:33.320480,3086,58,3144
2022-05-11 10:04:34.326668,7759,96,7855
2022-05-11 10:04:35.331588,1322,148,1470
2022-05-11 10:04:36.336129,6494,88,6582
2022-05-11 10:04:37.343680,797,65,862
2022-05-11 10:04:38.351520,4781,113,4894
2022-05-11 10:04:39.359623,7833,28,7861
2022-05-11 10:04:40.358910,7090,5,7095
2022-05-11 10:04:41.375709,8726,132,8858
2022-05-11 10:04:42.363682,8648,107,8755
2022-05-11 10:04:43.370090,213,69,282
2022-05-11 10:04:44.385137,4396,149,4545
2022-05-11 10:04:45.389097,6479,26,6505
2022-05-11 10:04:46.402737,407,45,452
2022-05-11 10:04:47.411809,4470,109,4579
2022-05-11 10:04:48.418843,8742,21,8763
2022-05-11 10:04:49.423787,5341,21,5362
2022-05-11 10:04:50.428195,2525,131,2656
2022-05-11 10:04:51.436913,6287,27,6314
2022-05-11 10:04:52.440904,2190,110,2300
2022-05-11 10:04:53.443420,5226,59,5285
2022-05-11 10:04:54.449931,358,46,404
2022-05-11 10:04:55.459535,5894,42,5936
2022-05-11 10:04:56.467823,2802,71,2873
2022-05-11 10:04:57.479727,5558,88,5646
2022-05-11 10:04:58.471247,5015,90,5105
2022-05-11 10:04:59.486896,5413,12,5425
2022-05-11 10:05:00.493853,795,5,800
2022-05-11 10:05:01.501874,3791,127,3918
2022-05-11 10:05:02.513478,2889,83,2972
2022-05-11 10:05:03.517854,2515,72,2587
2022-05-11 10:05:04.524185,7411,107,7518
2022-05-11 10:05:05.533511,3608,88,3696
2022-05-11 10:05:06.545949,3706,25,3731
2022-05-11 10:05:07.551408,4337,109,4446
2022-05-11 10:05:08.553572,3824,14,3838
2022-05-11 10:05:09.564177,8170,100,8270
2022-05-11 10:05:10.568849,6913,79,6992
2022-05-11 10:05:11.578376,8272,123,8395
2022-05-11 10:05:12.587689,6441,49,6490
2022-05-11 10:05:13.580632,8569,52,8621
2022-05-11 10:05:14.597818,4337,125,4462
2022-05-11 10:05:15.603693,7993,143,8136
2022-05-11 10:05:16.610768,5105,43,5148
2022-05-11 10:05:17.619475,5999,149,6148
2022-05-11 10:05:18.626560,8231,71,8302
2022-05-11 10:05:19.634003,128,9,137
2022-05-11 10:05:20.644883,2846,109,2955
2022-05-11 10:05:21.644757,6386,89,6475
2022-05-11 10:05:22.655324,6160,134,6294
2022-05-11 10:05:23.661217,7216,42,7258
2022-05-11 10:05:24.669411,2917,142,3059
2022-05-11 10:05:25.675747,675,146,821
2022-05-11 10:05:26.686736,7177,54,7231
2022-05-11 10:05:27.697500,987,90,1077
2022-05-11 10:05:28.704920,5773,96,5869
2022-05-11 10:05:29.711237,5068,65,5133
2022-05-11 10:05:30.717773,3203,123,3326
2022-05-11 10:05:31.725006,1378,71,1449
2022-05-11 10:05:32.735066,2544,107,2651
2022-05-11 10:05:33.737126,4403,132,4535
2022-05-11 10:05:34.748969,4590,104,4694
2022-05-11 10:05:35.752158,4412,122,4534
2022-05-11 10:05:36.762536,8771,144,8915
2022-05-11 10:05:37.771596,729,113,842
2022-05-11 10:05:38.776275,7510,92,7602
2022-05-11 10:05:39.780123,2742,84,2826
2022-05-11 10:05:40.786830,890,131,1021
2022-05-11 10:05:41.794277,1850,137,1987
2022-05-11 10:05:42.805174,8445,120,8565
2022-05-11 10:05:43.812936,4142,95,4237
2022-05-11 10:05:44.821421,197,43,240
2022-05-11 10:05:45.826545,7262,120,7382
2022-05-11 10:05:46.831474,7030,110,7140
2022-05-11 10:05:47.836885,6623,124,6747
2022-05-11 10:05:48.842631,8343,30,8373
2022-05-11 10:05:49.849826,4952,18,4970
2022-05-11 10:05:50.853776,4022,100,4122
2022-05-11 10:05:51.857969,7500,126,7626
2022-05-11 10:05:52.861843,6312,135,6447
2022-05-11 10:05:53.873493,6115,125,6240
2022-05-11 10:05:54.879225,2682,67,2749
2022-05-11 10:05:55.884569,7282,24,7306
2022-05-11 10:05:56.888386,8374,83,8457
2022-05-11 10:05:57.897471,2851,134,2985
2022-05-11 10:05:58.900527,8692,123,8815
2022-05-11 10:05:59.908729,1563,17,1580
2022-05-11 10:06:00.915746,2043,77,2120
2022-05-11 10:06:01.915870,6654,11,6665
2022-05-11 10:06:02.927321,1962,142,2104
2022-05-11 10:06:03.933407,8331,102,8433
2022-05-11 10:06:04.948165,6598,91,6689
2022-05-11 10:06:05.953472,2279,118,2397
2022-05-11 10:06:06.960292,1714,106,1820
2022-05-11 10:06:07.966964,6213,135,6348
2022-05-11 10:06:08.974183,4721,83,4804
2022-05-11 10:06:09.971531,57,20,77
2022-05-11 10:06:10.984084,4498,127,4625
2022-05-11 10:06:11.991251,4517,124,4641
2022-05-11 10:06:12.996766,4328,36,4364
2022-05-11 10:06:14.003605,4098,46,4144
2022-05-11 10:06:15.004137,2883,115,2998
2022-05-11 10:06:16.008678,505,3,508
2022-05-11 10:06:17.026199,2625,97,2722
2022-05-11 10:06:18.029759,3287,118,3405
2022-05-11 10:06:19.032831,6081,66,6147
2022-05-11 10:06:20.040290,3996,47,4043
2022-05-11 10:06:21.048601,3776,86,3862
2022-05-11 10:06:22.055272,4194,33,4227
2022-05-11 10:06:24.060264,5356,92,5448
2022-05-11 10:06:25.067005,4046,90,4136
2022-05-11 10:06:26.072792,7207,71,7278
2022-05-11 10:06:27.078687,739,79,818
2022-05-11 10:06:28.083646,2335,47,2382
2022-05-11 10:06:29.087130,4668,120,4788
2022-05-11 10:06:30.080842,1278,69,1347
2022-05-11 10:06:31.090331,7683,24,7707
2022-05-11 10:06:32.104624,3791,61,3852
2022-05-11 10:06:33.105103,5375,20,5395
2022-05-11 10:06:34.114948,7944,64,8008
2022-05-11 10:06:35.124370,3767,45,3812
2022-05-11 10:06:36.127882,3538,70,3608
2022-05-11 10:06:37.132565,8636,48,8684
2022-05-11 10:06:38.145333,1362,120,1482
2022-05-11 10:06:39.153967,5468,104,5572
2022-05-11 10:06:40.159192,3136,73,3209
2022-05-11 10:06:41.168321,6438,150,6588
2022-05-11 10:06:42.181692,557,94,651
2022-05-11 10:06:43.185999,4510,56,4566
2022-05-11 10:06:44.189918,5460,136,5596
2022-05-11 10:06:45.187865,6377,100,6477
2022-05-11 10:06:46.203356,7982,22,8004
2022-05-11 10:06:47.213143,3217,5,3222
2022-05-11 10:06:48.215392,4675,63,4738
2022-05-11 10:06:49.213949,7513,69,7582
2022-05-11 10:06:50.222347,7329,96,7425
2022-05-11 10:06:51.230609,956,103,1059
2022-05-11 10:06:52.243902,5841,150,5991
2022-05-11 10:06:53.243840,29,147,176
2022-05-11 10:06:54.253239,4040,122,4162
2022-05-11 10:06:55.257012,6461,127,6588
2022-05-11 10:06:56.262622,6638,96,6734
2022-05-11 10:06:57.269451,2368,144,2512
2022-05-11 10:06:58.276479,896,81,977
2022-05-11 10:06:59.283410,5128,87,5215
2022-05-11 10:07:00.293022,5600,124,5724
2022-05-11 10:07:01.289943,1744,27,1771
2022-05-11 10:07:02.301545,3335,116,3451
2022-05-11 10:07:03.313954,7012,133,7145
2022-05-11 10:07:04.323736,3808,100,3908
2022-05-11 10:07:05.334421,3057,16,3073
2022-05-11 10:07:06.333780,7463,55,7518
2022-05-11 10:07:07.346411,2993,139,3132
2022-05-11 10:07:08.349996,1605,110,1715
2022-05-11 10:07:09.356309,3938,99,4037
2022-05-11 10:07:10.367284,1273,17,1290
2022-05-11 10:07:11.375465,1477,92,1569
2022-05-11 10:07:12.381093,8482,101,8583
2022-05-11 10:07:13.389867,4203,55,4258
2022-05-11 10:07:14.401928,4305,33,4338
2022-05-11 10:07:15.411857,3553,17,3570
2022-05-11 10:07:16.421872,7438,133,7571
2022-05-11 10:07:17.431215,117,76,193
2022-05-11 10:07:18.438419,1177,39,1216
2022-05-11 10:07:19.444968,832,50,882
2022-05-11 10:07:20.453450,747,129,876
2022-05-11 10:07:21.456881,4963,88,5051
2022-05-11 10:07:22.465468,233,46,279
2022-05-11 10:07:23.475769,4506,86,4592
2022-05-11 10:07:24.482377,6451,85,6536
2022-05-11 10:07:25.488857,1374,90,1464
2022-05-11 10:07:26.494470,2410,64,2474
2022-05-11 10:07:27.497821,5240,29,5269
2022-05-11 10:07:28.507319,3712,15,3727
2022-05-11 10:07:29.515029,97,71,168
2022-05-11 10:07:30.524269,7226,7,7233
2022-05-11 10:07:31.531290,5444,36,5480
2022-05-11 10:07:32.538979,1614,96,1710
2022-05-11 10:07:33.546135,2669,129,2798
2022-05-11 10:07:34.546900,3877,12,3889
2022-05-11 10:07:35.552547,6210,101,6311
2022-05-11 10:07:36.564751,776,64,840
2022-05-11 10:07:37.569104,3192,145,3337
2022-05-11 10:07:38.575102,6462,122,6584
2022-05-11 10:07:39.580803,8414,106,8520
2022-05-11 10:07:40.589856,4038,22,4060
2022-05-11 10:07:41.596193,3579,58,3637
2022-05-11 10:07:42.596702,7161,147,7308
2022-05-11 10:07:43.611324,2722,28,2750
2022-05-11 10:07:44.618668,8236,107,8343
2022-05-11 10:07:45.623872,600,112,712
2022-05-11 10:07:46.623978,8215,47,8262
2022-05-11 10:07:47.638186,6103,147,6250
2022-05-11 10:07:48.644986,5833,30,5863
2022-05-11 10:07:49.650900,4194,67,4261
2022-05-11 10:07:50.653727,544,33,577
2022-05-11 10:07:51.664657,6289,27,6316
2022-05-11 10:07:52.673458,4913,97,5010
2022-05-11 10:07:53.679438,4471,117,4588
2022-05-11 10:07:54.686749,7638,31,7669
2022-05-11 10:07:55.693258,3799,116,3915
2022-05-11 10:07:56.703423,1339,51,1390
2022-05-11 10:07:57.708037,7135,32,7167
2022-05-11 10:07:58.714328,7330,133,7463
2022-05-11 10:07:59.720428,1221,136,1357
2022-05-11 10:08:00.725484,4131,18,4149
2022-05-11 10:08:01.718958,6452,27,6479
2022-05-11 10:08:02.733676,7591,84,7675
2022-05-11 10:08:03.741070,3691,43,3734
2022-05-11 10:08:04.745003,8932,66,8998
2022-05-11 10:08:05.752335,6125,123,6248
2022-05-11 10:08:06.757460,478,87,565
2022-05-11 10:08:07.767294,867,66,933
2022-05-11 10:08:08.776047,7781,44,7825
2022-05-11 10:08:09.784151,1901,34,1935
2022-05-11 10:08:10.794971,7753,86,7839
2022-05-11 10:08:11.798539,923,60,983
2022-05-11 10:08:12.803556,8765,49,8814
2022-05-11 10:08:13.811749,6499,50,6549
2022-05-11 10:08:14.820769,1094,64,1158
2022-05-11 10:08:15.826626,452,136,588
2022-05-11 10:08:16.819425,4572,86,4658
2022-05-11 10:08:17.839726,2620,75,2695
2022-05-11 10:08:18.844510,4313,33,4346
2022-05-11 10:08:19.852144,1841,17,1858
2022-05-11 10:08:20.858928,379,97,476
2022-05-11 10:08:21.860849,7738,50,7788
2022-05-11 10:08:22.866390,7998,60,8058
2022-05-11 10:08:23.869108,1009,109,1118
2022-05-11 10:08:24.880068,6625,84,6709
2022-05-11 10:08:25.885610,7889,110,7999
2022-05-11 10:08:26.889706,4602,150,4752
2022-05-11 10:08:27.900758,6195,81,6276
2022-05-11 10:08:28.905194,1959,56,2015
2022-05-11 10:08:29.911754,3838,64,3902
2022-05-11 10:08:30.919225,6641,16,6657
2022-05-11 10:08:31.923218,485,129,614
2022-05-11 10:08:32.933561,5056,119,5175
2022-05-11 10:08:33.940904,6700,94,6794
2022-05-11 10:08:34.945004,723,107,830
2022-05-11 10:08:35.951986,7574,144,7718
2022-05-11 10:08:36.958693,4984,13,4997
2022-05-11 10:08:37.963980,1875,59,1934
2022-05-11 10:08:38.973785,7295,37,7332
2022-05-11 10:08:39.979391,5781,108,5889
2022-05-11 10:08:40.990562,3670,129,3799
2022-05-11 10:08:41.992117,3207,9,3216
2022-05-11 10:08:43.000147,3886,30,3916
2022-05-11 10:08:44.007618,3404,134,3538
2022-05-11 10:08:45.008880,7745,42,7787
2022-05-11 10:08:46.020831,8501,112,8613
2022-05-11 10:08:47.031556,2519,145,2664
2022-05-11 10:08:48.039619,918,149,1067
2022-05-11 10:08:49.044894,2540,143,2683
2022-05-11 10:08:50.049764,5771,30,5801
2022-05-11 10:08:51.061035,367,22,389
2022-05-11 10:08:52.067957,6918,120,7038
2022-05-11 10:08:53.074760,975,121,1096
2022-05-11 10:08:54.082536,2750,90,2840
2022-05-11 10:08:55.093947,3281,60,3341
2022-05-11 10:08:56.099557,451,71,522
2022-05-11 10:08:57.105005,8712,131,8843
2022-05-11 10:08:58.113633,5000,46,5046
2022-05-11 10:08:59.120340,8023,45,8068
2022-05-11 10:09:00.124535,5789,79,5868
2022-05-11 10:09:01.137153,789,145,934
2022-05-11 10:09:02.143385,4109,87,4196
2022-05-11 10:09:03.148632,5808,51,5859
2022-05-11 10:09:04.157873,8206,123,8329
2022-05-11 10:09:05.165761,8150,8,8158
2022-05-11 10:09:06.176027,4823,89,4912
2022-05-11 10:09:07.179767,7035,149,7184
2022-05-11 10:09:08.186217,5508,108,5616
2022-05-11 10:09:09.192941,7386,136,7522
2022-05-11 10:09:10.197811,8682,4,8686
2022-05-11 10:09:11.206757,5312,77,5389
2022-05-11 10:09:12.213237,3413,37,3450
2022-05-11 10:09:13.223169,527,34,561
2022-05-11 10:09:14.231923,2073,56,2129
2022-05-11 10:09:15.237873,4961,140,5101
2022-05-11 10:09:16.249124,8390,109,8499
2022-05-11 10:09:17.258574,2249,68,2317
2022-05-11 10:09:18.263145,7408,30,7438
2022-05-11 10:09:19.270150,1225,68,1293
2022-05-11 10:09:20.280071,812,142,954
2022-05-11 10:09:21.284057,2649,9,2658
2022-05-11 10:09:22.291699,3823,73,3896
2022-05-11 10:09:23.296451,826,100,926
2022-05-11 10:09:24.302197,6539,10,6549
2022-05-11 10:09:25.314921,1458,63,1521
2022-05-11 10:09:26.321465,798,146,944
2022-05-11 10:09:27.330167,6141,45,6186
2022-05-11 10:09:28.333394,2589,125,2714
2022-05-11 10:09:29.341446,1648,11,1659
2022-05-11 10:09:30.344695,4829,139,4968
2022-05-11 10:09:31.357088,2811,111,2922
2022-05-11 10:09:32.367119,4003,102,4105
2022-05-11 10:09:33.359607,3140,92,3232
2022-05-11 10:09:34.373548,3591,4,3595
2022-05-11 10:09:35.379088,5771,100,5871
2022-05-11 10:09:36.389643,8150,84,8234
2022-05-11 10:09:37.385763,4292,106,4398
2022-05-11 10:09:38.397707,2577,73,2650
2022-05-11 10:09:39.405612,2998,68,3066
2022-05-11 10:09:40.408931,6674,98,6772
2022-05-11 10:09:41.422791,6656,107,6763
2022-05-11 10:09:42.432660,254,94,348
2022-05-11 10:09:43.434361,6228,106,6334
2022-05-11 10:09:44.446598,7315,108,7423
2022-05-11 10:09:45.450055,8423,33,8456
2022-05-11 10:09:46.465141,4963,77,5040
2022-05-11 10:09:47.467781,5678,28,5706
2022-05-11 10:09:48.461288,1860,58,1918
2022-05-11 10:09:49.476707,2166,123,2289
2022-05-11 10:09:50.485995,7249,74,7323
2022-05-11 10:09:51.485046,3735,122,3857
2022-05-11 10:09:52.490820,3529,97,3626
2022-05-11 10:09:53.502205,8793,9,8802
2022-05-11 10:09:54.508807,6873,120,6993
2022-05-11 10:09:55.512698,7045,95,7140
2022-05-11 10:09:56.523579,3762,30,3792
2022-05-11 10:09:57.526476,5583,82,5665
2022-05-11 10:09:58.530776,7792,92,7884
2022-05-11 10:09:59.533040,8258,13,8271
2022-05-11 10:10:00.546475,2671,71,2742
2022-05-11 10:10:01.550639,3600,91,3691
2022-05-11 10:10:02.562368,902,77,979
2022-05-11 10:10:03.565982,1445,134,1579
2022-05-11 10:10:04.580213,3760,64,3824
2022-05-11 10:10:05.586307,1950,4,1954
2022-05-11 10:10:06.591233,6063,66,6129
2022-05-11 10:10:07.598544,7305,146,7451
2022-05-11 10:10:08.597755,3137,57,3194
2022-05-11 10:10:09.606556,5811,32,5843
2022-05-11 10:10:10.616181,3251,31,3282
2022-05-11 10:10:11.626631,5271,78,5349
2022-05-11 10:10:12.633146,3309,132,3441
2022-05-11 10:10:13.641798,8526,101,8627
2022-05-11 10:10:14.656300,417,114,531
2022-05-11 10:10:15.659232,5254,111,5365
2022-05-11 10:10:16.665792,845,150,995
2022-05-11 10:10:17.667516,558,112,670
2022-05-11 10:10:18.674742,4734,134,4868
2022-05-11 10:10:19.682142,5281,20,5301
2022-05-11 10:10:20.683936,3292,95,3387
2022-05-11 10:10:21.697115,2838,91,2929
2022-05-11 10:10:22.704400,7907,110,8017
2022-05-11 10:10:23.710741,4508,80,4588
2022-05-11 10:10:24.718520,2828,50,2878
2022-05-11 10:10:25.723622,5040,11,5051
2022-05-11 10:10:26.729558,1754,105,1859
2022-05-11 10:10:27.734036,7096,149,7245
2022-05-11 10:10:28.743570,6606,91,6697
2022-05-11 10:10:29.753312,5874,73,5947
2022-05-11 10:10:30.754840,8159,120,8279
2022-05-11 10:10:31.761266,2339,48,2387
2022-05-11 10:10:32.767759,4785,147,4932
2022-05-11 10:10:33.778709,176,144,320
2022-05-11 10:10:34.783986,6852,97,6949
2022-05-11 10:10:35.792828,5813,127,5940
2022-05-11 10:10:36.796771,4639,135,4774
2022-05-11 10:10:37.803673,40,68,108
2022-05-11 10:10:38.812526,7424,143,7567
2022-05-11 10:10:39.815866,8717,92,8809
2022-05-11 10:10:40.827307,5124,62,5186
2022-05-11 10:10:41.832700,1050,130,1180
2022-05-11 10:10:42.842112,8656,1,8657
2022-05-11 10:10:43.846337,8640,10,8650
2022-05-11 10:10:44.850623,1422,47,1469
2022-05-11 10:10:45.862137,1271,147,1418
2022-05-11 10:10:46.866883,5284,72,5356
2022-05-11 10:10:47.875152,1259,77,1336
2022-05-11 10:10:48.880766,2680,125,2805
2022-05-11 10:10:49.884026,1602,48,1650
2022-05-11 10:10:50.898116,971,96,1067
2022-05-11 10:10:51.907625,246,142,388
2022-05-11 10:10:52.915592,6228,128,6356
2022-05-11 10:10:53.920092,7952,52,8004
2022-05-11 10:10:54.926829,3711,8,3719
2022-05-11 10:10:55.932275,7947,19,7966
2022-05-11 10:10:56.938981,2663,110,2773
2022-05-11 10:10:57.942707,5850,15,5865
2022-05-11 10:10:58.947001,5205,121,5326
2022-05-11 10:10:59.956630,847,46,893
2022-05-11 10:11:00.964874,7853,75,7928
2022-05-11 10:11:01.969531,7724,72,7796
2022-05-11 10:11:02.974544,8205,137,8342
2022-05-11 10:11:03.980806,608,148,756
2022-05-11 10:11:04.974961,6490,30,6520
2022-05-11 10:11:05.991826,6188,142,6330
2022-05-11 10:11:06.995852,3698,144,3842
2022-05-11 10:11:08.000812,397,99,496
2022-05-11 10:11:09.008553,8113,142,8255
2022-05-11 10:11:10.009928,3266,73,3339
2022-05-11 10:11:11.018047,2651,89,2740
2022-05-11 10:11:12.017920,1318,114,1432
2022-05-11 10:11:13.031481,7245,18,7263
2022-05-11 10:11:14.040664,5223,66,5289
2022-05-11 10:11:15.043992,85,48,133
2022-05-11 10:11:16.051734,5036,41,5077
2022-05-11 10:11:17.052854,2485,143,2628
2022-05-11 10:11:18.063784,2755,147,2902
2022-05-11 10:11:19.074567,3970,3,3973
2022-05-11 10:11:20.066817,7360,19,7379
2022-05-11 10:11:21.075846,4293,83,4376
2022-05-11 10:11:22.080506,4823,103,4926
2022-05-11 10:11:23.093959,808,110,918
2022-05-11 10:11:24.102562,1655,2,1657
2022-05-11 10:11:25.110978,2735,64,2799
2022-05-11 10:11:26.115874,8204,57,8261
2022-05-11 10:11:27.121134,5990,50,6040
2022-05-11 10:11:28.127214,3928,110,4038
2022-05-11 10:11:29.139149,7114,68,7182
2022-05-11 10:11:30.137012,1622,95,1717
2022-05-11 10:11:31.148407,2290,42,2332
2022-05-11 10:11:32.147524,7091,56,7147
2022-05-11 10:11:33.159458,1736,71,1807
2022-05-11 10:11:34.162600,8802,30,8832
2022-05-11 10:11:35.166278,7078,127,7205
2022-05-11 10:11:36.177697,4980,72,5052
2022-05-11 10:11:37.184504,7108,64,7172
2022-05-11 10:11:38.186578,4545,136,4681
2022-05-11 10:11:39.195256,7897,137,8034
2022-05-11 10:11:40.203281,5213,72,5285
2022-05-11 10:11:41.213915,6519,47,6566
2022-05-11 10:11:42.223032,7407,31,7438
2022-05-11 10:11:43.217053,3937,27,3964
2022-05-11 10:11:44.233272,3365,31,3396
2022-05-11 10:11:45.241392,6424,17,6441
2022-05-11 10:11:46.251118,1138,114,1252
2022-05-11 10:11:47.258351,2728,76,2804
2022-05-11 10:11:48.261410,3592,62,3654
2022-05-11 10:11:49.268279,2602,32,2634
2022-05-11 10:11:50.274315,4360,108,4468
2022-05-11 10:11:51.283946,5401,150,5551
2022-05-11 10:11:52.287932,5197,33,5230
2022-05-11 10:11:53.301382,3544,22,3566
2022-05-11 10:11:54.307532,3929,57,3986
2022-05-11 10:11:55.314521,6994,10,7004
2022-05-11 10:11:56.320767,4056,106,4162
2022-05-11 10:11:57.324630,4498,141,4639
2022-05-11 10:11:58.326957,8006,149,8155
2022-05-11 10:11:59.336048,2485,59,2544
2022-05-11 10:12:00.342154,5048,147,5195
2022-05-11 10:12:01.349763,4961,61,5022
2022-05-11 10:12:02.360452,1425,40,1465
2022-05-11 10:12:03.362581,7912,54,7966
2022-05-11 10:12:04.376534,7782,124,7906
2022-05-11 10:12:05.386052,4,69,73
2022-05-11 10:12:06.387379,8485,124,8609
2022-05-11 10:12:07.395435,2768,64,2832
2022-05-11 10:12:08.403335,3277,67,3344
2022-05-11 10:12:09.405583,1310,136,1446
2022-05-11 10:12:10.418381,5047,124,5171
2022-05-11 10:12:11.425252,6598,58,6656
2022-05-11 10:12:12.428101,632,45,677
2022-05-11 10:12:13.436969,2648,88,2736
2022-05-11 10:12:14.449471,5569,141,5710
2022-05-11 10:12:15.454222,8427,144,8571
2022-05-11 10:12:16.458643,199,72,271
2022-05-11 10:12:17.468135,540,16,556
2022-05-11 10:12:18.471726,1803,42,1845
2022-05-11 10:12:19.479890,1323,40,1363
2022-05-11 10:12:20.484706,7080,111,7191
2022-05-11 10:12:21.482384,6198,38,6236
2022-05-11 10:12:22.498169,1455,27,1482
2022-05-11 10:12:23.505051,949,139,1088
2022-05-11 10:12:24.510397,1557,70,1627
2022-05-11 10:12:25.520611,7725,39,7764
2022-05-11 10:12:26.526349,7424,31,7455
2022-05-11 10:12:27.526611,4038,107,4145
2022-05-11 10:12:28.530881,5077,142,5219
2022-05-11 10:12:29.541890,6557,105,6662
2022-05-11 10:12:30.554630,7263,67,7330
2022-05-11 10:12:31.557798,3840,138,3978
2022-05-11 10:12:32.563843,6444,117,6561
2022-05-11 10:12:33.570612,5685,39,5724
2022-05-11 10:12:34.580544,8634,109,8743
2022-05-11 10:12:35.590248,5320,149,5469
2022-05-11 10:12:36.584680,8229,6,8235
2022-05-11 10:12:37.595741,7660,26,7686
2022-05-11 10:12:38.605759,7553,122,7675
2022-05-11 10:12:39.611068,1299,106,1405
2022-05-11 10:12:40.623922,7831,138,7969
2022-05-11 10:12:41.630223,8921,95,9016
2022-05-11 10:12:42.643201,2870,49,2919
2022-05-11 10:12:43.657484,6290,109,6399
2022-05-11 10:12:44.658246,4229,92,4321
2022-05-11 10:12:45.663234,1245,30,1275
2022-05-11 10:12:46.668562,3582,39,3621
2022-05-11 10:12:47.677246,6986,78,7064
2022-05-11 10:12:48.682850,1769,83,1852
2022-05-11 10:12:49.693595,4436,111,4547
2022-05-11 10:12:50.701510,6148,107,6255
2022-05-11 10:12:51.717800,1601,17,1618
2022-05-11 10:12:52.722599,6126,100,6226
2022-05-11 10:12:53.732529,1085,44,1129
2022-05-11 10:12:54.737284,355,82,437
2022-05-11 10:12:55.741788,6143,24,6167
2022-05-11 10:12:56.750707,423,69,492
2022-05-11 10:12:57.756813,3093,83,3176
2022-05-11 10:12:58.759655,7035,36,7071
2022-05-11 10:12:59.774920,5114,57,5171
2022-05-11 10:13:00.783518,3204,1,3205
2022-05-11 10:13:01.790664,928,30,958
2022-05-11 10:13:02.794422,2151,25,2176
2022-05-11 10:13:03.796612,1886,48,1934
2022-05-11 10:13:04.806840,312,47,359
2022-05-11 10:13:05.808652,7340,11,7351
2022-05-11 10:13:06.813399,7862,48,7910
2022-05-11 10:13:07.823071,3057,38,3095
2022-05-11 10:13:08.832391,890,114,1004
2022-05-11 10:13:09.833840,3305,68,3373
2022-05-11 10:13:10.846296,4598,48,4646
2022-05-11 10:13:11.852879,3779,85,3864
2022-05-11 10:13:12.858437,7039,51,7090
2022-05-11 10:13:13.864432,2561,5,2566
2022-05-11 10:13:14.869657,2733,30,2763
2022-05-11 10:13:15.878207,4232,134,4366
2022-05-11 10:13:16.885633,620,58,678
2022-05-11 10:13:17.885218,3118,109,3227
2022-05-11 10:13:18.894447,6796,78,6874
2022-05-11 10:13:19.892895,8865,119,8984
2022-05-11 10:13:20.906448,1237,16,1253
2022-05-11 10:13:21.913952,5908,29,5937
2022-05-11 10:13:22.919834,8367,64,8431
2022-05-11 10:13:23.926486,945,22,967
2022-05-11 10:13:24.931992,2111,28,2139
2022-05-11 10:13:25.932187,8147,101,8248
2022-05-11 10:13:26.943008,61,43,104
2022-05-11 10:13:27.954482,7540,102,7642
2022-05-11 10:13:28.954107,7169,94,7263
2022-05-11 10:13:29.959558,2337,40,2377
2022-05-11 10:13:30.961286,2694,103,2797
2022-05-11 10:13:31.967132,6879,3,6882
2022-05-11 10:13:32.977066,2118,105,2223
2022-05-11 10:13:33.982281,6493,84,6577
2022-05-11 10:13:34.991462,6538,64,6602
2022-05-11 10:13:35.999926,500,39,539
2022-05-11 10:13:37.009363,7595,87,7682
2022-05-11 10:13:38.005561,124,9,133
2022-05-11 10:13:39.018187,1231,23,1254
2022-05-11 10:13:40.029681,611,56,667
2022-05-11 10:13:41.035221,6087,27,6114
2022-05-11 10:13:42.045883,4591,70,4661
2022-05-11 10:13:43.049585,3388,29,3417
2022-05-11 10:13:44.055810,4526,139,4665
2022-05-11 10:13:45.058965,1268,25,1293
2022-05-11 10:13:46.070107,4683,125,4808
2022-05-11 10:13:47.075631,7646,148,7794
2022-05-11 10:13:48.087044,2391,127,2518
2022-05-11 10:13:49.094581,5545,96,5641
2022-05-11 10:13:50.093707,5025,55,5080
2022-05-11 10:13:51.102277,7995,20,8015
2022-05-11 10:13:52.115028,8583,14,8597
2022-05-11 10:13:53.106578,2260,28,2288
2022-05-11 10:13:54.118097,2237,122,2359
2022-05-11 10:13:55.125688,2762,21,2783
2022-05-11 10:13:56.128336,3384,130,3514
2022-05-11 10:13:57.138697,6726,83,6809
2022-05-11 10:13:58.141727,8356,2,8358
2022-05-11 10:13:59.148503,7399,38,7437
2022-05-11 10:14:00.153038,7787,97,7884
2022-05-11 10:14:01.160727,1154,28,1182
2022-05-11 10:14:02.168126,6519,74,6593
2022-05-11 10:14:03.167084,3610,72,3682
2022-05-11 10:14:04.177634,8181,120,8301
2022-05-11 10:14:05.184552,2244,113,2357
2022-05-11 10:14:06.192591,7001,72,7073
2022-05-11 10:14:07.200620,4346,89,4435
2022-05-11 10:14:08.194431,8306,109,8415
2022-05-11 10:14:09.212109,2220,112,2332
2022-05-11 10:14:10.219567,4119,18,4137
2022-05-11 10:14:11.224954,1252,141,1393
2022-05-11 10:14:12.229053,2910,136,3046
2022-05-11 10:14:13.235742,8225,50,8275
2022-05-11 10:14:14.248683,2168,20,2188
2022-05-11 10:14:15.250660,4103,62,4165
2022-05-11 10:14:16.252825,45,100,145
2022-05-11 10:14:17.264027,4427,66,4493
2022-05-11 10:14:18.271030,4266,122,4388
2022-05-11 10:14:19.278791,3115,100,3215
2022-05-11 10:14:20.282704,8412,15,8427
2022-05-11 10:14:21.285165,8033,128,8161
2022-05-11 10:14:22.288373,5098,92,5190
2022-05-11 10:14:23.301432,2798,89,2887
2022-05-11 10:14:24.300241,2465,102,2567
2022-05-11 10:14:25.307429,7252,104,7356
2022-05-11 10:14:26.311141,5579,66,5645
2022-05-11 10:14:27.323894,8152,25,8177
2022-05-11 10:14:28.332885,5796,84,5880
2022-05-11 10:14:29.339917,8406,34,8440
2022-05-11 10:14:30.348046,903,92,995
2022-05-11 10:14:31.356352,1622,35,1657
2022-05-11 10:14:32.359656,2483,7,2490
2022-05-11 10:14:33.368814,4729,103,4832
2022-05-11 10:14:34.373770,4375,117,4492
2022-05-11 10:14:35.385768,7498,117,7615
2022-05-11 10:14:36.393642,7622,36,7658
2022-05-11 10:14:37.396593,3338,138,3476
2022-05-11 10:14:38.402795,932,136,1068
2022-05-11 10:14:39.402872,231,109,340
2022-05-11 10:14:40.406267,3264,49,3313
2022-05-11 10:14:41.418153,2519,150,2669
2022-05-11 10:14:42.425145,2972,49,3021
2022-05-11 10:14:43.421103,4281,126,4407
2022-05-11 10:14:44.436135,8891,104,8995
2022-05-11 10:14:45.441249,5395,5,5400
2022-05-11 10:14:46.444695,2833,102,2935
2022-05-11 10:14:47.452036,3398,13,3411
2022-05-11 10:14:48.454203,2632,3,2635
2022-05-11 10:14:49.460800,6511,135,6646
2022-05-11 10:14:50.466286,8443,145,8588
2022-05-11 10:14:51.471401,5692,75,5767
2022-05-11 10:14:52.481132,2541,98,2639
2022-05-11 10:14:53.483355,8466,72,8538
2022-05-11 10:14:54.489322,8368,100,8468
2022-05-11 10:14:55.496348,3202,136,3338
2022-05-11 10:14:56.501307,7106,149,7255
2022-05-11 10:14:57.509676,8176,105,8281
2022-05-11 10:14:58.510176,8362,21,8383
2022-05-11 10:14:59.515463,2381,139,2520
2022-05-11 10:15:00.526372,7626,96,7722
2022-05-11 10:15:01.534267,1778,87,1865
2022-05-11 10:15:02.535719,3414,30,3444
2022-05-11 10:15:03.547529,5229,76,5305
2022-05-11 10:15:04.555623,5887,83,5970
2022-05-11 10:15:05.557743,8979,37,9016
2022-05-11 10:15:06.565719,6039,37,6076
2022-05-11 10:15:07.574805,5999,13,6012
2022-05-11 10:15:08.584731,4640,21,4661
2022-05-11 10:15:09.577911,5186,121,5307
2022-05-11 10:15:10.594267,4477,120,4597
2022-05-11 10:15:11.603175,7908,40,7948
2022-05-11 10:15:12.608223,16,19,35
2022-05-11 10:15:13.619180,913,75,988
2022-05-11 10:15:14.628144,3243,110,3353
2022-05-11 10:15:15.638738,7699,53,7752
2022-05-11 10:15:16.641417,4817,49,4866
2022-05-11 10:15:17.651705,6288,95,6383
2022-05-11 10:15:18.656537,8560,126,8686
2022-05-11 10:15:19.661239,4325,79,4404
2022-05-11 10:15:20.663794,3344,69,3413
2022-05-11 10:15:21.674538,4824,12,4836
2022-05-11 10:15:22.685237,3505,93,3598
2022-05-11 10:15:23.691745,7859,82,7941
2022-05-11 10:15:24.684586,5083,85,5168
2022-05-11 10:15:25.703326,5563,21,5584
2022-05-11 10:15:26.710554,5465,85,5550
2022-05-11 10:15:27.710401,7279,110,7389
2022-05-11 10:15:28.713094,6708,135,6843
2022-05-11 10:15:29.720638,2432,144,2576
2022-05-11 10:15:30.724524,5411,124,5535
2022-05-11 10:15:31.756281,848,44,892
2022-05-11 10:15:32.751690,2150,26,2176
2022-05-11 10:15:33.755169,2707,62,2769
2022-05-11 10:15:34.756156,6373,87,6460
2022-05-11 10:15:35.765457,7819,4,7823
2022-05-11 10:15:36.766410,5255,140,5395
2022-05-11 10:15:37.776575,3053,12,3065
2022-05-11 10:15:38.784360,8892,13,8905
2022-05-11 10:15:39.789026,8482,145,8627
2022-05-11 10:15:40.796214,6695,8,6703
2022-05-11 10:15:41.805168,7962,139,8101
2022-05-11 10:15:42.807962,6961,46,7007
2022-05-11 10:15:43.816224,3486,116,3602
2022-05-11 10:15:44.821524,3627,119,3746
2022-05-11 10:15:45.825218,6312,149,6461
2022-05-11 10:15:46.834228,8954,37,8991
2022-05-11 10:15:47.837259,802,60,862
2022-05-11 10:15:48.843850,1467,116,1583
2022-05-11 10:15:49.852209,74,5,79
2022-05-11 10:15:50.852158,3725,90,3815
2022-05-11 10:15:51.859862,5469,136,5605
2022-05-11 10:15:52.865501,1611,33,1644
2022-05-11 10:15:53.870409,2654,116,2770
2022-05-11 10:15:54.880665,4145,11,4156
2022-05-11 10:15:55.886396,6089,34,6123
2022-05-11 10:15:56.894295,3629,8,3637
2022-05-11 10:15:57.899788,4085,73,4158
2022-05-11 10:15:58.905785,541,113,654
2022-05-11 10:15:59.914918,711,118,829
2022-05-11 10:16:00.922396,78,58,136
2022-05-11 10:16:01.928788,4675,136,4811
2022-05-11 10:16:02.934349,3419,26,3445
2022-05-11 10:16:03.938350,2555,61,2616
2022-05-11 10:16:04.939286,8000,105,8105
2022-05-11 10:16:05.952968,8103,77,8180
2022-05-11 10:16:06.949490,1147,146,1293
2022-05-11 10:16:07.956738,267,127,394
2022-05-11 10:16:08.959516,818,47,865
2022-05-11 10:16:09.972881,8054,52,8106
2022-05-11 10:16:10.976075,117,90,207
2022-05-11 10:16:11.979281,6025,48,6073
2022-05-11 10:16:12.989071,7277,47,7324
2022-05-11 10:16:13.994689,2096,7,2103
2022-05-11 10:16:15.000706,2671,124,2795
2022-05-11 10:16:16.007493,4230,9,4239
2022-05-11 10:16:17.015840,5700,59,5759
2022-05-11 10:16:18.022145,6701,7,6708
2022-05-11 10:16:19.030994,871,19,890
2022-05-11 10:16:20.036668,2478,80,2558
2022-05-11 10:16:21.037621,2805,135,2940
2022-05-11 10:16:22.045203,2153,33,2186
2022-05-11 10:16:23.050313,2884,105,2989
2022-05-11 10:16:24.055958,3090,51,3141
2022-05-11 10:16:25.060966,2638,145,2783
2022-05-11 10:16:26.062495,5558,97,5655
2022-05-11 10:16:27.070358,5400,34,5434
2022-05-11 10:16:28.074979,1425,84,1509
2022-05-11 10:16:29.080885,3750,36,3786
2022-05-11 10:16:30.086072,7608,122,7730
2022-05-11 10:16:31.089864,748,33,781
2022-05-11 10:16:32.097878,7005,138,7143
2022-05-11 10:16:33.104363,7828,135,7963
2022-05-11 10:16:34.112134,6680,5,6685
2022-05-11 10:16:35.117291,2026,148,2174
2022-05-11 10:16:36.119200,4477,121,4598
2022-05-11 10:16:37.126935,8861,85,8946
2022-05-11 10:16:38.135051,5589,45,5634
2022-05-11 10:16:39.141245,6015,105,6120
2022-05-11 10:16:40.148138,5516,116,5632
2022-05-11 10:16:41.143918,3958,110,4068
2022-05-11 10:16:42.155578,7037,63,7100
2022-05-11 10:16:43.163016,4248,16,4264
2022-05-11 10:16:44.165468,7675,90,7765
2022-05-11 10:16:45.177751,4303,121,4424
2022-05-11 10:16:46.180600,7986,104,8090
2022-05-11 10:16:47.189298,7944,2,7946
2022-05-11 10:16:48.194453,924,101,1025
2022-05-11 10:16:49.201079,5900,143,6043
2022-05-11 10:16:50.202708,6174,33,6207
2022-05-11 10:16:51.209661,5891,72,5963
2022-05-11 10:16:52.212224,5214,30,5244
2022-05-11 10:16:53.217443,1850,58,1908
2022-05-11 10:16:54.226646,789,130,919
2022-05-11 10:16:55.236530,8270,96,8366
2022-05-11 10:16:56.237854,5011,55,5066
2022-05-11 10:16:57.242257,4090,81,4171
2022-05-11 10:16:58.254469,4703,148,4851
2022-05-11 10:16:59.255429,1087,108,1195
2022-05-11 10:17:00.261695,1146,146,1292
2022-05-11 10:17:01.267514,3926,97,4023
2022-05-11 10:17:02.268763,6349,63,6412
2022-05-11 10:17:03.274443,4596,65,4661
2022-05-11 10:17:04.281408,5105,139,5244
2022-05-11 10:17:05.285782,6660,47,6707
2022-05-11 10:17:06.295301,8213,14,8227
2022-05-11 10:17:07.297846,4303,15,4318
2022-05-11 10:17:08.308840,5882,127,6009
2022-05-11 10:17:09.315352,3017,82,3099
2022-05-11 10:17:10.324843,827,83,910
2022-05-11 10:17:11.333904,5371,112,5483
2022-05-11 10:17:12.340846,2502,20,2522
2022-05-11 10:17:13.344479,1307,114,1421
2022-05-11 10:17:14.349117,8542,116,8658
2022-05-11 10:17:15.357418,6211,125,6336
2022-05-11 10:17:16.363750,5021,77,5098
2022-05-11 10:17:17.369620,8638,76,8714
2022-05-11 10:17:18.381680,1761,17,1778
2022-05-11 10:17:19.383509,2041,38,2079
2022-05-11 10:17:20.391810,8009,52,8061
2022-05-11 10:17:21.399316,3534,116,3650
2022-05-11 10:17:22.409117,1571,131,1702
2022-05-11 10:17:23.412163,1975,54,2029
2022-05-11 10:17:24.423058,7316,32,7348
2022-05-11 10:17:25.427188,6186,136,6322
2022-05-11 10:17:26.433120,6244,138,6382
2022-05-11 10:17:27.438066,6497,101,6598
2022-05-11 10:17:28.442127,4854,61,4915
2022-05-11 10:17:29.453387,7187,55,7242
2022-05-11 10:17:30.451185,7344,14,7358
2022-05-11 10:17:31.458387,2221,1,2222
2022-05-11 10:17:32.461760,6927,110,7037
2022-05-11 10:17:33.464206,2496,38,2534
2022-05-11 10:17:34.472179,8678,38,8716
2022-05-11 10:17:35.476330,3677,147,3824
2022-05-11 10:17:36.483140,2251,23,2274
2022-05-11 10:17:37.489407,6846,34,6880
2022-05-11 10:17:38.491496,7200,144,7344
2022-05-11 10:17:39.494427,6303,59,6362
2022-05-11 10:17:40.497394,5360,42,5402
2022-05-11 10:17:41.501414,5089,122,5211
2022-05-11 10:17:42.498951,1384,143,1527
2022-05-11 10:17:43.511537,1237,21,1258
2022-05-11 10:17:44.520529,5904,144,6048
2022-05-11 10:17:45.528211,4717,132,4849
2022-05-11 10:17:46.538368,1132,142,1274
2022-05-11 10:17:47.550655,3696,71,3767
2022-05-11 10:17:48.555384,1760,5,1765
2022-05-11 10:17:49.564082,1734,150,1884
2022-05-11 10:17:50.565213,150,34,184
2022-05-11 10:17:51.578119,2253,49,2302
2022-05-11 10:17:52.585250,3699,74,3773
2022-05-11 10:17:53.593551,6140,23,6163
2022-05-11 10:17:54.598205,6961,62,7023
2022-05-11 10:17:55.606755,6816,142,6958
2022-05-11 10:17:56.614978,1127,95,1222
2022-05-11 10:17:57.608538,8795,29,8824
2022-05-11 10:17:58.625716,3503,128,3631
2022-05-11 10:17:59.635297,8845,70,8915
2022-05-11 10:18:00.644911,4511,112,4623
2022-05-11 10:18:01.654860,4433,105,4538
2022-05-11 10:18:02.662468,6379,18,6397
2022-05-11 10:18:03.672058,726,80,806
2022-05-11 10:18:04.680448,8873,5,8878
2022-05-11 10:18:05.684935,8761,83,8844
2022-05-11 10:18:06.687490,3493,111,3604
2022-05-11 10:18:07.693358,4155,42,4197
2022-05-11 10:18:08.697363,8247,145,8392
2022-05-11 10:18:09.709820,3927,39,3966
2022-05-11 10:18:10.714175,6718,61,6779
2022-05-11 10:18:11.726732,3160,10,3170
2022-05-11 10:18:12.731172,3327,11,3338
2022-05-11 10:18:13.739319,4114,107,4221
2022-05-11 10:18:14.743201,4341,33,4374
2022-05-11 10:18:15.755285,2180,144,2324
2022-05-11 10:18:16.760450,1548,93,1641
2022-05-11 10:18:17.766802,5541,17,5558
2022-05-11 10:18:18.770167,880,84,964
2022-05-11 10:18:19.778393,7995,41,8036
2022-05-11 10:18:20.784128,1029,108,1137
2022-05-11 10:18:21.790275,6202,14,6216
2022-05-11 10:18:22.793007,8722,79,8801
2022-05-11 10:18:23.802219,8825,5,8830
2022-05-11 10:18:24.812475,143,133,276
2022-05-11 10:18:25.816022,1932,22,1954
2022-05-11 10:18:26.824394,713,58,771
2022-05-11 10:18:27.827800,4320,112,4432
2022-05-11 10:18:28.834137,3324,77,3401
2022-05-11 10:18:29.840708,8308,19,8327
2022-05-11 10:18:30.845773,3136,17,3153
2022-05-11 10:18:31.850066,944,49,993
2022-05-11 10:18:32.850702,4418,128,4546
2022-05-11 10:18:33.864958,54,115,169
2022-05-11 10:18:34.870828,1959,42,2001
2022-05-11 10:18:35.879799,6759,71,6830
2022-05-11 10:18:36.878413,7332,118,7450
2022-05-11 10:18:37.890539,794,80,874
2022-05-11 10:18:38.891924,4377,31,4408
2022-05-11 10:18:39.902874,3845,102,3947
2022-05-11 10:18:40.903679,5539,100,5639
2022-05-11 10:18:41.915532,3353,102,3455
2022-05-11 10:18:42.919843,2452,41,2493
2022-05-11 10:18:43.916062,386,73,459
2022-05-11 10:18:44.925923,4698,145,4843
2022-05-11 10:18:45.943772,3093,1,3094
2022-05-11 10:18:46.947109,836,30,866
2022-05-11 10:18:47.951269,7697,22,7719
2022-05-11 10:18:48.959123,7699,14,7713
2022-05-11 10:18:49.963912,4941,9,4950
2022-05-11 10:18:50.975403,2048,52,2100
2022-05-11 10:18:51.978314,2670,147,2817
2022-05-11 10:18:52.990279,1337,86,1423
2022-05-11 10:18:54.002257,4368,17,4385
2022-05-11 10:18:55.005899,839,51,890
2022-05-11 10:18:56.014836,5360,48,5408
2022-05-11 10:18:57.020847,3283,62,3345
2022-05-11 10:18:58.027217,5413,136,5549
2022-05-11 10:18:59.028515,4928,97,5025
2022-05-11 10:19:00.029783,6141,38,6179
2022-05-11 10:19:01.043568,2519,146,2665
2022-05-11 10:19:02.051105,728,75,803
2022-05-11 10:19:03.061140,8864,81,8945
2022-05-11 10:19:04.066467,4003,110,4113
2022-05-11 10:19:05.072636,8032,13,8045
2022-05-11 10:19:06.082306,5722,13,5735
2022-05-11 10:19:07.093986,8388,81,8469
2022-05-11 10:19:08.100854,5361,54,5415
2022-05-11 10:19:09.105111,3046,56,3102
2022-05-11 10:19:10.113243,4181,60,4241
2022-05-11 10:19:11.120598,822,120,942
2022-05-11 10:19:12.127959,4317,5,4322
2022-05-11 10:19:13.138616,1809,29,1838
2022-05-11 10:19:14.132648,6685,6,6691
2022-05-11 10:19:15.148935,6199,45,6244
2022-05-11 10:19:16.162022,4755,87,4842
2022-05-11 10:19:17.170554,2505,82,2587
2022-05-11 10:19:18.181557,6344,10,6354
2022-05-11 10:19:19.190003,6406,11,6417
2022-05-11 10:19:20.196218,1005,127,1132
2022-05-11 10:19:21.202876,5864,55,5919
2022-05-11 10:19:22.209376,8331,127,8458
2022-05-11 10:19:23.215314,8189,63,8252
2022-05-11 10:19:24.226820,8690,126,8816
2022-05-11 10:19:25.230923,7477,20,7497
2022-05-11 10:19:26.236102,5044,26,5070
2022-05-11 10:19:27.242746,5154,39,5193
2022-05-11 10:19:28.249387,3074,95,3169
2022-05-11 10:19:29.239722,7849,3,7852
2022-05-11 10:19:30.256859,177,55,232
2022-05-11 10:19:31.264592,7786,59,7845
2022-05-11 10:19:32.274556,2288,109,2397
2022-05-11 10:19:33.280947,5102,140,5242
2022-05-11 10:19:34.293085,4202,55,4257
2022-05-11 10:19:35.302697,7320,93,7413
2022-05-11 10:19:36.316157,982,117,1099
2022-05-11 10:19:37.321572,2733,69,2802
2022-05-11 10:19:38.322066,2694,6,2700
2022-05-11 10:19:39.332947,6526,8,6534
2022-05-11 10:19:40.343080,3694,78,3772
2022-05-11 10:19:41.347836,3754,102,3856
2022-05-11 10:19:42.355980,2505,140,2645
2022-05-11 10:19:43.360335,651,11,662
2022-05-11 10:19:44.376042,2681,22,2703
2022-05-11 10:19:45.387054,1689,133,1822
2022-05-11 10:19:46.390722,4684,15,4699
2022-05-11 10:19:47.401636,2880,134,3014
2022-05-11 10:19:48.412586,6903,117,7020
2022-05-11 10:19:49.423674,1346,121,1467
2022-05-11 10:19:50.433203,5193,143,5336
2022-05-11 10:19:51.439223,3329,22,3351
2022-05-11 10:19:52.446217,6963,84,7047
2022-05-11 10:19:53.457671,1390,133,1523
2022-05-11 10:19:54.462336,8943,116,9059
2022-05-11 10:19:55.467647,2428,41,2469
2022-05-11 10:19:56.473585,3486,118,3604
2022-05-11 10:19:57.484272,2027,84,2111
2022-05-11 10:19:58.491088,4509,38,4547
2022-05-11 10:19:59.499495,1511,71,1582
2022-05-11 10:20:00.511168,6864,80,6944
2022-05-11 10:20:01.521708,2163,17,2180
2022-05-11 10:20:02.527095,8314,78,8392
2022-05-11 10:20:03.534146,1184,92,1276
2022-05-11 10:20:04.537000,6091,41,6132
2022-05-11 10:20:05.543426,6845,49,6894
2022-05-11 10:20:06.548212,579,61,640
2022-05-11 10:20:07.558289,608,56,664
2022-05-11 10:20:08.562172,1822,138,1960
2022-05-11 10:20:09.568130,5063,84,5147
2022-05-11 10:20:10.563452,7596,111,7707
2022-05-11 10:20:11.579698,7740,127,7867
2022-05-11 10:20:12.586901,3717,76,3793
2022-05-11 10:20:13.593133,2751,99,2850
2022-05-11 10:20:14.602122,3975,95,4070
2022-05-11 10:20:15.611790,6029,4,6033
2022-05-11 10:20:16.619542,2899,34,2933
2022-05-11 10:20:17.630173,6715,33,6748
2022-05-11 10:20:18.638286,8711,13,8724
2022-05-11 10:20:19.649142,2349,109,2458
2022-05-11 10:20:20.652555,5804,123,5927
2022-05-11 10:20:21.665546,2163,53,2216
2022-05-11 10:20:22.667448,1715,145,1860
2022-05-11 10:20:23.677124,2693,30,2723
2022-05-11 10:20:24.684787,2845,16,2861
2022-05-11 10:20:25.693113,5119,59,5178
2022-05-11 10:20:26.702162,4305,25,4330
2022-05-11 10:20:27.709714,9,12,21
2022-05-11 10:20:28.711297,1735,61,1796
2022-05-11 10:20:29.719434,3636,141,3777
2022-05-11 10:20:30.712766,8068,8,8076
2022-05-11 10:20:31.726488,6694,137,6831
2022-05-11 10:20:32.723477,4522,6,4528
2022-05-11 10:20:33.733098,651,107,758
2022-05-11 10:20:34.740571,4431,109,4540
2022-05-11 10:20:35.747687,3055,19,3074
2022-05-11 10:20:36.751444,7971,145,8116
2022-05-11 10:20:37.759596,5794,121,5915
2022-05-11 10:20:38.767305,7461,19,7480
2022-05-11 10:20:39.773232,4277,140,4417
2022-05-11 10:20:40.779410,1158,150,1308
2022-05-11 10:20:41.783510,3026,14,3040
2022-05-11 10:20:42.789553,1303,108,1411
2022-05-11 10:20:43.796179,3030,120,3150
2022-05-11 10:20:44.808113,4175,119,4294
2022-05-11 10:20:45.800368,4235,54,4289
2022-05-11 10:20:46.818362,4493,52,4545
2022-05-11 10:20:47.828466,4404,29,4433
2022-05-11 10:20:48.839214,2845,124,2969
2022-05-11 10:20:49.844689,1960,138,2098
2022-05-11 10:20:50.840236,2502,93,2595
2022-05-11 10:20:51.852910,3366,103,3469
2022-05-11 10:20:52.860535,5439,112,5551
2022-05-11 10:20:53.867177,2806,55,2861
2022-05-11 10:20:54.873772,5083,105,5188
2022-05-11 10:20:55.879144,1204,33,1237
2022-05-11 10:20:56.889273,7017,10,7027
2022-05-11 10:20:57.899233,6981,32,7013
2022-05-11 10:20:58.908951,8352,50,8402
2022-05-11 10:20:59.909368,4837,90,4927
2022-05-11 10:21:00.907056,6634,113,6747
2022-05-11 10:21:01.925115,179,67,246
2022-05-11 10:21:02.935460,5269,150,5419
2022-05-11 10:21:03.943679,5104,64,5168
2022-05-11 10:21:04.945206,8927,48,8975
2022-05-11 10:21:05.961547,1044,79,1123
2022-05-11 10:21:06.961545,7812,77,7889
2022-05-11 10:21:07.968543,1587,8,1595
2022-05-11 10:21:08.978909,5903,148,6051
2022-05-11 10:21:09.986906,5511,45,5556
2022-05-11 10:21:10.996647,4894,29,4923
2022-05-11 10:21:12.004377,2857,8,2865
2022-05-11 10:21:13.017060,5329,98,5427
2022-05-11 10:21:14.029670,5930,54,5984
2022-05-11 10:21:15.035075,207,100,307
2022-05-11 10:21:17.044317,3789,130,3919
2022-05-11 10:21:18.046407,5052,74,5126
2022-05-11 10:21:19.056896,8120,148,8268
2022-05-11 10:21:20.066432,5152,8,5160
2022-05-11 10:21:21.073226,5535,62,5597
2022-05-11 10:21:22.077899,2218,20,2238
2022-05-11 10:21:23.085911,4665,48,4713
2022-05-11 10:21:24.093255,5935,143,6078
2022-05-11 10:21:25.098197,4871,133,5004
2022-05-11 10:21:26.106107,7932,113,8045
2022-05-11 10:21:27.121507,2997,45,3042
2022-05-11 10:21:28.123673,7346,67,7413
2022-05-11 10:21:36.447707,6864,51,6915
2022-05-11 10:21:37.451788,8182,124,8306
2022-05-11 10:21:38.459913,1046,122,1168
2022-05-11 10:21:39.466666,6825,116,6941
2022-05-11 10:21:40.470767,6536,68,6604
2022-05-11 10:21:41.479487,5980,125,6105
2022-05-11 10:21:42.491735,8098,12,8110
2022-05-11 10:21:43.498714,2157,144,2301
2022-05-11 10:21:44.504624,3214,94,3308
2022-05-11 10:21:45.512736,7026,102,7128
2022-05-11 10:21:46.515761,8940,63,9003
2022-05-11 10:21:47.526709,3330,138,3468
2022-05-11 10:21:48.535553,6159,19,6178
2022-05-11 10:21:49.537155,6838,71,6909
2022-05-11 10:21:50.542381,2464,62,2526
2022-05-11 10:21:51.543125,4096,16,4112
2022-05-11 10:21:52.550726,6500,76,6576
2022-05-11 10:21:53.556014,7676,25,7701
2022-05-11 10:21:54.564604,5893,20,5913
2022-05-11 10:21:55.565423,2004,59,2063
2022-05-11 10:21:56.569023,579,150,729
2022-05-11 10:21:57.577411,4234,87,4321
2022-05-11 10:21:58.579598,8654,127,8781
2022-05-11 10:21:59.590032,1640,16,1656
2022-05-11 10:22:00.595341,6512,14,6526
2022-05-11 10:22:01.601038,1213,111,1324
2022-05-11 10:22:02.612412,2695,84,2779
2022-05-11 10:22:03.617912,5267,100,5367
2022-05-11 10:22:04.623014,8727,143,8870
2022-05-11 10:22:05.634670,8025,16,8041
2022-05-11 10:22:06.637776,1114,36,1150
2022-05-11 10:22:07.640556,8780,86,8866
2022-05-11 10:22:08.658458,772,46,818
2022-05-11 10:22:09.653881,1461,118,1579
2022-05-11 10:22:10.668677,1437,63,1500
2022-05-11 10:22:11.672988,4767,32,4799
2022-05-11 10:22:12.680887,259,97,356
2022-05-11 10:22:13.682590,5160,82,5242
2022-05-11 10:22:14.687319,7700,43,7743
2022-05-11 10:22:15.695942,3778,63,3841
2022-05-11 10:22:16.702956,7944,18,7962
2022-05-11 10:22:17.709575,7951,103,8054
2022-05-11 10:22:18.717517,847,36,883
2022-05-11 10:22:19.727503,1904,81,1985
2022-05-11 10:22:20.735232,6855,134,6989
2022-05-11 10:22:21.742700,2076,23,2099
2022-05-11 10:22:22.745046,6035,88,6123
2022-05-11 10:22:23.758214,5025,4,5029
2022-05-11 10:22:24.753071,7732,124,7856
2022-05-11 10:22:25.767178,2883,81,2964
2022-05-11 10:22:26.774224,5837,22,5859
2022-05-11 10:22:27.782784,3624,102,3726
2022-05-11 10:22:28.793302,3853,50,3903
2022-05-11 10:22:29.802436,6554,88,6642
2022-05-11 10:22:30.805151,3761,125,3886
2022-05-11 10:22:31.806641,792,40,832
2022-05-11 10:22:32.818295,7690,109,7799
2022-05-11 10:22:33.826436,8461,41,8502
2022-05-11 10:22:34.837106,6978,38,7016
2022-05-11 10:22:35.843768,131,146,277
2022-05-11 10:22:36.850555,7408,9,7417
2022-05-11 10:22:37.857119,2315,56,2371
2022-05-11 10:22:38.862980,6157,95,6252
2022-05-11 10:22:39.856457,6904,60,6964
2022-05-11 10:22:40.873633,2553,8,2561
2022-05-11 10:22:41.881504,1939,48,1987
2022-05-11 10:22:42.886638,2872,139,3011
2022-05-11 10:22:43.891126,2467,126,2593
2022-05-11 10:22:44.898962,376,42,418
2022-05-11 10:22:45.907875,1351,84,1435
2022-05-11 10:22:46.914797,7540,47,7587
2022-05-11 10:22:47.925407,4304,142,4446
2022-05-11 10:22:48.930270,3790,16,3806
2022-05-11 10:22:49.938523,7900,84,7984
2022-05-11 10:22:50.931207,7425,122,7547
2022-05-11 10:22:51.945106,8138,76,8214
2022-05-11 10:22:52.954996,6962,144,7106
2022-05-11 10:22:53.963316,746,7,753
2022-05-11 10:22:54.974443,4563,30,4593
2022-05-11 10:22:55.980630,4390,91,4481
2022-05-11 10:22:56.992234,4737,39,4776
2022-05-11 10:22:57.995496,5239,95,5334
2022-05-11 10:22:59.003873,3483,125,3608
2022-05-11 10:23:00.011613,1043,107,1150
2022-05-11 10:23:01.017435,1107,13,1120
2022-05-11 10:23:02.025545,8136,134,8270
2022-05-11 10:23:03.033147,8805,111,8916
2022-05-11 10:23:04.038348,7492,50,7542
2022-05-11 10:23:05.046155,1624,85,1709
2022-05-11 10:23:06.052629,3915,127,4042
2022-05-11 10:23:07.058380,3136,60,3196
2022-05-11 10:23:08.067912,1880,9,1889
2022-05-11 10:23:09.077379,3340,101,3441
2022-05-11 10:23:10.081531,6257,34,6291
2022-05-11 10:23:11.088471,6478,118,6596
2022-05-11 10:23:12.099517,8249,29,8278
2022-05-11 10:23:13.107096,5839,26,5865
2022-05-11 10:23:14.112309,5101,97,5198
2022-05-11 10:23:15.120854,5281,134,5415
2022-05-11 10:23:16.131680,2077,20,2097
2022-05-11 10:23:17.136828,6749,116,6865
2022-05-11 10:23:18.142619,2159,34,2193
2022-05-11 10:23:19.153508,2808,140,2948
2022-05-11 10:23:20.163033,1551,123,1674
2022-05-11 10:23:21.170503,7294,103,7397
2022-05-11 10:23:22.178392,5483,102,5585
2022-05-11 10:23:23.184472,8035,130,8165
2022-05-11 10:23:24.190762,6799,89,6888
2022-05-11 10:23:25.207875,2355,104,2459
2022-05-11 10:23:26.210298,5720,13,5733
2022-05-11 10:23:27.208310,7987,112,8099
2022-05-11 10:23:28.221548,745,143,888
2022-05-11 10:23:29.226787,988,28,1016
2022-05-11 10:23:30.236861,8425,142,8567
2022-05-11 10:23:31.242880,1489,67,1556
2022-05-11 10:23:32.249697,6941,9,6950
2022-05-11 10:23:33.256416,4161,5,4166
2022-05-11 10:23:34.262368,4526,137,4663
2022-05-11 10:23:35.270967,830,47,877
2022-05-11 10:23:36.278959,692,91,783
2022-05-11 10:23:37.289531,7310,98,7408
2022-05-11 10:23:38.299168,8217,142,8359
2022-05-11 10:23:39.306768,4668,69,4737
2022-05-11 10:23:40.313148,7262,29,7291
2022-05-11 10:23:41.313111,111,16,127
2022-05-11 10:23:42.327637,7402,48,7450
2022-05-11 10:23:43.335648,2932,135,3067
2022-05-11 10:23:44.343006,4756,126,4882
2022-05-11 10:23:45.352193,8392,124,8516
2022-05-11 10:23:46.355986,3690,98,3788
2022-05-11 10:23:47.363153,3718,140,3858
2022-05-11 10:23:48.366870,5195,124,5319
2022-05-11 10:23:49.373431,5277,74,5351
2022-05-11 10:23:50.375683,5488,22,5510
2022-05-11 10:23:51.383789,647,64,711
2022-05-11 10:23:52.394141,6636,140,6776
2022-05-11 10:23:53.406290,5351,47,5398
2022-05-11 10:23:54.407202,6459,147,6606
2022-05-11 10:23:55.419610,614,113,727
2022-05-11 10:23:56.411914,8804,94,8898
2022-05-11 10:23:57.429235,4197,7,4204
2022-05-11 10:23:58.434184,242,45,287
2022-05-11 10:23:59.442206,8175,88,8263
2022-05-11 10:24:00.449601,42,2,44
2022-05-11 10:24:01.454792,1524,98,1622
2022-05-11 10:24:02.457135,279,143,422
2022-05-11 10:24:03.469200,8849,136,8985
2022-05-11 10:24:04.474024,18,23,41
2022-05-11 10:24:05.481782,4247,88,4335
2022-05-11 10:24:06.483176,3885,90,3975
2022-05-11 10:24:07.492563,99,99,198
2022-05-11 10:24:08.498725,6622,115,6737
2022-05-11 10:24:09.503094,8090,60,8150
2022-05-11 10:24:10.512934,7206,120,7326
2022-05-11 10:24:11.510280,2834,58,2892
2022-05-11 10:24:12.523354,5104,13,5117
2022-05-11 10:24:13.533299,1244,142,1386
2022-05-11 10:24:14.539054,6691,126,6817
2022-05-11 10:24:15.540126,7600,103,7703
2022-05-11 10:24:16.552097,6504,110,6614
2022-05-11 10:24:17.554345,1213,54,1267
2022-05-11 10:24:18.561360,7877,36,7913
2022-05-11 10:24:19.566910,1261,49,1310
2022-05-11 10:24:20.573402,6346,22,6368
2022-05-11 10:24:21.573940,7520,123,7643
2022-05-11 10:24:22.578660,8789,99,8888
2022-05-11 10:24:23.585200,3690,138,3828
2022-05-11 10:24:24.594121,2604,57,2661
2022-05-11 10:24:25.597959,6382,72,6454
2022-05-11 10:24:26.599925,2019,102,2121
2022-05-11 10:24:27.603515,7587,41,7628
2022-05-11 10:24:28.611162,4034,46,4080
2022-05-11 10:24:29.621999,2843,9,2852
2022-05-11 10:24:30.628023,6777,105,6882
2022-05-11 10:24:31.635623,1923,12,1935
2022-05-11 10:24:32.645514,6199,38,6237
2022-05-11 10:24:33.648778,3066,139,3205
2022-05-11 10:24:34.659612,1689,145,1834
2022-05-11 10:24:35.667175,5299,108,5407
2022-05-11 10:24:36.661767,3406,56,3462
2022-05-11 10:24:37.670606,6820,111,6931
2022-05-11 10:24:38.679305,2801,52,2853
2022-05-11 10:24:39.687692,8054,57,8111
2022-05-11 10:24:40.697340,6976,65,7041
2022-05-11 10:24:41.701751,5498,86,5584
2022-05-11 10:24:42.699231,5631,145,5776
2022-05-11 10:24:43.707277,3501,60,3561
2022-05-11 10:24:44.711307,3797,111,3908
2022-05-11 10:24:45.717567,1896,126,2022
2022-05-11 10:24:46.728742,7360,23,7383
2022-05-11 10:24:47.732848,4018,119,4137
2022-05-11 10:24:48.744592,8664,95,8759
2022-05-11 10:24:49.755105,3159,64,3223
2022-05-11 10:24:50.755256,4920,75,4995
2022-05-11 10:24:51.763029,684,109,793
2022-05-11 10:24:52.771152,4823,147,4970
2022-05-11 10:24:53.770218,7455,17,7472
2022-05-11 10:24:54.778112,3735,133,3868
2022-05-11 10:24:55.788090,8377,64,8441
2022-05-11 10:24:56.792855,8729,116,8845
2022-05-11 10:24:57.802449,4206,142,4348
2022-05-11 10:24:58.809054,6853,55,6908
2022-05-11 10:24:59.816852,1705,107,1812
2022-05-11 10:25:00.826263,851,99,950
2022-05-11 10:25:01.832494,8298,79,8377
2022-05-11 10:25:02.836551,7621,29,7650
2022-05-11 10:25:03.846369,2654,25,2679
2022-05-11 10:25:04.852288,6606,104,6710
2022-05-11 10:25:05.862706,4488,27,4515
2022-05-11 10:25:06.868288,6888,141,7029
2022-05-11 10:25:07.873616,7430,10,7440
2022-05-11 10:25:08.881459,3460,48,3508
2022-05-11 10:25:09.888860,4824,69,4893
2022-05-11 10:25:10.898874,5090,29,5119
2022-05-11 10:25:11.908942,6170,138,6308
2022-05-11 10:25:12.906139,6967,123,7090
2022-05-11 10:25:13.923132,1654,138,1792
2022-05-11 10:25:14.930034,2127,90,2217
2022-05-11 10:25:15.939285,1302,146,1448
2022-05-11 10:25:16.949357,1353,139,1492
2022-05-11 10:25:17.958592,2849,81,2930
2022-05-11 10:25:18.968717,5134,121,5255
2022-05-11 10:25:19.974185,779,114,893
2022-05-11 10:25:20.981397,8354,39,8393
2022-05-11 10:25:21.990346,7978,30,8008
2022-05-11 10:25:22.995914,2504,112,2616
2022-05-11 10:25:24.005956,8256,100,8356
2022-05-11 10:25:25.010113,7361,4,7365
2022-05-11 10:25:26.016788,1929,28,1957
2022-05-11 10:25:27.019464,6784,70,6854
2022-05-11 10:25:28.014007,3435,149,3584
2022-05-11 10:25:29.030981,7985,3,7988
2022-05-11 10:25:30.035014,8547,10,8557
2022-05-11 10:25:31.043394,1775,119,1894
2022-05-11 10:25:32.051187,8345,23,8368
2022-05-11 10:25:33.058988,3317,72,3389
2022-05-11 10:25:34.069051,6178,105,6283
2022-05-11 10:25:35.077684,8702,48,8750
2022-05-11 10:25:36.083246,4424,46,4470
2022-05-11 10:25:37.089806,7834,75,7909
2022-05-11 10:25:38.088537,5490,84,5574
2022-05-11 10:25:39.097862,1492,105,1597
2022-05-11 10:25:40.106414,7412,70,7482
2022-05-11 10:25:41.109452,1414,36,1450
2022-05-11 10:25:42.116326,7779,24,7803
2022-05-11 10:25:43.115359,933,2,935
2022-05-11 10:25:44.128704,8493,89,8582
2022-05-11 10:25:45.134383,127,127,254
2022-05-11 10:25:46.131576,3160,19,3179
2022-05-11 10:25:47.142798,5534,116,5650
2022-05-11 10:25:48.144148,6969,75,7044
2022-05-11 10:25:49.154778,6409,65,6474
2022-05-11 10:25:50.159404,8609,96,8705
2022-05-11 10:25:51.166604,358,150,508
2022-05-11 10:25:52.176580,4133,134,4267
2022-05-11 10:25:53.183609,8265,147,8412
2022-05-11 10:25:54.189298,7554,86,7640
2022-05-11 10:25:55.196880,6438,73,6511
2022-05-11 10:25:56.190664,5013,64,5077
2022-05-11 10:25:57.207399,6284,17,6301
2022-05-11 10:25:58.216409,463,8,471
2022-05-11 10:25:59.229164,1747,145,1892
2022-05-11 10:26:00.230798,3982,104,4086
2022-05-11 10:26:01.236815,4820,66,4886
2022-05-11 10:26:02.243114,1600,24,1624
2022-05-11 10:26:03.255036,1120,128,1248
2022-05-11 10:26:04.258946,6014,128,6142
2022-05-11 10:26:05.269441,7823,136,7959
2022-05-11 10:26:06.276653,4824,71,4895
2022-05-11 10:26:07.281145,6437,21,6458
2022-05-11 10:26:08.287707,6122,49,6171
2022-05-11 10:26:09.294398,8321,101,8422
2022-05-11 10:26:10.304198,3561,108,3669
2022-05-11 10:26:11.315086,7403,65,7468
2022-05-11 10:26:12.322169,5271,45,5316
2022-05-11 10:26:13.329547,1395,63,1458
2022-05-11 10:26:14.340039,2097,121,2218
2022-05-11 10:26:15.345977,7603,20,7623
2022-05-11 10:26:16.353329,3054,145,3199
2022-05-11 10:26:17.361642,7486,128,7614
2022-05-11 10:26:18.367618,5419,72,5491
2022-05-11 10:26:19.377549,5174,28,5202
2022-05-11 10:26:20.388602,4428,53,4481
2022-05-11 10:26:21.395723,143,24,167
2022-05-11 10:26:22.407758,5456,92,5548
2022-05-11 10:26:23.413245,2000,10,2010
2022-05-11 10:26:24.412886,4207,94,4301
2022-05-11 10:26:25.427309,7504,139,7643
2022-05-11 10:26:26.438241,1336,50,1386
2022-05-11 10:26:27.448034,8005,101,8106
2022-05-11 10:26:28.455045,7117,128,7245
2022-05-11 10:26:29.463263,6731,70,6801
2022-05-11 10:26:30.473627,6632,101,6733
2022-05-11 10:26:31.485329,7211,85,7296
2022-05-11 10:26:32.494866,1415,31,1446
2022-05-11 10:26:33.505238,8651,145,8796
2022-05-11 10:26:34.510692,5162,142,5304
2022-05-11 10:26:35.519568,2748,84,2832
2022-05-11 10:26:36.531511,6941,72,7013
2022-05-11 10:26:37.538289,8893,58,8951
2022-05-11 10:26:38.543714,1673,47,1720
2022-05-11 10:26:39.549971,6798,96,6894
2022-05-11 10:26:40.554292,4736,42,4778
2022-05-11 10:26:41.561786,8874,88,8962
2022-05-11 10:26:42.569006,1364,14,1378
2022-05-11 10:26:43.576625,970,49,1019
2022-05-11 10:26:44.571115,2518,54,2572
2022-05-11 10:26:45.585358,1820,100,1920
2022-05-11 10:26:46.589843,7771,39,7810
2022-05-11 10:26:47.595519,336,96,432
2022-05-11 10:26:48.604990,3589,49,3638
2022-05-11 10:26:49.611560,8840,32,8872
2022-05-11 10:26:50.614352,1202,3,1205
2022-05-11 10:26:51.626931,1974,54,2028
2022-05-11 10:26:52.638968,2501,44,2545
2022-05-11 10:26:53.642009,2714,116,2830
2022-05-11 10:26:54.649238,1042,135,1177
2022-05-11 10:26:55.646809,5903,118,6021
2022-05-11 10:26:56.657659,3657,58,3715
2022-05-11 10:26:57.660761,5347,31,5378
2022-05-11 10:26:58.665419,6921,120,7041
2022-05-11 10:26:59.661784,5622,138,5760
2022-05-11 10:27:00.676516,565,10,575
2022-05-11 10:27:01.684557,4571,90,4661
2022-05-11 10:27:02.692314,649,84,733
2022-05-11 10:27:03.702556,5768,133,5901
2022-05-11 10:27:04.709078,8666,45,8711
2022-05-11 10:27:05.717530,1465,31,1496
2022-05-11 10:27:06.723279,3702,112,3814
2022-05-11 10:27:07.729883,826,36,862
2022-05-11 10:27:08.740352,5048,29,5077
2022-05-11 10:27:09.758629,3719,141,3860
2022-05-11 10:27:10.760598,7745,82,7827
2022-05-11 10:27:11.774007,3185,69,3254
2022-05-11 10:27:12.789724,6257,63,6320
2022-05-11 10:27:13.790718,1522,108,1630
2022-05-11 10:27:14.787981,4468,47,4515
2022-05-11 10:27:15.802893,8452,64,8516
2022-05-11 10:27:16.808539,932,14,946
2022-05-11 10:27:17.819231,4406,2,4408
2022-05-11 10:27:18.826164,8388,147,8535
2022-05-11 10:27:19.841037,5334,106,5440
2022-05-11 10:27:20.848890,1465,95,1560
2022-05-11 10:27:21.861959,375,137,512
2022-05-11 10:27:22.863732,3093,144,3237
2022-05-11 10:27:23.876722,7089,80,7169
2022-05-11 10:27:24.881921,1421,141,1562
2022-05-11 10:27:25.885225,6771,62,6833
2022-05-11 10:27:26.894371,2279,41,2320
2022-05-11 10:27:27.897218,5110,4,5114
2022-05-11 10:27:28.910515,2316,10,2326
2022-05-11 10:27:29.909994,3999,28,4027
2022-05-11 10:27:30.919096,7729,3,7732
2022-05-11 10:27:31.932862,6609,23,6632
2022-05-11 10:27:32.936407,1288,31,1319
2022-05-11 10:27:33.943847,923,40,963
2022-05-11 10:27:34.952388,5322,102,5424
2022-05-11 10:58:12.750606,6384,80,6464
2022-05-11 10:58:13.760628,5886,82,5968
2022-05-11 10:58:14.769161,2278,125,2403
2022-05-11 10:58:15.774942,1896,56,1952
2022-05-11 10:58:16.778832,4028,84,4112
2022-05-11 10:58:17.781955,8254,129,8383
2022-05-11 10:58:18.795856,4829,112,4941
2022-05-11 10:58:19.797944,5276,117,5393
2022-05-11 10:58:20.801579,5090,147,5237
2022-05-11 10:58:21.814215,5988,102,6090
2022-05-11 10:58:22.822130,4429,47,4476
2022-05-11 10:58:23.828528,3534,91,3625
2022-05-11 10:58:24.835829,6591,5,6596
2022-05-11 10:58:25.837356,2446,81,2527
2022-05-11 10:58:26.842096,5324,37,5361
2022-05-11 10:58:27.853768,576,66,642
2022-05-11 10:58:28.858612,7366,65,7431
2022-05-11 10:58:29.864717,7931,138,8069
2022-05-11 10:58:30.871648,4543,137,4680
2022-05-11 10:58:31.871026,3351,38,3389
2022-05-11 10:58:32.886383,4724,147,4871
2022-05-11 10:58:33.891217,8518,128,8646
2022-05-11 10:58:34.898637,5664,93,5757
2022-05-11 10:58:35.906663,5031,61,5092
2022-05-11 10:58:36.907772,4744,68,4812
2022-05-11 10:58:37.911659,3472,58,3530
2022-05-11 10:58:38.923599,2283,83,2366
2022-05-11 10:58:39.935191,6436,22,6458
2022-05-11 10:58:40.947091,4426,137,4563
2022-05-11 10:58:41.952880,3633,149,3782
2022-05-11 10:58:42.958162,1758,29,1787
2022-05-11 10:58:43.965780,7521,34,7555
2022-05-11 10:58:44.975630,8445,61,8506
2022-05-11 10:58:45.983682,1176,103,1279
2022-05-11 10:58:46.990491,3805,92,3897
2022-05-11 10:58:47.996344,1903,4,1907
2022-05-11 10:58:49.001899,776,97,873
2022-05-11 10:58:50.007044,6938,99,7037
2022-05-11 10:58:51.008461,7946,99,8045
2022-05-11 10:58:52.017205,7992,28,8020
2022-05-11 10:58:53.017722,8059,27,8086
2022-05-11 10:58:54.032811,6736,34,6770
2022-05-11 10:58:55.034370,2036,93,2129
2022-05-11 10:58:56.040861,1214,58,1272
2022-05-11 10:58:57.050256,2590,76,2666
2022-05-11 10:58:58.055316,226,91,317
2022-05-11 10:58:59.058149,4785,90,4875
2022-05-11 10:59:00.062701,8671,113,8784
2022-05-11 10:59:01.067730,6745,86,6831
2022-05-11 10:59:02.080809,3551,58,3609
2022-05-11 10:59:03.090713,5696,47,5743
2022-05-11 10:59:04.096824,6818,94,6912
2022-05-11 10:59:05.102031,7082,99,7181
2022-05-11 10:59:06.112622,196,150,346
2022-05-11 10:59:07.122195,3561,83,3644
2022-05-11 10:59:08.115411,3408,83,3491
2022-05-11 10:59:09.127094,4435,140,4575
2022-05-11 10:59:10.134780,7185,68,7253
2022-05-11 10:59:11.138224,5913,148,6061
2022-05-11 10:59:12.151706,1410,72,1482
2022-05-11 10:59:13.156371,8722,21,8743
2022-05-11 10:59:14.159143,6354,74,6428
2022-05-11 10:59:15.174457,2356,109,2465
2022-05-11 10:59:16.183050,5729,16,5745
2022-05-11 10:59:17.188994,5321,43,5364
2022-05-11 10:59:18.188508,279,50,329
2022-05-11 10:59:19.189912,4652,82,4734
2022-05-11 10:59:20.204637,7367,2,7369
2022-05-11 10:59:21.211720,1313,136,1449
2022-05-11 10:59:22.220636,1145,44,1189
2022-05-11 10:59:23.221642,2682,28,2710
2022-05-11 10:59:24.228539,7515,110,7625
2022-05-11 10:59:25.237198,4483,20,4503
2022-05-11 10:59:26.247527,8747,147,8894
2022-05-11 10:59:27.253063,1597,105,1702
2022-05-11 10:59:28.253164,3717,22,3739
2022-05-11 10:59:29.258635,8701,5,8706
2022-05-11 10:59:30.267115,7199,48,7247
2022-05-11 10:59:31.274740,1976,98,2074
2022-05-11 10:59:32.283488,8898,59,8957
2022-05-11 10:59:33.290748,8971,26,8997
2022-05-11 10:59:34.288956,6990,90,7080
2022-05-11 10:59:35.303975,7984,39,8023
2022-05-11 10:59:36.307226,5337,92,5429
2022-05-11 10:59:37.317153,6510,124,6634
2022-05-11 10:59:38.326907,5179,106,5285
2022-05-11 10:59:39.326966,7774,48,7822
2022-05-11 10:59:40.337150,3988,20,4008
2022-05-11 10:59:41.337673,2941,55,2996
2022-05-11 10:59:42.347029,6851,53,6904
2022-05-11 10:59:43.353628,850,56,906
2022-05-11 10:59:44.361838,6269,96,6365
2022-05-11 10:59:45.368507,1723,26,1749
2022-05-11 10:59:46.378909,2871,9,2880
2022-05-11 10:59:47.386897,4562,91,4653
2022-05-11 10:59:48.394941,1618,132,1750
2022-05-11 10:59:49.406564,3585,137,3722
2022-05-11 10:59:50.406700,7624,125,7749
2022-05-11 10:59:51.417296,1345,104,1449
2022-05-11 10:59:52.423758,2220,30,2250
2022-05-11 10:59:53.431011,1564,27,1591
2022-05-11 10:59:54.430531,7732,134,7866
2022-05-11 10:59:55.444868,1230,52,1282
2022-05-11 10:59:56.448320,2352,68,2420
2022-05-11 10:59:57.458144,3022,147,3169
2022-05-11 10:59:58.457972,6804,65,6869
2022-05-11 10:59:59.469204,3353,9,3362
2022-05-11 11:00:00.487620,3690,54,3744
2022-05-11 11:00:01.492401,2936,88,3024
2022-05-11 11:00:02.497361,7414,4,7418
2022-05-11 11:00:03.506393,1827,14,1841
2022-05-11 11:00:04.517594,1563,111,1674
2022-05-11 11:00:05.525830,1336,102,1438
2022-05-11 11:00:06.535631,3076,140,3216
2022-05-11 11:00:07.542702,4795,109,4904
2022-05-11 11:00:08.546519,8410,52,8462
2022-05-11 11:00:09.544542,6129,2,6131
2022-05-11 11:00:10.556163,7792,136,7928
2022-05-11 11:00:11.563880,790,22,812
2022-05-11 11:00:12.565807,3334,84,3418
2022-05-11 11:00:13.578119,7982,59,8041
2022-05-11 11:00:14.583932,708,33,741
2022-05-11 11:00:15.585947,449,114,563
2022-05-11 11:00:16.590626,4954,15,4969
2022-05-11 11:00:17.603285,3821,24,3845
2022-05-11 11:00:18.613211,3541,114,3655
2022-05-11 11:00:19.620975,7965,69,8034
2022-05-11 11:00:20.629220,8015,113,8128
2022-05-11 11:00:21.632218,1321,18,1339
2022-05-11 11:00:22.643239,289,83,372
2022-05-11 11:00:23.650668,4405,124,4529
2022-05-11 11:00:24.644917,2618,54,2672
2022-05-11 11:00:25.661931,7671,121,7792
2022-05-11 11:00:26.668265,2432,148,2580
2022-05-11 11:00:27.672845,759,49,808
2022-05-11 11:00:28.682743,1915,89,2004
2022-05-11 11:00:29.685096,1647,115,1762
2022-05-11 11:00:30.694926,1844,50,1894
2022-05-11 11:00:31.697234,7308,61,7369
2022-05-11 11:00:32.700478,2769,38,2807
2022-05-11 11:00:33.706075,2475,90,2565
2022-05-11 11:00:34.714745,2626,147,2773
2022-05-11 11:00:35.724284,2123,63,2186
2022-05-11 11:00:36.734576,6419,142,6561
2022-05-11 11:00:37.738451,1765,145,1910
2022-05-11 11:00:38.744416,5955,113,6068
2022-05-11 11:00:39.743954,3820,106,3926
2022-05-11 11:00:40.758745,6158,120,6278
2022-05-11 11:00:41.783381,6610,7,6617
2022-05-11 11:00:42.780394,5908,143,6051
2022-05-11 11:00:43.784808,5577,109,5686
2022-05-11 11:00:44.794178,3014,82,3096
2022-05-11 11:00:45.801600,7505,2,7507
2022-05-11 11:00:46.812539,5906,138,6044
2022-05-11 11:00:47.821018,852,15,867
2022-05-11 11:00:48.833678,7089,30,7119
2022-05-11 11:00:49.840207,4234,114,4348
2022-05-11 11:00:50.847429,4904,40,4944
2022-05-11 11:00:51.855566,4641,28,4669
2022-05-11 11:00:52.863178,7600,72,7672
2022-05-11 11:00:53.863660,6986,150,7136
2022-05-11 11:00:54.873770,7533,110,7643
2022-05-11 11:00:55.877711,5710,46,5756
2022-05-11 11:00:56.887597,6067,104,6171
2022-05-11 11:00:57.892830,6755,21,6776
2022-05-11 11:00:58.895452,7575,129,7704
2022-05-11 11:00:59.904425,2276,128,2404
2022-05-11 11:01:00.911814,1625,81,1706
2022-05-11 11:01:01.924735,1856,125,1981
2022-05-11 11:01:02.932333,5821,88,5909
2022-05-11 11:01:03.940504,4746,58,4804
2022-05-11 11:01:04.946836,8699,9,8708
2022-05-11 11:01:05.945489,7934,15,7949
2022-05-11 11:01:06.958109,8788,39,8827
2022-05-11 11:01:07.967334,1190,24,1214
2022-05-11 11:01:08.975500,3133,58,3191
2022-05-11 11:01:09.983137,1471,103,1574
2022-05-11 11:01:10.982800,1246,102,1348
2022-05-11 11:01:11.989744,8419,129,8548
2022-05-11 11:01:12.996243,1449,130,1579
2022-05-11 11:01:14.006841,4998,47,5045
2022-05-11 11:01:15.017121,2682,120,2802
2022-05-11 11:01:16.018223,4414,109,4523
2022-05-11 11:01:17.028999,3,61,64
2022-05-11 11:01:18.032366,4245,23,4268
2022-05-11 11:01:19.039304,3016,105,3121
2022-05-11 11:01:20.042708,1938,48,1986
2022-05-11 11:01:21.052416,4128,19,4147
2022-05-11 11:01:22.055533,2535,117,2652
2022-05-11 11:01:23.066350,4076,140,4216
2022-05-11 11:01:24.061257,3631,21,3652
2022-05-11 11:01:25.077809,873,140,1013
2022-05-11 11:01:26.076207,8772,89,8861
2022-05-11 11:01:27.081156,8818,105,8923
2022-05-11 11:01:28.090675,1071,9,1080
2022-05-11 11:01:29.096291,1369,25,1394
2022-05-11 11:01:30.096466,8660,145,8805
2022-05-11 11:01:31.108111,4145,70,4215
2022-05-11 11:01:32.108917,3616,57,3673
2022-05-11 11:01:33.118184,7971,72,8043
2022-05-11 11:01:34.125297,6353,65,6418
2022-05-11 11:01:35.126211,4013,22,4035
2022-05-11 11:01:36.138761,8460,139,8599
2022-05-11 11:01:37.136721,3151,128,3279
2022-05-11 11:01:38.144498,5707,56,5763
2022-05-11 11:01:39.156421,3212,24,3236
2022-05-11 11:01:40.166354,5450,95,5545
2022-05-11 11:01:41.158728,2382,45,2427
2022-05-11 11:01:42.173013,1475,104,1579
2022-05-11 11:01:43.183545,2261,57,2318
2022-05-11 11:01:44.186452,1525,82,1607
2022-05-11 11:01:45.198923,7602,25,7627
2022-05-11 11:01:46.210392,7127,101,7228
2022-05-11 11:01:47.218869,2444,110,2554
2022-05-11 11:01:48.222483,6878,119,6997
2022-05-11 11:01:49.232140,3723,55,3778
2022-05-11 11:01:50.234004,2564,139,2703
2022-05-11 11:01:51.238522,1039,132,1171
2022-05-11 11:01:52.249063,7640,10,7650
2022-05-11 11:01:53.255323,2324,128,2452
2022-05-11 11:01:54.266091,930,1,931
2022-05-11 11:01:55.277631,302,1,303
2022-05-11 11:01:56.270031,1008,46,1054
2022-05-11 11:01:57.285283,7445,81,7526
2022-05-11 11:01:58.294846,2806,143,2949
2022-05-11 11:01:59.305812,5190,116,5306
2022-05-11 11:02:00.311822,7104,111,7215
2022-05-11 11:02:01.321838,7392,60,7452
2022-05-11 11:02:02.328522,592,37,629
2022-05-11 11:02:03.336054,5116,37,5153
2022-05-11 11:02:04.341710,7576,1,7577
2022-05-11 11:02:05.349170,2384,94,2478
2022-05-11 11:02:06.357124,7016,112,7128
2022-05-11 11:02:07.365592,972,107,1079
2022-05-11 11:02:08.373098,4153,80,4233
2022-05-11 11:02:09.377843,5885,44,5929
2022-05-11 11:02:10.382157,7343,43,7386
2022-05-11 11:02:11.385393,2950,35,2985
2022-05-11 11:02:12.399732,4565,41,4606
2022-05-11 11:02:13.405809,2611,111,2722
2022-05-11 11:02:14.413101,8858,45,8903
2022-05-11 11:02:15.420468,4136,102,4238
2022-05-11 11:02:16.429472,8496,92,8588
2022-05-11 11:02:17.436523,629,41,670
2022-05-11 11:02:18.442075,7666,89,7755
2022-05-11 11:02:19.447722,613,44,657
2022-05-11 11:02:20.459653,7522,54,7576
2022-05-11 11:02:21.465489,8907,81,8988
2022-05-11 11:02:22.474554,4527,12,4539
2022-05-11 11:02:23.474140,4434,88,4522
2022-05-11 11:02:24.482411,5474,143,5617
2022-05-11 11:02:25.488966,2669,130,2799
2022-05-11 11:02:26.495327,3780,35,3815
2022-05-11 11:02:27.502941,7381,76,7457
2022-05-11 11:02:28.508648,6765,150,6915
2022-05-11 11:02:29.511380,3049,85,3134
2022-05-11 11:02:30.519609,6602,83,6685
2022-05-11 11:02:31.526963,243,115,358
2022-05-11 11:02:32.535448,5067,29,5096
2022-05-11 11:02:33.541405,7715,149,7864
2022-05-11 11:02:34.549440,1565,67,1632
2022-05-11 11:02:35.552007,4458,104,4562
2022-05-11 11:02:36.561510,4385,82,4467
2022-05-11 11:02:37.576245,5583,100,5683
2022-05-11 11:02:38.581305,2205,53,2258
2022-05-11 11:02:39.590695,7634,67,7701
2022-05-11 11:02:40.598663,5887,120,6007
2022-05-11 11:02:41.603550,3125,106,3231
2022-05-11 11:02:43.623752,403,130,533
2022-05-11 11:02:44.630188,318,78,396
2022-05-11 11:02:45.634499,1124,28,1152
2022-05-11 11:02:46.640052,3656,119,3775
2022-05-11 11:02:47.647788,3149,67,3216
2022-05-11 11:02:48.656065,1037,48,1085
2022-05-11 11:02:49.659683,5333,123,5456
2022-05-11 11:02:50.667815,3625,133,3758
2022-05-11 11:02:51.677655,1180,69,1249
2022-05-11 11:02:52.686949,3130,114,3244
2022-05-11 11:02:53.688640,5431,149,5580
2022-05-11 11:02:54.695819,6370,3,6373
2022-05-11 11:02:55.703683,7823,121,7944
2022-05-11 11:02:56.711715,1248,36,1284
2022-05-11 11:02:57.717564,5110,32,5142
2022-05-11 11:02:58.725055,439,147,586
2022-05-11 11:02:59.727793,6802,124,6926
2022-05-11 11:03:00.740005,940,3,943
2022-05-11 11:03:01.746817,4723,14,4737
2022-05-11 11:03:02.748967,6718,111,6829
2022-05-11 11:03:03.759943,5555,66,5621
2022-05-11 11:03:04.768329,1588,144,1732
2022-05-11 11:03:05.778225,5204,55,5259
2022-05-11 11:03:06.784497,6965,40,7005
2022-05-11 11:03:07.789755,8596,13,8609
2022-05-11 11:03:08.797917,7526,19,7545
2022-05-11 11:03:09.797509,1586,148,1734
2022-05-11 11:03:10.809798,6654,79,6733
2022-05-11 11:03:11.818497,2045,93,2138
2022-05-11 11:03:12.812924,6169,76,6245
2022-05-11 11:03:13.831356,8911,56,8967
2022-05-11 11:03:14.837148,462,121,583
2022-05-11 11:03:15.846991,5718,107,5825
2022-05-11 11:03:16.854754,7259,97,7356
2022-05-11 11:03:17.865425,6099,80,6179
2022-05-11 11:03:18.871242,2509,70,2579
2022-05-11 11:03:19.877439,7166,113,7279
2022-05-11 11:03:20.885626,4153,147,4300
2022-05-11 11:03:21.892873,4204,54,4258
2022-05-11 11:03:22.900761,8763,17,8780
2022-05-11 11:03:23.910639,2812,142,2954
2022-05-11 11:03:24.918147,6784,136,6920
2022-05-11 11:03:25.929361,1062,134,1196
2022-05-11 11:03:26.935180,8582,140,8722
2022-05-11 11:03:27.929118,8795,127,8922
2022-05-11 11:03:28.949118,71,125,196
2022-05-11 11:03:29.955202,6747,56,6803
2022-05-11 11:03:30.962887,2199,102,2301
2022-05-11 11:03:31.968852,5651,134,5785
2022-05-11 11:03:32.978775,5348,35,5383
2022-05-11 11:03:33.988472,6521,99,6620
2022-05-11 11:03:35.000050,3048,99,3147
2022-05-11 11:03:36.005083,3687,39,3726
2022-05-11 11:03:37.011244,4563,38,4601
2022-05-11 11:03:38.017967,1924,88,2012
2022-05-11 11:03:39.026260,7741,137,7878
2022-05-11 11:03:40.033115,6919,148,7067
2022-05-11 11:03:41.038259,5260,37,5297
2022-05-11 11:03:42.046459,4934,79,5013
2022-05-11 11:03:43.043105,2194,67,2261
2022-05-11 11:03:44.056610,3885,73,3958
2022-05-11 11:03:45.064445,8952,21,8973
2022-05-11 11:03:46.072394,3560,77,3637
2022-05-11 11:03:47.073501,7076,69,7145
2022-05-11 11:03:48.087545,919,124,1043
2022-05-11 11:03:49.094804,5969,128,6097
2022-05-11 11:03:50.100952,8662,47,8709
2022-05-11 11:03:51.105086,2153,39,2192
2022-05-11 11:03:52.117688,1811,73,1884
2022-05-11 11:03:53.125148,1353,12,1365
2022-05-11 11:03:54.128941,4080,19,4099
2022-05-11 11:03:55.135136,6232,110,6342
2022-05-11 11:03:56.144842,8000,82,8082
2022-05-11 11:03:57.151339,6846,94,6940
2022-05-11 11:03:58.157771,5486,130,5616
2022-05-11 11:03:59.166460,8395,14,8409
2022-05-11 11:04:00.175600,6385,121,6506
2022-05-11 11:04:01.183477,8879,145,9024
2022-05-11 11:04:02.195406,3003,22,3025
2022-05-11 11:04:03.204438,2219,113,2332
2022-05-11 11:04:04.213918,3044,128,3172
2022-05-11 11:04:05.220743,5173,75,5248
2022-05-11 11:04:06.228951,7777,134,7911
2022-05-11 11:04:07.232914,6720,140,6860
2022-05-11 11:04:08.240759,3435,7,3442
2022-05-11 11:04:09.245579,3365,100,3465
2022-05-11 11:04:10.252458,460,120,580
2022-05-11 11:04:11.260741,457,33,490
2022-05-11 11:04:12.266884,7138,122,7260
2022-05-11 11:04:13.272051,5052,85,5137
2022-05-11 11:04:14.278761,5851,74,5925
2022-05-11 11:04:15.286899,7037,127,7164
2022-05-11 11:04:16.292990,6116,149,6265
2022-05-11 11:04:17.304220,4738,37,4775
2022-05-11 11:04:18.309064,154,76,230
2022-05-11 11:04:19.321113,4798,98,4896
2022-05-11 11:04:20.328679,1215,106,1321
2022-05-11 11:04:21.334550,6625,129,6754
2022-05-11 11:04:22.333922,1630,79,1709
2022-05-11 11:04:23.343610,802,114,916
2022-05-11 11:04:24.349211,2073,53,2126
2022-05-11 11:04:25.355855,6058,101,6159
2022-05-11 11:04:26.368978,726,92,818
2022-05-11 11:04:27.366857,4963,52,5015
2022-05-11 11:04:28.376418,572,36,608
2022-05-11 11:04:29.381795,2966,9,2975
2022-05-11 11:04:30.388640,7579,140,7719
2022-05-11 11:04:31.394228,8538,99,8637
2022-05-11 11:04:32.399963,3773,86,3859
2022-05-11 11:04:33.410339,7690,95,7785
2022-05-11 11:04:34.420358,3265,24,3289
2022-05-11 11:04:35.428399,3022,102,3124
2022-05-11 11:04:36.433916,7774,68,7842
2022-05-11 11:04:37.443372,1737,23,1760
2022-05-11 11:04:38.453483,6886,70,6956
2022-05-11 11:04:39.458632,7295,81,7376
2022-05-11 11:04:40.467775,8610,51,8661
2022-05-11 11:04:41.472997,8966,55,9021
2022-05-11 11:04:42.476130,8981,129,9110
2022-05-11 11:04:43.484704,2579,115,2694
2022-05-11 11:04:44.485878,6763,42,6805
2022-05-11 11:04:45.497867,7310,14,7324
2022-05-11 11:04:46.505767,8474,92,8566
2022-05-11 11:04:47.512079,8730,63,8793
2022-05-11 11:04:48.523542,8114,27,8141
2022-05-11 11:04:49.533150,7171,25,7196
2022-05-11 11:04:50.529588,864,34,898
2022-05-11 11:04:51.545285,8006,20,8026
2022-05-11 11:04:52.554292,771,121,892
2022-05-11 11:04:53.564142,4436,51,4487
2022-05-11 11:04:54.575162,5655,75,5730
2022-05-11 11:04:55.581955,7798,75,7873
2022-05-11 11:04:56.589203,7363,90,7453
2022-05-11 11:04:57.592054,7561,97,7658
2022-05-11 11:04:58.601485,1773,50,1823
2022-05-11 11:04:59.593672,2904,87,2991
2022-05-11 11:05:00.607688,561,84,645
2022-05-11 11:05:01.614512,6488,113,6601
2022-05-11 11:05:02.620849,5755,79,5834
2022-05-11 11:05:03.632659,6698,55,6753
2022-05-11 11:05:04.640587,3281,14,3295
2022-05-11 11:05:05.648929,8655,136,8791
2022-05-11 11:05:06.661214,1066,134,1200
2022-05-11 11:05:07.668698,3587,120,3707
2022-05-11 11:05:08.664001,5000,87,5087
2022-05-11 11:05:09.678573,4807,127,4934
2022-05-11 11:05:10.685463,6652,115,6767
2022-05-11 11:05:11.690501,5563,72,5635
2022-05-11 11:05:12.703224,4198,114,4312
2022-05-11 11:05:13.705888,1020,52,1072
2022-05-11 11:05:14.699119,5769,50,5819
2022-05-11 11:05:16.721224,2013,62,2075
2022-05-11 11:05:17.728440,5947,148,6095
2022-05-11 11:05:18.737328,2464,58,2522
2022-05-11 11:05:19.743116,77,83,160
2022-05-11 11:05:20.750612,5698,76,5774
2022-05-11 11:05:21.756790,3851,105,3956
2022-05-11 11:05:22.763515,6527,89,6616
2022-05-11 11:05:23.770528,8869,123,8992
2022-05-11 11:05:24.776893,3916,127,4043
2022-05-11 11:05:25.781358,2034,132,2166
2022-05-11 11:05:26.791204,1999,6,2005
2022-05-11 11:05:27.796562,4810,110,4920
2022-05-11 11:05:28.808035,7398,135,7533
2022-05-11 11:05:29.818606,8747,1,8748
2022-05-11 11:05:30.825834,3631,50,3681
2022-05-11 11:05:31.833350,2952,78,3030
2022-05-11 11:05:32.837392,3268,95,3363
2022-05-11 11:05:33.849851,978,7,985
2022-05-11 11:05:34.856435,1242,16,1258
2022-05-11 11:05:35.865565,1055,104,1159
2022-05-11 11:05:36.869928,4784,101,4885
2022-05-11 11:05:37.880455,5302,119,5421
2022-05-11 11:05:38.887481,8501,42,8543
2022-05-11 11:05:39.897110,5258,79,5337
2022-05-11 11:05:40.909533,3182,113,3295
2022-05-11 11:05:41.914058,5780,24,5804
2022-05-11 11:05:42.919257,6299,38,6337
2022-05-11 11:05:43.927733,2534,80,2614
2022-05-11 11:05:44.932868,5857,8,5865
2022-05-11 11:05:45.935454,574,119,693
2022-05-11 11:05:46.947334,1526,71,1597
2022-05-11 11:05:47.952682,3908,90,3998
2022-05-11 11:05:48.965228,4369,129,4498
2022-05-11 11:05:49.970520,6058,90,6148
2022-05-11 11:05:50.975800,6838,11,6849
2022-05-11 11:05:51.981439,7246,39,7285
2022-05-11 11:05:52.988437,3217,126,3343
2022-05-11 11:05:53.998645,4898,38,4936
2022-05-11 11:05:55.006481,381,108,489
2022-05-11 11:05:56.017677,1982,79,2061
2022-05-11 11:05:57.029113,1069,96,1165
2022-05-11 11:05:58.031121,540,109,649
2022-05-11 11:05:59.040147,1009,26,1035
2022-05-11 11:06:00.037562,5835,64,5899
2022-05-11 11:06:01.050096,1151,116,1267
2022-05-11 11:06:02.063236,6206,116,6322
2022-05-11 11:06:03.067560,1519,11,1530
2022-05-11 11:06:04.074130,7800,37,7837
2022-05-11 11:06:05.082482,3752,48,3800
2022-05-11 11:06:06.092383,1495,144,1639
2022-05-11 11:06:07.095664,5048,70,5118
2022-05-11 11:06:08.107340,8823,127,8950
2022-05-11 11:06:09.111656,1008,72,1080
2022-05-11 11:06:10.121956,2554,57,2611
2022-05-11 11:06:11.124251,7715,34,7749
2022-05-11 11:06:12.130580,334,45,379
2022-05-11 11:06:13.138024,8403,71,8474
2022-05-11 11:06:14.150590,5538,89,5627
2022-05-11 11:06:15.155363,6075,53,6128
2022-05-11 11:06:16.156907,1982,10,1992
2022-05-11 11:06:17.173132,6196,23,6219
2022-05-11 11:06:18.175846,3195,34,3229
2022-05-11 11:06:19.187800,7354,76,7430
2022-05-11 11:06:20.191836,3762,4,3766
2022-05-11 11:06:21.199551,45,17,62
2022-05-11 11:06:22.210423,4232,113,4345
2022-05-11 11:06:23.220599,6017,73,6090
2022-05-11 11:06:24.235408,3993,27,4020
2022-05-11 11:06:25.236447,8813,67,8880
2022-05-11 11:06:26.242357,6659,76,6735
2022-05-11 11:06:27.252757,4256,145,4401
2022-05-11 11:06:28.248184,3301,56,3357
2022-05-11 11:06:29.261593,4189,118,4307
2022-05-11 11:06:30.265214,2664,51,2715
2022-05-11 11:06:31.259786,4106,140,4246
2022-05-11 11:06:32.276324,4601,106,4707
2022-05-11 11:06:33.286209,7925,120,8045
2022-05-11 11:06:34.290707,8788,65,8853
2022-05-11 11:06:35.300176,7938,53,7991
2022-05-11 11:06:36.306419,6824,114,6938
2022-05-11 11:06:37.310292,2462,82,2544
2022-05-11 11:06:38.317744,3635,92,3727
2022-05-11 11:06:39.329605,7208,41,7249
2022-05-11 11:06:40.333360,8469,63,8532
2022-05-11 11:06:41.339685,2211,16,2227
2022-05-11 11:06:42.349386,5716,147,5863
2022-05-11 11:06:43.356691,5095,145,5240
2022-05-11 11:06:44.350608,7643,117,7760
2022-05-11 11:06:45.367933,1399,49,1448
2022-05-11 11:06:46.360572,5613,149,5762
2022-05-11 11:06:47.375808,5985,47,6032
2022-05-11 11:06:48.381747,6232,38,6270
2022-05-11 11:06:49.391576,474,7,481
2022-05-11 11:06:50.401039,8082,80,8162
2022-05-11 11:06:51.413241,6683,91,6774
2022-05-11 11:06:52.417722,5743,119,5862
2022-05-11 11:06:53.427624,2005,38,2043
2022-05-11 11:06:54.434107,5330,108,5438
2022-05-11 11:06:55.440967,8979,91,9070
2022-05-11 11:06:56.449992,6588,144,6732
2022-05-11 11:06:57.457486,734,58,792
2022-05-11 11:06:58.468041,1424,91,1515
2022-05-11 11:06:59.475723,7803,43,7846
2022-05-11 11:07:00.481673,8721,47,8768
2022-05-11 11:07:01.494585,4731,70,4801
2022-05-11 11:07:02.496209,6552,72,6624
2022-05-11 11:07:03.500303,4142,100,4242
2022-05-11 11:07:04.504816,4946,77,5023
2022-05-11 11:07:05.517080,513,148,661
2022-05-11 11:07:06.528982,432,30,462
2022-05-11 11:07:07.536851,7000,89,7089
2022-05-11 11:07:08.540894,4992,139,5131
2022-05-11 11:07:09.547955,8993,5,8998
2022-05-11 11:07:10.558323,8900,125,9025
2022-05-11 11:07:11.563898,2093,72,2165
2022-05-11 11:07:12.568526,1123,98,1221
2022-05-11 11:07:13.580151,5583,69,5652
2022-05-11 11:07:14.584811,8915,94,9009
2022-05-11 11:07:15.591561,1596,65,1661
2022-05-11 11:07:16.595767,2865,105,2970
2022-05-11 11:07:17.606815,6228,130,6358
2022-05-11 11:07:18.616179,461,108,569
2022-05-11 11:07:19.621695,2966,109,3075
2022-05-11 11:07:20.629619,4179,41,4220
2022-05-11 11:07:21.639461,1880,83,1963
2022-05-11 11:07:22.648535,8229,84,8313
2022-05-11 11:07:23.655046,842,51,893
2022-05-11 11:07:24.658758,597,114,711
2022-05-11 11:07:25.659938,1173,129,1302
2022-05-11 11:07:26.671172,8477,102,8579
2022-05-11 11:07:27.669206,987,41,1028
2022-05-11 11:07:28.685685,6920,104,7024
2022-05-11 11:07:29.696885,564,113,677
2022-05-11 11:07:30.703121,3318,53,3371
2022-05-11 11:07:31.712954,3132,139,3271
2022-05-11 11:07:32.718045,8527,135,8662
2022-05-11 11:07:33.728728,7770,111,7881
2022-05-11 11:07:34.737802,3687,80,3767
2022-05-11 11:07:35.742256,712,116,828
2022-05-11 11:07:36.752933,2977,147,3124
2022-05-11 11:07:37.754911,7746,11,7757
2022-05-11 11:07:38.762722,7925,85,8010
2022-05-11 11:07:39.770331,8035,43,8078
2022-05-11 11:07:40.779664,7827,123,7950
2022-05-11 11:07:41.791165,8769,142,8911
2022-05-11 11:07:42.798810,7813,110,7923
2022-05-11 11:07:43.806133,922,43,965
2022-05-11 11:07:44.809581,6598,32,6630
2022-05-11 11:07:45.818226,3867,123,3990
2022-05-11 11:07:46.823951,6494,125,6619
2022-05-11 11:07:47.819508,1293,124,1417
2022-05-11 11:07:48.832674,7766,91,7857
2022-05-11 11:07:49.837329,3742,143,3885
2022-05-11 11:07:50.847085,1814,39,1853
2022-05-11 11:07:51.855051,7228,125,7353
2022-05-11 11:07:52.861588,216,12,228
2022-05-11 11:07:53.866546,6463,43,6506
2022-05-11 11:07:54.872530,4672,118,4790
2022-05-11 11:07:55.880021,871,51,922
2022-05-11 11:07:56.885530,5188,135,5323
2022-05-11 11:07:57.892285,3904,55,3959
2022-05-11 11:07:58.902838,97,131,228
2022-05-11 11:07:59.907413,172,114,286
2022-05-11 11:08:00.914911,8163,20,8183
2022-05-11 11:08:01.922333,7692,70,7762
2022-05-11 11:08:02.915388,5584,27,5611
2022-05-11 11:08:03.931732,3570,47,3617
2022-05-11 11:08:04.939493,1693,142,1835
2022-05-11 11:08:05.946949,2374,120,2494
2022-05-11 11:08:06.949836,314,117,431
2022-05-11 11:08:07.954367,7908,52,7960
2022-05-11 11:08:08.958530,4742,20,4762
2022-05-11 11:08:09.962845,6827,66,6893
2022-05-11 11:08:10.971429,8566,33,8599
2022-05-11 11:08:11.981600,3889,126,4015
2022-05-11 11:08:12.985178,4478,34,4512
2022-05-11 11:08:13.993948,7772,58,7830
2022-05-11 11:08:14.997747,2575,89,2664
2022-05-11 11:08:16.007790,2240,20,2260
2022-05-11 11:08:17.011917,1068,67,1135
2022-05-11 11:08:18.012246,3952,90,4042
2022-05-11 11:08:19.024438,1013,140,1153
2022-05-11 11:08:20.022598,3640,70,3710
2022-05-11 11:08:21.037648,5767,60,5827
2022-05-11 11:08:22.045605,1567,5,1572
2022-05-11 11:08:23.052589,344,98,442
2022-05-11 11:08:24.059339,4816,75,4891
2022-05-11 11:08:25.066593,3916,36,3952
2022-05-11 11:08:26.071606,8560,88,8648
2022-05-11 11:08:27.069082,7610,79,7689
2022-05-11 11:08:28.085714,8094,44,8138
2022-05-11 11:08:29.094469,7363,54,7417
2022-05-11 11:08:30.100990,4863,50,4913
2022-05-11 11:08:31.103124,2271,53,2324
2022-05-11 11:08:32.112058,8618,132,8750
2022-05-11 11:08:33.117053,5165,120,5285
2022-05-11 11:08:34.125020,5627,80,5707
2022-05-11 11:08:37.147560,1068,129,1197
2022-05-11 11:08:38.152611,4606,55,4661
2022-05-11 11:08:39.161880,6155,86,6241
2022-05-11 11:08:40.173858,7214,128,7342
2022-05-11 11:08:41.173165,5431,8,5439
2022-05-11 11:08:42.185131,29,84,113
2022-05-11 11:08:43.196753,6368,68,6436
2022-05-11 11:08:44.204335,1296,9,1305
2022-05-11 11:08:45.207556,1083,26,1109
2022-05-11 11:08:46.215524,6788,17,6805
2022-05-11 11:08:47.224367,2842,104,2946
2022-05-11 11:08:48.230569,4350,94,4444
2022-05-11 11:08:49.235384,7675,115,7790
2022-05-11 11:08:50.244707,8678,73,8751
2022-05-11 11:08:51.253839,1448,18,1466
2022-05-11 11:08:52.257075,7209,98,7307
2022-05-11 11:08:53.261360,4761,77,4838
2022-05-11 11:08:54.272283,6339,19,6358
2022-05-11 11:08:55.278602,3473,133,3606
2022-05-11 11:08:56.287412,8257,57,8314
2022-05-11 11:08:57.294307,554,142,696
2022-05-11 11:08:58.298975,1512,48,1560
2022-05-11 11:08:59.306147,5076,130,5206
2022-05-11 11:09:00.313570,6607,131,6738
2022-05-11 11:09:01.319958,8153,131,8284
2022-05-11 11:09:02.324678,3484,8,3492
2022-05-11 11:09:03.337393,537,35,572
2022-05-11 11:09:04.342393,6052,22,6074
2022-05-11 11:09:05.350444,5497,53,5550
2022-05-11 11:09:06.351317,1981,147,2128
2022-05-11 11:09:07.361179,6475,32,6507
2022-05-11 11:09:08.358843,7048,138,7186
2022-05-11 11:09:09.375876,3732,39,3771
2022-05-11 11:09:10.380873,5526,114,5640
2022-05-11 11:09:11.385547,3102,11,3113
2022-05-11 11:09:12.393628,996,52,1048
2022-05-11 11:09:13.397592,6918,44,6962
2022-05-11 11:09:14.408055,8370,15,8385
2022-05-11 11:09:15.416113,6514,115,6629
2022-05-11 11:09:16.423196,4304,148,4452
2022-05-11 11:09:17.431996,3745,21,3766
2022-05-11 11:09:18.441810,6720,104,6824
2022-05-11 11:09:19.440400,4168,8,4176
2022-05-11 11:09:20.445776,2766,23,2789
2022-05-11 11:09:21.460195,2306,68,2374
2022-05-11 11:09:22.470262,7335,82,7417
2022-05-11 11:09:23.476470,709,132,841
2022-05-11 11:09:24.483975,8368,13,8381
2022-05-11 11:09:25.493658,7923,138,8061
2022-05-11 11:09:26.500423,5541,59,5600
2022-05-11 11:09:27.507936,1719,56,1775
2022-05-11 11:09:28.517382,3177,35,3212
2022-05-11 11:09:29.523256,269,35,304
2022-05-11 11:09:30.526212,7302,79,7381
2022-05-11 11:09:31.530216,8126,21,8147
2022-05-11 11:09:32.536918,4322,135,4457
2022-05-11 11:09:33.546618,8414,12,8426
2022-05-11 11:09:34.538047,5974,137,6111
2022-05-11 11:09:35.554341,4574,18,4592
2022-05-11 11:09:36.554136,6645,150,6795
2022-05-11 11:09:37.561263,1617,132,1749
2022-05-11 11:09:38.572172,293,121,414
2022-05-11 11:09:39.577198,8178,64,8242
2022-05-11 11:09:40.584933,4933,27,4960
2022-05-11 11:09:41.590648,5189,4,5193
2022-05-11 11:09:42.600437,8486,34,8520
2022-05-11 11:09:43.608818,8680,68,8748
2022-05-11 11:09:44.618341,2812,100,2912
2022-05-11 11:09:45.620726,7374,150,7524
2022-05-11 11:09:46.625174,7641,45,7686
2022-05-11 11:09:47.637481,5911,87,5998
2022-05-11 11:09:48.644415,8175,126,8301
2022-05-11 11:09:49.638706,8527,48,8575
2022-05-11 11:09:50.653288,2592,42,2634
2022-05-11 11:09:51.661754,5508,89,5597
2022-05-11 11:09:52.672447,503,83,586
2022-05-11 11:09:53.680344,1265,15,1280
2022-05-11 11:09:54.685381,8128,61,8189
2022-05-11 11:09:55.693035,302,103,405
2022-05-11 11:09:56.698893,3283,78,3361
2022-05-11 11:09:57.706390,3192,49,3241
2022-05-11 11:09:58.712959,4311,55,4366
2022-05-11 11:09:59.720270,2969,59,3028
2022-05-11 11:10:00.727996,546,96,642
2022-05-11 11:10:01.732869,4278,30,4308
2022-05-11 11:10:02.742963,2415,7,2422
2022-05-11 11:10:03.750802,6401,101,6502
2022-05-11 11:10:04.758726,2709,122,2831
2022-05-11 11:10:05.766460,7263,138,7401
2022-05-11 11:10:06.774722,8976,40,9016
2022-05-11 11:10:07.782348,4154,4,4158
2022-05-11 11:10:08.782503,4936,22,4958
2022-05-11 11:10:09.783650,5756,99,5855
2022-05-11 11:10:10.794373,2652,93,2745
2022-05-11 11:10:11.802849,4044,119,4163
2022-05-11 11:10:12.810197,8752,121,8873
2022-05-11 11:10:13.814657,247,41,288
2022-05-11 11:10:14.819176,5225,86,5311
2022-05-11 11:10:15.825855,497,85,582
2022-05-11 11:10:16.836082,1707,116,1823
2022-05-11 11:10:17.846249,5928,105,6033
2022-05-11 11:10:18.853402,3681,123,3804
2022-05-11 11:10:19.851672,6472,82,6554
2022-05-11 11:10:20.862802,7063,114,7177
2022-05-11 11:10:21.870678,3147,150,3297
2022-05-11 11:10:22.884050,7437,8,7445
2022-05-11 11:10:23.888878,5529,146,5675
2022-05-11 11:10:24.899537,7865,4,7869
2022-05-11 11:10:25.904811,7256,12,7268
2022-05-11 11:10:26.909848,2662,36,2698
2022-05-11 11:10:27.911953,3895,39,3934
2022-05-11 11:10:28.921876,1427,22,1449
2022-05-11 11:10:29.929813,3011,129,3140
2022-05-11 11:10:30.933985,7574,28,7602
2022-05-11 11:10:31.937512,2270,1,2271
2022-05-11 11:10:32.950896,4441,79,4520
2022-05-11 11:10:33.954434,716,21,737
2022-05-11 11:10:34.962475,2000,102,2102
2022-05-11 11:10:35.968957,8123,103,8226
2022-05-11 11:10:36.975424,5304,62,5366
2022-05-11 11:10:37.978009,4229,109,4338
2022-05-11 11:10:38.987456,4223,17,4240
2022-05-11 11:10:40.000007,2292,114,2406
2022-05-11 11:10:41.008765,4710,125,4835
2022-05-11 11:10:42.008753,7090,115,7205
2022-05-11 11:10:43.013740,6124,96,6220
2022-05-11 11:10:44.021527,384,52,436
2022-05-11 11:10:45.026055,6495,6,6501
2022-05-11 11:10:46.030798,6213,51,6264
2022-05-11 11:10:47.039763,505,108,613
2022-05-11 11:10:48.050219,7686,39,7725
2022-05-11 11:10:49.047639,3286,115,3401
2022-05-11 11:10:50.058619,2546,69,2615
2022-05-11 11:10:51.057111,7652,51,7703
2022-05-11 11:10:52.071567,4633,48,4681
2022-05-11 11:10:53.075815,6778,53,6831
2022-05-11 11:10:54.088366,4716,100,4816
2022-05-11 11:10:55.089926,3821,114,3935
2022-05-11 11:10:56.099451,2831,103,2934
2022-05-11 11:10:57.109564,3472,11,3483
2022-05-11 11:10:58.120758,4334,109,4443
2022-05-11 11:10:59.124732,4627,95,4722
2022-05-11 11:11:00.132528,5974,114,6088
2022-05-11 11:11:01.137237,7282,131,7413
2022-05-11 11:11:02.136272,2230,51,2281
2022-05-11 11:11:03.152245,2810,69,2879
2022-05-11 11:11:04.156109,5582,72,5654
2022-05-11 11:11:05.161152,4413,121,4534
2022-05-11 11:11:06.154726,5650,47,5697
2022-05-11 11:11:07.172180,3426,30,3456
2022-05-11 11:11:08.181713,1896,146,2042
2022-05-11 11:11:09.182369,6660,51,6711
2022-05-11 11:11:10.193181,2237,39,2276
2022-05-11 11:11:11.195624,2694,6,2700
2022-05-11 11:11:12.199357,142,65,207
2022-05-11 11:11:13.209220,7560,48,7608
2022-05-11 11:11:14.216147,3110,50,3160
2022-05-11 11:11:15.223182,716,131,847
2022-05-11 11:11:16.229769,5647,85,5732
2022-05-11 11:11:17.237353,2912,107,3019
2022-05-11 11:11:18.245589,7223,36,7259
2022-05-11 11:11:19.245824,2314,9,2323
2022-05-11 11:11:20.252049,5188,22,5210
2022-05-11 11:11:21.251350,4488,29,4517
2022-05-11 11:11:22.261264,129,102,231
2022-05-11 11:11:23.267735,8000,115,8115
2022-05-11 11:11:24.275690,3486,142,3628
2022-05-11 11:11:25.284656,2646,144,2790
2022-05-11 11:11:26.289818,2578,123,2701
2022-05-11 11:11:27.297777,5649,103,5752
2022-05-11 11:11:28.293152,2999,26,3025
2022-05-11 11:11:29.318387,8457,41,8498
2022-05-11 11:11:30.313556,2046,4,2050
2022-05-11 11:11:31.321574,5293,50,5343
2022-05-11 11:11:32.327751,2381,28,2409
2022-05-11 11:11:33.332755,2641,11,2652
2022-05-11 11:11:34.336290,2686,92,2778
2022-05-11 11:11:36.349719,8540,139,8679
2022-05-11 11:11:37.357003,8757,11,8768
2022-05-11 11:11:38.359670,2992,132,3124
2022-05-11 11:11:39.366748,663,101,764
2022-05-11 11:11:40.375327,2850,53,2903
2022-05-11 11:11:41.384102,4747,14,4761
2022-05-11 11:11:42.392422,6677,133,6810
2022-05-11 11:11:43.404663,2395,4,2399
2022-05-11 11:11:44.412766,8978,11,8989
2022-05-11 11:11:45.416253,8825,25,8850
2022-05-11 11:11:46.421032,8557,44,8601
2022-05-11 11:11:47.424084,6342,114,6456
2022-05-11 11:11:48.436312,4540,131,4671
2022-05-11 11:11:49.441526,3587,42,3629
2022-05-11 11:11:50.446708,6626,67,6693
2022-05-11 11:11:51.458835,4230,58,4288
2022-05-11 11:11:52.462345,608,72,680
2022-05-11 11:11:53.477259,5263,74,5337
2022-05-11 11:11:54.481469,1091,98,1189
2022-05-11 11:11:55.492359,2260,16,2276
2022-05-11 11:11:56.498470,956,147,1103
2022-05-11 11:11:57.499293,3670,18,3688
2022-05-11 11:11:58.507461,3739,120,3859
2022-05-11 11:11:59.519957,3916,73,3989
2022-05-11 11:12:00.525032,5977,135,6112
2022-05-11 11:12:01.528534,8147,35,8182
2022-05-11 11:12:02.537905,3509,74,3583
2022-05-11 11:12:03.547211,988,43,1031
2022-05-11 11:12:04.554732,4065,52,4117
2022-05-11 11:12:05.551885,8206,59,8265
2022-05-11 11:12:06.562485,217,18,235
2022-05-11 11:12:07.563716,943,10,953
2022-05-11 11:12:09.582294,3424,37,3461
2022-05-11 11:12:10.583756,3802,54,3856
2022-05-11 11:12:11.593946,3531,3,3534
2022-05-11 11:12:12.595235,7239,126,7365
2022-05-11 11:12:13.612767,1800,68,1868
2022-05-11 11:12:14.616853,8196,56,8252
2022-05-11 11:12:15.620355,1438,79,1517
2022-05-11 11:12:16.629252,2757,61,2818
2022-05-11 11:12:17.639549,7448,19,7467
2022-05-11 11:12:18.644474,5190,39,5229
2022-05-11 11:12:19.652446,8694,31,8725
2022-05-11 11:12:20.660392,7374,73,7447
2022-05-11 11:12:21.668898,8527,91,8618
2022-05-11 11:12:22.660486,3606,78,3684
2022-05-11 11:12:23.677592,8010,95,8105
2022-05-11 11:12:24.688920,512,82,594
2022-05-11 11:12:25.688790,8735,134,8869
2022-05-11 11:12:26.700096,6274,30,6304
2022-05-11 11:12:27.702533,2322,61,2383
2022-05-11 11:12:28.713017,6958,106,7064
2022-05-11 11:12:29.720783,5714,100,5814
2022-05-11 11:12:30.725794,358,117,475
2022-05-11 11:12:31.732648,8877,125,9002
2022-05-11 11:12:32.738036,2491,96,2587
2022-05-11 11:12:34.754776,6276,127,6403
2022-05-11 11:12:35.760461,6744,37,6781
2022-05-11 11:12:36.765957,6455,18,6473
2022-05-11 11:12:37.761088,1207,140,1347
2022-05-11 11:12:38.770362,1633,89,1722
2022-05-11 11:12:39.778599,565,84,649
2022-05-11 11:12:40.787012,3701,27,3728
2022-05-11 11:12:41.797707,105,17,122
2022-05-11 11:12:42.797352,484,63,547
2022-05-11 11:12:43.803979,7296,42,7338
2022-05-11 11:12:44.804470,1378,83,1461
2022-05-11 11:12:45.815968,1326,48,1374
2022-05-11 11:12:46.822504,2381,98,2479
2022-05-11 11:12:47.824238,2334,22,2356
2022-05-11 11:12:48.838851,8998,84,9082
2022-05-11 11:12:49.853323,5734,135,5869
2022-05-11 11:12:50.857027,7902,138,8040
2022-05-11 11:12:51.862520,8967,67,9034
2022-05-11 11:12:52.866503,3679,138,3817
2022-05-11 11:12:53.870391,4231,87,4318
2022-05-11 11:12:54.884833,6072,34,6106
2022-05-11 11:12:56.899845,7396,20,7416
2022-05-11 11:12:57.904974,1526,129,1655
2022-05-11 11:12:58.911946,8175,98,8273
2022-05-11 11:12:59.919697,4755,98,4853
2022-05-11 11:13:00.917662,5835,10,5845
2022-05-11 11:13:01.923147,66,17,83
2022-05-11 11:13:02.931801,3989,68,4057
2022-05-11 11:13:03.941203,1254,23,1277
2022-05-11 11:13:04.949251,5667,14,5681
2022-05-11 11:13:05.959511,6506,115,6621
2022-05-11 11:13:06.966154,6343,3,6346
2022-05-11 11:13:07.974855,5430,17,5447
2022-05-11 11:13:08.979345,4803,142,4945
2022-05-11 11:13:09.987252,7733,109,7842
2022-05-11 11:13:10.992493,6213,113,6326
2022-05-11 11:13:12.001973,7011,104,7115
2022-05-11 11:13:14.019545,6314,43,6357
2022-05-11 11:13:15.030481,3031,46,3077
2022-05-11 11:13:16.040177,2595,106,2701
2022-05-11 11:13:17.045216,886,126,1012
2022-05-11 11:13:18.052377,8626,105,8731
2022-05-11 11:13:19.061925,8468,27,8495
2022-05-11 11:13:20.070764,2995,141,3136
2022-05-11 11:13:21.078741,4214,100,4314
2022-05-11 11:13:22.086732,8663,148,8811
2022-05-11 11:13:23.095135,4671,121,4792
2022-05-11 11:13:24.103246,4757,3,4760
2022-05-11 11:13:25.109962,7889,44,7933
2022-05-11 11:13:26.117717,6008,148,6156
2022-05-11 11:13:27.115967,4989,55,5044
2022-05-11 11:13:28.128685,3786,96,3882
2022-05-11 11:13:29.130662,8049,114,8163
2022-05-11 11:13:30.135150,296,100,396
2022-05-11 11:13:31.143173,456,74,530
2022-05-11 11:13:32.152055,7578,23,7601
2022-05-11 11:13:33.152706,4238,77,4315
2022-05-11 11:13:34.159355,1604,38,1642
2022-05-11 11:13:35.161396,4505,58,4563
2022-05-11 11:13:36.173989,3770,96,3866
2022-05-11 11:13:37.184309,1364,64,1428
2022-05-11 11:13:38.191707,1300,11,1311
2022-05-11 11:13:39.188924,5496,5,5501
2022-05-11 11:13:40.204422,6030,79,6109
2022-05-11 11:13:41.208284,3558,68,3626
2022-05-11 11:13:42.218302,3090,71,3161
2022-05-11 11:13:43.223946,8438,18,8456
2022-05-11 11:13:44.230815,5119,97,5216
2022-05-11 11:13:45.237276,7847,15,7862
2022-05-11 11:13:46.243975,2746,107,2853
2022-05-11 11:13:47.253090,1013,109,1122
2022-05-11 11:13:48.260398,4043,41,4084
2022-05-11 11:13:49.270048,2157,60,2217
2022-05-11 11:13:50.276521,5629,149,5778
2022-05-11 11:13:51.281043,1972,38,2010
2022-05-11 11:13:52.295060,3355,30,3385
2022-05-11 11:13:53.298400,4229,56,4285
2022-05-11 11:13:54.292997,8158,19,8177
2022-05-11 11:13:55.309873,6808,48,6856
2022-05-11 11:13:56.314150,8711,12,8723
2022-05-11 11:13:57.324355,1930,72,2002
2022-05-11 11:13:58.332626,4646,25,4671
2022-05-11 11:13:59.343163,5905,30,5935
2022-05-11 11:14:00.351986,4540,41,4581
2022-05-11 11:14:01.364293,1438,69,1507
2022-05-11 11:14:02.374187,4595,122,4717
2022-05-11 11:14:03.381407,1004,19,1023
2022-05-11 11:14:04.377129,7190,135,7325
2022-05-11 11:14:05.389285,1114,51,1165
2022-05-11 11:14:06.399767,7797,60,7857
2022-05-11 11:14:07.404309,377,90,467
2022-05-11 11:14:08.417462,6226,26,6252
2022-05-11 11:14:09.408533,8018,66,8084
2022-05-11 11:14:10.420699,744,93,837
2022-05-11 11:14:11.430432,156,62,218
2022-05-11 11:14:12.437510,2568,149,2717
2022-05-11 11:14:13.441524,4337,39,4376
2022-05-11 11:14:14.453177,8816,27,8843
2022-05-11 11:14:15.464282,6493,144,6637
2022-05-11 11:14:16.470251,7641,109,7750
2022-05-11 11:14:17.479496,8536,123,8659
2022-05-11 11:14:18.488155,2213,128,2341
2022-05-11 11:14:19.493805,8933,33,8966
2022-05-11 11:14:20.495751,624,149,773
2022-05-11 11:14:21.506443,8174,135,8309
2022-05-11 11:14:22.512224,8257,120,8377
2022-05-11 11:14:23.521678,3197,9,3206
2022-05-11 11:14:24.530720,1944,116,2060
2022-05-11 11:14:25.537607,238,134,372
2022-05-11 11:14:26.549384,2527,76,2603
2022-05-11 11:14:27.550305,3399,110,3509
2022-05-11 11:14:28.561360,183,50,233
2022-05-11 11:14:29.565354,3743,35,3778
2022-05-11 11:14:30.576561,4388,142,4530
2022-05-11 11:14:31.583664,6928,34,6962
2022-05-11 11:14:32.593323,4010,72,4082
2022-05-11 11:14:33.600825,6118,125,6243
2022-05-11 11:14:34.602734,560,150,710
2022-05-11 11:14:35.606803,561,3,564
2022-05-11 11:14:36.620776,4817,27,4844
2022-05-11 11:14:37.631461,2364,45,2409
2022-05-11 11:14:38.637003,8590,108,8698
2022-05-11 11:14:39.640767,986,33,1019
2022-05-11 11:14:40.644962,7891,143,8034
2022-05-11 11:14:41.659428,2689,47,2736
2022-05-11 11:14:42.665692,7376,20,7396
2022-05-11 11:14:43.673380,3544,141,3685
2022-05-11 11:14:44.679634,1447,34,1481
2022-05-11 11:14:45.686245,5455,17,5472
2022-05-11 11:14:46.692752,1478,8,1486
2022-05-11 11:14:48.706774,2525,22,2547
2022-05-11 11:14:49.715390,2691,141,2832
2022-05-11 11:14:50.719685,4179,91,4270
2022-05-11 11:14:51.724902,5410,142,5552
2022-05-11 11:14:52.732673,7342,88,7430
2022-05-11 11:14:53.739745,7456,96,7552
2022-05-11 11:14:54.746813,1411,51,1462
2022-05-11 11:14:55.753436,3040,43,3083
2022-05-11 11:14:56.761968,2221,128,2349
2022-05-11 11:14:57.768091,6923,127,7050
2022-05-11 11:14:58.778049,124,79,203
2022-05-11 11:14:59.779383,6159,114,6273
2022-05-11 11:15:00.789864,3072,32,3104
2022-05-11 11:15:01.793068,5383,65,5448
2022-05-11 11:15:02.798064,4568,95,4663
2022-05-11 11:15:03.807328,2624,1,2625
2022-05-11 11:15:04.811896,3884,131,4015
2022-05-11 11:15:05.820073,145,73,218
2022-05-11 11:15:06.827912,926,13,939
2022-05-11 11:15:07.829979,2304,60,2364
2022-05-11 11:15:08.835800,5493,96,5589
2022-05-11 11:15:09.844557,3275,76,3351
2022-05-11 11:15:10.843180,3652,70,3722
2022-05-11 11:15:11.850362,705,43,748
2022-05-11 11:15:12.861031,675,2,677
2022-05-11 11:15:13.862840,2474,143,2617
2022-05-11 11:15:14.872150,3618,56,3674
2022-05-11 11:15:15.873119,3427,18,3445
2022-05-11 11:15:16.879874,2271,3,2274
2022-05-11 11:15:17.890077,6017,139,6156
2022-05-11 11:15:18.893096,1267,5,1272
2022-05-11 11:15:19.895449,339,66,405
2022-05-11 11:15:20.907188,5691,1,5692
2022-05-11 11:15:21.913662,836,32,868
2022-05-11 11:15:22.919099,2481,41,2522
2022-05-11 11:15:23.919637,1180,129,1309
2022-05-11 11:15:24.928707,7459,3,7462
2022-05-11 11:15:25.925768,6861,28,6889
2022-05-11 11:15:26.939367,1625,135,1760
2022-05-11 11:15:27.947933,774,104,878
2022-05-11 11:15:28.952306,2190,36,2226
2022-05-11 11:15:29.962967,1292,102,1394
2022-05-11 11:15:30.969691,6399,97,6496
2022-05-11 11:15:31.978181,2072,45,2117
2022-05-11 11:15:32.988782,3055,123,3178
2022-05-11 11:15:33.996762,8007,105,8112
2022-05-11 11:15:35.010611,1517,123,1640
2022-05-11 11:15:36.014282,2546,123,2669
2022-05-11 11:15:37.021679,3471,140,3611
2022-05-11 11:15:38.028740,1280,119,1399
2022-05-11 11:15:39.040365,6787,31,6818
2022-05-11 11:15:40.046055,7919,72,7991
2022-05-11 11:15:41.039003,7433,23,7456
2022-05-11 11:15:42.050363,477,12,489
2022-05-11 11:15:43.056615,8627,1,8628
2022-05-11 11:15:44.063676,468,35,503
2022-05-11 11:15:45.070602,1526,116,1642
2022-05-11 11:15:46.084071,8233,33,8266
2022-05-11 11:15:47.095836,5255,24,5279
2022-05-11 11:15:48.097587,5512,55,5567
2022-05-11 11:15:49.106741,2811,149,2960
2022-05-11 11:15:50.105696,5749,88,5837
2022-05-11 11:15:51.118944,5780,24,5804
2022-05-11 11:15:52.127289,4456,29,4485
2022-05-11 11:15:53.134043,7413,24,7437
2022-05-11 11:15:54.145533,45,3,48
2022-05-11 11:15:55.146522,1561,39,1600
2022-05-11 11:15:56.151055,4489,113,4602
2022-05-11 11:15:57.161257,7926,10,7936
2022-05-11 11:15:58.172194,8806,70,8876
2022-05-11 11:15:59.179376,4617,15,4632
2022-05-11 11:16:00.187742,5740,53,5793
2022-05-11 11:16:01.192096,6480,6,6486
2022-05-11 11:16:02.200054,7780,31,7811
2022-05-11 11:16:03.207631,913,69,982
2022-05-11 11:16:04.218668,5875,58,5933
2022-05-11 11:16:05.228396,5035,63,5098
2022-05-11 11:16:06.230199,6544,43,6587
2022-05-11 11:16:07.235651,465,90,555
2022-05-11 11:16:08.243422,2007,87,2094
2022-05-11 11:16:09.251351,3722,147,3869
2022-05-11 11:16:10.249354,7273,1,7274
2022-05-11 11:16:11.259457,346,99,445
2022-05-11 11:16:12.271078,4220,42,4262
2022-05-11 11:16:13.280102,5268,44,5312
2022-05-11 11:16:14.285682,6924,19,6943
2022-05-11 11:16:15.292468,1131,136,1267
2022-05-11 11:16:16.299068,493,106,599
2022-05-11 11:16:17.303031,2252,36,2288
2022-05-11 11:16:19.316587,3314,62,3376
2022-05-11 11:16:20.325969,7053,69,7122
2022-05-11 11:16:21.327223,8529,64,8593
2022-05-11 11:16:22.337446,7465,51,7516
2022-05-11 11:16:23.330026,7621,28,7649
2022-05-11 11:16:24.345345,8058,13,8071
2022-05-11 11:16:25.354247,483,26,509
2022-05-11 11:16:26.358043,6979,146,7125
2022-05-11 11:16:27.367886,185,5,190
2022-05-11 11:16:28.378810,5876,15,5891
2022-05-11 11:16:29.381745,8252,132,8384
2022-05-11 11:16:30.390021,5744,44,5788
2022-05-11 11:16:31.397075,376,37,413
2022-05-11 11:16:32.403272,8049,32,8081
2022-05-11 11:16:33.404921,7998,91,8089
2022-05-11 11:16:34.415669,8360,94,8454
2022-05-11 11:16:35.424238,8914,122,9036
2022-05-11 11:16:36.430078,3105,78,3183
2022-05-11 11:16:37.433107,2405,89,2494
2022-05-11 11:16:38.440470,1181,150,1331
2022-05-11 11:16:39.447973,1873,80,1953
2022-05-11 11:16:40.448901,1424,120,1544
2022-05-11 11:16:41.458639,40,112,152
2022-05-11 11:16:42.457576,264,66,330
2022-05-11 11:16:43.465816,8355,66,8421
2022-05-11 11:16:44.475478,3449,75,3524
2022-05-11 11:16:45.487624,8982,45,9027
2022-05-11 11:16:46.488191,3552,8,3560
2022-05-11 11:16:47.502183,3996,135,4131
2022-05-11 11:16:48.509555,3253,7,3260
2022-05-11 11:16:49.515636,5430,124,5554
2022-05-11 11:16:50.520378,4019,3,4022
2022-05-11 11:16:51.528461,2588,96,2684
2022-05-11 11:16:52.529617,226,16,242
2022-05-11 11:16:53.536324,2071,127,2198
2022-05-11 11:16:54.544222,3645,113,3758
2022-05-11 11:16:55.552894,6202,97,6299
2022-05-11 11:16:56.558878,4260,101,4361
2022-05-11 11:16:57.553355,8190,47,8237
2022-05-11 11:16:58.572537,2769,127,2896
2022-05-11 11:16:59.578875,160,33,193
2022-05-11 11:17:00.589987,290,118,408
2022-05-11 11:17:01.596039,7312,145,7457
2022-05-11 11:17:02.609992,7601,90,7691
2022-05-11 11:17:03.614653,4253,109,4362
2022-05-11 11:17:04.623013,3966,94,4060
2022-05-11 11:17:05.631562,7571,64,7635
2022-05-11 11:17:06.633480,4070,65,4135
2022-05-11 11:17:07.644615,5275,61,5336
2022-05-11 11:17:08.645913,7467,20,7487
2022-05-11 11:17:09.658027,6221,142,6363
2022-05-11 11:17:10.665226,2423,108,2531
2022-05-11 11:17:11.675230,5368,102,5470
2022-05-11 11:17:12.668124,4836,88,4924
2022-05-11 11:17:13.687578,2226,26,2252
2022-05-11 11:17:14.697280,5520,107,5627
2022-05-11 11:17:15.705153,4191,21,4212
2022-05-11 11:17:16.705062,1780,107,1887
2022-05-11 11:17:17.715896,4641,40,4681
2022-05-11 11:17:18.722775,7132,8,7140
2022-05-11 11:17:19.737026,1726,84,1810
2022-05-11 11:17:20.745251,6734,52,6786
2022-05-11 11:17:21.754134,5986,97,6083
2022-05-11 11:17:22.751281,1951,40,1991
2022-05-11 11:17:23.766805,2877,60,2937
2022-05-11 11:17:24.765292,7847,20,7867
2022-05-11 11:17:25.778132,5856,76,5932
2022-05-11 11:17:26.787848,7617,55,7672
2022-05-11 11:17:27.791059,2148,26,2174
2022-05-11 11:17:28.799020,6326,110,6436
2022-05-11 11:17:29.806818,691,12,703
2022-05-11 11:17:30.810624,5457,8,5465
2022-05-11 11:17:31.814212,8951,83,9034
2022-05-11 11:17:32.823951,6761,52,6813
2022-05-11 11:17:33.831979,3498,82,3580
2022-05-11 11:17:34.840298,2258,121,2379
2022-05-11 11:17:35.849739,2632,3,2635
2022-05-11 11:17:36.854671,708,138,846
2022-05-11 11:17:37.860696,7263,101,7364
2022-05-11 11:17:38.870758,3471,93,3564
2022-05-11 11:17:39.880115,4444,64,4508
2022-05-11 11:17:40.885696,839,68,907
2022-05-11 11:17:41.896896,654,11,665
2022-05-11 11:17:42.903284,8811,104,8915
2022-05-11 11:17:43.911195,8134,78,8212
2022-05-11 11:17:44.919640,1301,58,1359
2022-05-11 11:17:45.926664,786,19,805
2022-05-11 11:17:46.937155,6344,94,6438
2022-05-11 11:17:47.947490,1546,38,1584
2022-05-11 11:17:48.954237,2054,90,2144
2022-05-11 11:17:49.962926,8195,98,8293
2022-05-11 11:17:50.967301,6390,32,6422
2022-05-11 11:17:51.974813,1269,138,1407
2022-05-11 11:17:52.984344,3738,130,3868
2022-05-11 11:17:53.993227,3266,13,3279
2022-05-11 11:17:55.004275,4176,49,4225
2022-05-11 11:17:56.003739,1010,9,1019
2022-05-11 11:17:57.013439,1193,81,1274
2022-05-11 11:17:58.024398,1881,111,1992
2022-05-11 11:17:59.025928,4434,122,4556
2022-05-11 11:18:00.033305,2784,77,2861
2022-05-11 11:18:01.034825,8021,33,8054
2022-05-11 11:18:02.046860,2268,124,2392
2022-05-11 11:18:03.051538,4275,138,4413
2022-05-11 11:18:04.059194,8080,56,8136
2022-05-11 11:18:05.061887,785,40,825
2022-05-11 11:18:06.069633,7513,91,7604
2022-05-11 11:18:07.092895,2686,116,2802
2022-05-11 11:18:08.088712,5866,127,5993
2022-05-11 11:18:09.104335,1433,74,1507
2022-05-11 11:18:10.102823,1201,100,1301
2022-05-11 11:18:11.108605,1662,94,1756
2022-05-11 11:18:12.116896,417,2,419
2022-05-11 11:18:13.128969,2185,97,2282
2022-05-11 11:18:14.129732,4531,119,4650
2022-05-11 11:18:15.138707,4701,75,4776
2022-05-11 11:18:16.137527,5455,106,5561
2022-05-11 11:18:17.150491,6393,50,6443
2022-05-11 11:18:18.165338,7615,15,7630
2022-05-11 11:18:19.170314,1278,69,1347
2022-05-11 11:18:20.179519,4211,80,4291
2022-05-11 11:18:21.185155,2688,103,2791
2022-05-11 11:18:22.196424,2843,52,2895
2022-05-11 11:18:23.206012,7552,150,7702
2022-05-11 11:18:24.216499,5145,130,5275
2022-05-11 11:18:25.227694,8151,76,8227
2022-05-11 11:18:26.231886,2090,146,2236
2022-05-11 11:18:27.239737,8834,35,8869
2022-05-11 11:18:28.251015,2895,20,2915
2022-05-11 11:18:29.244100,5519,12,5531
2022-05-11 11:18:30.264166,3311,134,3445
2022-05-11 11:18:31.269775,3443,144,3587
2022-05-11 11:18:32.273429,2123,60,2183
2022-05-11 11:18:33.282085,1807,120,1927
2022-05-11 11:18:34.282880,6118,46,6164
2022-05-11 11:18:35.295519,400,13,413
2022-05-11 11:18:36.299225,3689,85,3774
2022-05-11 11:18:37.305286,8168,9,8177
2022-05-11 11:18:38.307213,646,49,695
2022-05-11 11:18:39.315817,5599,2,5601
2022-05-11 11:18:40.322320,7040,123,7163
2022-05-11 11:18:41.331180,3791,40,3831
2022-05-11 11:18:42.338425,631,4,635
2022-05-11 11:18:43.351525,1416,52,1468
2022-05-11 11:18:44.335924,8055,131,8186
2022-05-11 11:18:45.352602,2679,125,2804
2022-05-11 11:18:46.355390,2582,34,2616
2022-05-11 11:18:47.358691,207,141,348
2022-05-11 11:18:48.364189,5912,40,5952
2022-05-11 11:18:49.371991,8065,74,8139
2022-05-11 11:18:50.378632,5506,86,5592
2022-05-11 11:18:51.385297,6346,144,6490
2022-05-11 11:18:52.392698,6362,87,6449
2022-05-11 11:18:53.401956,7729,50,7779
2022-05-11 11:18:54.411372,6810,125,6935
2022-05-11 11:18:55.416707,781,126,907
2022-05-11 11:18:56.423441,5726,99,5825
2022-05-11 11:18:57.428807,8788,19,8807
2022-05-11 11:18:58.428216,6020,93,6113
2022-05-11 11:18:59.433337,2217,67,2284
2022-05-11 11:19:00.437095,3731,118,3849
2022-05-11 11:19:01.442770,1033,109,1142
2022-05-11 11:19:02.444628,4305,42,4347
2022-05-11 11:19:03.463167,5270,138,5408
2022-05-11 11:19:04.463653,8881,51,8932
2022-05-11 11:19:05.468971,4230,22,4252
2022-05-11 11:19:06.475336,3448,13,3461
2022-05-11 11:19:07.488449,2729,122,2851
2022-05-11 11:19:08.492531,1414,10,1424
2022-05-11 11:19:09.502477,5617,127,5744
2022-05-11 11:19:10.507680,6538,111,6649
2022-05-11 11:19:11.516467,4300,65,4365
2022-05-11 11:19:12.525694,8335,66,8401
2022-05-11 11:19:13.526974,6603,126,6729
2022-05-11 11:19:14.541259,4924,121,5045
2022-05-11 11:19:15.534323,7651,99,7750
2022-05-11 11:19:16.546093,5885,23,5908
2022-05-11 11:19:17.555173,5226,58,5284
2022-05-11 11:19:18.563954,2429,103,2532
2022-05-11 11:19:19.571016,1427,147,1574
2022-05-11 11:19:20.572820,3046,81,3127
2022-05-11 11:19:21.585030,1408,96,1504
2022-05-11 11:19:22.591738,733,149,882
2022-05-11 11:19:23.598210,4541,97,4638
2022-05-11 11:19:24.600444,2857,121,2978
2022-05-11 11:19:25.615922,2782,141,2923
2022-05-11 11:19:26.624843,3160,14,3174
2022-05-11 11:19:27.631315,8579,135,8714
2022-05-11 11:19:28.635643,1992,32,2024
2022-05-11 11:19:29.645539,431,14,445
2022-05-11 11:19:30.648297,4490,35,4525
2022-05-11 11:19:31.656856,3677,142,3819
2022-05-11 11:19:32.663625,4967,12,4979
2022-05-11 11:19:33.666393,6881,83,6964
2022-05-11 11:19:34.671296,8136,41,8177
2022-05-11 11:19:35.682335,4571,61,4632
2022-05-11 11:19:36.687004,4939,10,4949
2022-05-11 11:19:37.692275,2376,107,2483
2022-05-11 11:19:38.699281,5116,44,5160
2022-05-11 11:19:39.704378,2104,115,2219
2022-05-11 11:19:40.714552,4319,39,4358
2022-05-11 11:19:41.712211,3120,114,3234
2022-05-11 11:19:42.722100,7391,20,7411
2022-05-11 11:19:43.727874,3437,63,3500
2022-05-11 11:19:44.735648,6704,102,6806
2022-05-11 11:19:45.731470,3105,42,3147
2022-05-11 11:19:46.747918,2934,102,3036
2022-05-11 11:19:47.755519,4413,41,4454
2022-05-11 11:19:48.761340,1799,118,1917
2022-05-11 11:19:49.770097,4665,144,4809
2022-05-11 11:19:50.774570,2287,22,2309
2022-05-11 11:19:51.780244,4460,100,4560
2022-05-11 11:19:52.786344,3763,110,3873
2022-05-11 11:19:53.792041,1554,49,1603
2022-05-11 11:19:54.803353,7500,81,7581
2022-05-11 11:19:55.814068,3169,127,3296
2022-05-11 11:19:56.825844,2119,135,2254
2022-05-11 11:19:57.835542,404,72,476
2022-05-11 11:19:58.842636,8631,68,8699
2022-05-11 11:19:59.851905,6121,137,6258
2022-05-11 11:20:00.843292,6765,21,6786
2022-05-11 11:20:01.860247,8268,144,8412
2022-05-11 11:20:02.872144,2160,101,2261
2022-05-11 11:20:03.881013,8882,125,9007
2022-05-11 11:20:04.885991,4207,140,4347
2022-05-11 11:20:05.890451,1254,137,1391
2022-05-11 11:20:06.894665,2633,82,2715
2022-05-11 11:20:07.904967,924,51,975
2022-05-11 11:20:08.909002,904,143,1047
2022-05-11 11:20:09.916118,399,68,467
2022-05-11 11:20:10.919384,5723,3,5726
2022-05-11 11:20:11.922883,4353,77,4430
2022-05-11 11:20:12.927252,3713,30,3743
2022-05-11 11:20:13.930543,4221,11,4232
2022-05-11 11:20:14.935225,7769,57,7826
2022-05-11 11:20:15.937354,4300,44,4344
2022-05-11 11:20:16.941548,3639,60,3699
2022-05-11 11:20:17.951136,7986,116,8102
2022-05-11 11:20:18.959754,4230,54,4284
2022-05-11 11:20:19.968352,277,64,341
2022-05-11 11:20:20.974761,4113,1,4114
2022-05-11 11:20:21.973756,8179,31,8210
2022-05-11 11:20:22.987130,6286,81,6367
2022-05-11 11:20:24.000350,6362,4,6366
2022-05-11 11:20:25.001060,6580,2,6582
2022-05-11 11:20:26.012451,2007,106,2113
2022-05-11 11:20:27.017395,6442,2,6444
2022-05-11 11:20:28.022957,7140,46,7186
2022-05-11 11:20:29.033030,1108,57,1165
2022-05-11 11:20:30.041437,2711,42,2753
2022-05-11 11:20:31.047477,6879,49,6928
2022-05-11 11:20:32.051376,2851,32,2883
2022-05-11 11:20:33.063107,7185,139,7324
2022-05-11 11:20:34.070898,999,21,1020
2022-05-11 11:20:35.074358,84,130,214
2022-05-11 11:20:36.085931,8520,44,8564
2022-05-11 11:20:37.096963,664,40,704
2022-05-11 11:20:38.102814,8024,18,8042
2022-05-11 11:20:39.115372,3879,16,3895
2022-05-11 11:20:40.120497,8728,31,8759
2022-05-11 11:20:41.127135,2575,117,2692
2022-05-11 11:20:42.134384,5348,90,5438
2022-05-11 11:20:43.142528,1252,80,1332
2022-05-11 11:20:44.153080,7713,88,7801
2022-05-11 11:20:45.159704,2549,37,2586
2022-05-11 11:20:46.169189,8133,61,8194
2022-05-11 11:20:47.171690,7366,117,7483
2022-05-11 11:20:48.179051,7994,72,8066
2022-05-11 11:20:49.184745,4169,85,4254
2022-05-11 11:20:50.190985,2660,26,2686
2022-05-11 11:20:51.192964,6985,10,6995
2022-05-11 11:20:52.202513,6351,134,6485
2022-05-11 11:20:53.213617,7409,1,7410
2022-05-11 11:20:54.220703,5930,69,5999
2022-05-11 11:20:55.225903,7223,52,7275
2022-05-11 11:20:56.236916,6443,35,6478
2022-05-11 11:20:57.239800,1819,118,1937
2022-05-11 11:20:58.251460,5275,68,5343
2022-05-11 11:20:59.256605,8272,72,8344
2022-05-11 11:21:00.263457,2237,132,2369
2022-05-11 11:21:01.272650,409,99,508
2022-05-11 11:21:02.272950,5935,54,5989
2022-05-11 11:21:03.286796,6381,124,6505
2022-05-11 11:21:04.296123,2268,5,2273
2022-05-11 11:21:05.298956,1350,87,1437
2022-05-11 11:21:06.312153,2811,10,2821
2022-05-11 11:21:07.319788,5207,3,5210
2022-05-11 11:21:08.324036,7074,148,7222
2022-05-11 11:21:09.332067,6602,87,6689
2022-05-11 11:21:10.339235,2891,35,2926
2022-05-11 11:21:11.345125,1102,143,1245
2022-05-11 11:21:12.352333,8605,10,8615
2022-05-11 11:21:13.356533,4213,26,4239
2022-05-11 11:21:14.367446,7309,35,7344
2022-05-11 11:21:15.374322,935,21,956
2022-05-11 11:21:16.380856,8042,98,8140
2022-05-11 11:21:17.373382,7398,52,7450
2022-05-11 11:21:18.383850,1919,122,2041
2022-05-11 11:21:19.396249,7376,38,7414
2022-05-11 11:21:20.405208,8930,75,9005
2022-05-11 11:21:21.415539,4996,73,5069
2022-05-11 11:21:22.422441,640,128,768
2022-05-11 11:21:23.427951,1716,54,1770
2022-05-11 11:21:24.431585,5326,29,5355
2022-05-11 11:21:25.442621,3944,95,4039
2022-05-11 11:21:26.452902,860,46,906
2022-05-11 11:21:27.456406,2209,82,2291
2022-05-11 11:21:28.468063,5324,14,5338
2022-05-11 11:21:29.468389,5484,104,5588
2022-05-11 11:21:30.475040,2266,91,2357
2022-05-11 11:21:31.481104,4125,44,4169
2022-05-11 11:21:32.474212,8046,26,8072
2022-05-11 11:21:33.490590,5406,33,5439
2022-05-11 11:21:34.490421,7675,88,7763
2022-05-11 11:21:35.499392,5967,81,6048
2022-05-11 11:21:36.504860,680,123,803
2022-05-11 11:21:37.515521,4767,94,4861
2022-05-11 11:21:38.525508,1632,78,1710
2022-05-11 11:21:39.532735,1398,128,1526
2022-05-11 11:21:40.539465,4710,69,4779
2022-05-11 11:21:41.545519,3507,79,3586
2022-05-11 11:21:42.550428,6713,3,6716
2022-05-11 11:21:43.561612,8495,93,8588
2022-05-11 11:21:44.568965,3855,23,3878
2022-05-11 11:21:45.572009,3074,145,3219
2022-05-11 11:21:46.579801,2801,46,2847
2022-05-11 11:21:47.587461,8064,125,8189
2022-05-11 11:21:48.588932,1932,90,2022
2022-05-11 11:21:49.594905,2479,109,2588
2022-05-11 11:21:50.605939,7224,59,7283
2022-05-11 11:21:51.608557,5600,142,5742
2022-05-11 11:21:52.616457,2478,2,2480
2022-05-11 11:21:53.622176,4474,129,4603
2022-05-11 11:21:54.628537,1019,75,1094
2022-05-11 11:21:55.637475,8858,95,8953
2022-05-11 11:21:56.643935,6143,84,6227
2022-05-11 11:21:57.647540,3484,93,3577
2022-05-11 11:21:58.654902,1819,149,1968
2022-05-11 11:21:59.657436,3479,146,3625
2022-05-11 11:22:00.669658,2127,129,2256
2022-05-11 11:22:01.677581,4402,35,4437
2022-05-11 11:22:02.683300,6235,34,6269
2022-05-11 11:22:03.687927,1738,91,1829
2022-05-11 11:22:04.696564,3565,44,3609
2022-05-11 11:22:05.698908,8600,43,8643
2022-05-11 11:22:06.716462,3425,57,3482
2022-05-11 11:22:07.716246,6314,45,6359
2022-05-11 11:22:08.730138,8218,34,8252
2022-05-11 11:22:09.738837,4166,42,4208
2022-05-11 11:22:10.747020,2344,44,2388
2022-05-11 11:22:11.756481,8573,124,8697
2022-05-11 11:22:12.763473,26,71,97
2022-05-11 11:22:13.769498,5256,128,5384
2022-05-11 11:22:14.778143,2134,47,2181
2022-05-11 11:22:15.783717,6261,93,6354
2022-05-11 11:22:16.790983,632,30,662
2022-05-11 11:22:17.797048,6835,45,6880
2022-05-11 11:22:18.803045,7918,105,8023
2022-05-11 11:22:19.810169,3892,19,3911
2022-05-11 11:22:20.821283,8070,19,8089
2022-05-11 11:22:21.823665,3860,28,3888
2022-05-11 11:22:22.836303,4976,146,5122
2022-05-11 11:22:23.842057,8172,12,8184
2022-05-11 11:22:24.849600,6875,114,6989
2022-05-11 11:22:25.855504,3145,25,3170
2022-05-11 11:22:26.866190,4063,53,4116
2022-05-11 11:22:27.874902,7426,28,7454
2022-05-11 11:22:28.883951,1246,80,1326
2022-05-11 11:22:29.891196,6377,52,6429
2022-05-11 11:22:30.901903,3861,55,3916
2022-05-11 11:22:31.908047,2342,86,2428
2022-05-11 11:22:32.908671,1553,73,1626
2022-05-11 11:22:33.909239,1464,104,1568
2022-05-11 11:22:34.919165,3322,98,3420
2022-05-11 11:22:35.926508,4389,96,4485
2022-05-11 11:22:36.934076,8292,122,8414
2022-05-11 11:22:37.945580,4469,134,4603
2022-05-11 11:22:38.951972,7829,106,7935
2022-05-11 11:22:39.953733,6393,103,6496
2022-05-11 11:22:40.960379,1222,119,1341
2022-05-11 11:22:41.970007,7251,42,7293
2022-05-11 11:22:42.977051,1180,112,1292
2022-05-11 11:22:43.983179,3749,14,3763
2022-05-11 11:22:44.992954,1392,6,1398
2022-05-11 11:22:45.997811,6341,44,6385
2022-05-11 11:22:47.007994,5520,38,5558
2022-05-11 11:22:48.018173,1686,27,1713
2022-05-11 11:22:49.013849,2837,22,2859
2022-05-11 11:22:50.030643,4724,7,4731
2022-05-11 11:22:51.037451,6432,74,6506
2022-05-11 11:22:52.044597,5893,104,5997
2022-05-11 11:22:53.051375,7249,47,7296
2022-05-11 11:22:54.056524,895,85,980
2022-05-11 11:22:55.063893,4927,137,5064
2022-05-11 11:22:56.070921,7129,69,7198
2022-05-11 11:22:57.078706,5248,93,5341
2022-05-11 11:22:58.084535,7861,144,8005
2022-05-11 11:22:59.087823,3123,39,3162
2022-05-11 11:23:00.085560,1585,106,1691
2022-05-11 11:23:01.099414,1419,130,1549
2022-05-11 11:23:02.101004,806,11,817
2022-05-11 11:23:03.107749,2177,113,2290
2022-05-11 11:23:04.104345,3140,76,3216
2022-05-11 11:23:05.119945,7830,149,7979
2022-05-11 11:23:06.128943,7792,150,7942
2022-05-11 11:23:07.134463,3607,87,3694
2022-05-11 11:23:08.137026,69,69,138
2022-05-11 11:23:09.147933,2272,35,2307
2022-05-11 11:23:10.151257,6585,57,6642
2022-05-11 11:23:11.155823,5697,10,5707
2022-05-11 11:23:12.162625,1493,107,1600
2022-05-11 11:23:13.158319,5410,66,5476
2022-05-11 11:23:14.172779,1467,31,1498
2022-05-11 11:23:15.180648,6871,42,6913
2022-05-11 11:23:16.181417,3755,58,3813
2022-05-11 11:23:17.191620,5070,53,5123
2022-05-11 11:23:18.200532,1743,108,1851
2022-05-11 11:23:19.207310,1676,108,1784
2022-05-11 11:23:20.220923,220,89,309
2022-05-11 11:23:21.230603,8510,13,8523
2022-05-11 11:23:22.231794,6285,39,6324
2022-05-11 11:23:23.237390,4880,99,4979
2022-05-11 11:23:24.244310,1363,118,1481
2022-05-11 11:23:25.248060,8277,91,8368
2022-05-11 11:23:26.257023,437,83,520
2022-05-11 11:23:27.264942,4691,62,4753
2022-05-11 11:23:28.273638,7682,19,7701
2022-05-11 11:23:29.276631,5452,103,5555
2022-05-11 11:23:30.289037,8624,50,8674
2022-05-11 11:23:31.295668,7572,84,7656
2022-05-11 11:23:32.298668,768,2,770
2022-05-11 11:23:33.304708,8828,118,8946
2022-05-11 11:23:34.311280,6333,4,6337
2022-05-11 11:23:35.315712,6989,78,7067
2022-05-11 11:23:36.321329,7099,107,7206
2022-05-11 11:23:37.332297,355,113,468
2022-05-11 11:23:38.341521,2577,22,2599
2022-05-11 11:23:39.349291,4250,44,4294
2022-05-11 11:23:40.359692,7936,43,7979
2022-05-11 11:23:41.367929,2071,129,2200
2022-05-11 11:23:42.379358,3336,140,3476
2022-05-11 11:23:43.386267,5317,80,5397
2022-05-11 11:23:44.395446,2193,54,2247
2022-05-11 11:23:45.405303,664,120,784
2022-05-11 11:23:46.410396,2698,24,2722
2022-05-11 11:23:47.417326,6393,18,6411
2022-05-11 11:23:48.427031,2923,76,2999
2022-05-11 11:23:49.432400,1629,103,1732
2022-05-11 11:23:50.439872,4765,140,4905
2022-05-11 11:23:51.449501,2185,128,2313
2022-05-11 11:23:52.455537,4221,91,4312
2022-05-11 11:23:53.459073,5904,16,5920
2022-05-11 11:23:54.470954,4261,28,4289
2022-05-11 11:23:55.473774,2104,25,2129
2022-05-11 11:23:56.481057,8125,45,8170
2022-05-11 11:23:57.485938,1636,62,1698
2022-05-11 11:23:58.498302,4791,5,4796
2022-05-11 11:23:59.500352,7153,128,7281
2022-05-11 11:24:00.502281,8500,119,8619
2022-05-11 11:24:01.509374,5567,123,5690
2022-05-11 11:24:02.513167,316,127,443
2022-05-11 11:24:03.516876,2644,40,2684
2022-05-11 11:24:04.525567,7403,36,7439
2022-05-11 11:24:05.522018,5978,68,6046
2022-05-11 11:24:06.532266,4302,2,4304
2022-05-11 11:24:07.539204,5611,61,5672
2022-05-11 11:24:08.543299,411,29,440
2022-05-11 11:24:09.544332,118,106,224
2022-05-11 11:24:10.555986,4836,140,4976
2022-05-11 11:24:11.563205,3325,52,3377
2022-05-11 11:24:12.570565,6511,74,6585
2022-05-11 11:24:13.574391,8182,14,8196
2022-05-11 11:24:14.583651,7725,84,7809
2022-05-11 11:24:15.592148,85,102,187
2022-05-11 11:24:16.599020,8161,67,8228
2022-05-11 11:24:17.606039,227,76,303
2022-05-11 11:24:18.616270,5700,31,5731
2022-05-11 11:24:19.612925,3033,145,3178
2022-05-11 11:24:20.613481,89,139,228
2022-05-11 11:24:21.632115,4533,24,4557
2022-05-11 11:24:22.639136,4279,65,4344
2022-05-11 11:24:23.642437,6838,117,6955
2022-05-11 11:24:24.653489,8337,89,8426
2022-05-11 11:24:25.656139,2952,126,3078
2022-05-11 11:24:26.663405,8355,123,8478
2022-05-11 11:24:27.671027,2709,146,2855
2022-05-11 11:24:28.680381,8489,147,8636
2022-05-11 11:24:29.687676,3633,60,3693
2022-05-11 11:24:30.695960,3910,59,3969
2022-05-11 11:24:31.702759,1343,28,1371
2022-05-11 11:24:32.712198,2509,93,2602
2022-05-11 11:24:33.719183,8481,29,8510
2022-05-11 11:24:34.723430,295,39,334
2022-05-11 11:24:35.719923,7709,44,7753
2022-05-11 11:24:36.733151,8478,143,8621
2022-05-11 11:24:37.743194,7281,6,7287
2022-05-11 11:24:38.751312,8650,48,8698
2022-05-11 11:24:39.759623,3813,125,3938
2022-05-11 11:24:40.764078,8890,8,8898
2022-05-11 11:24:41.770273,4940,99,5039
2022-05-11 11:24:42.776504,2323,79,2402
2022-05-11 11:24:43.780718,4636,50,4686
2022-05-11 11:24:44.788273,8233,101,8334
2022-05-11 11:24:45.793729,4977,24,5001
2022-05-11 11:24:46.805509,2018,150,2168
2022-05-11 11:24:47.813294,8750,146,8896
2022-05-11 11:24:48.819595,491,88,579
2022-05-11 11:24:49.825288,3437,11,3448
2022-05-11 11:24:50.828691,4121,7,4128
2022-05-11 11:24:51.838232,3897,144,4041
2022-05-11 11:24:52.847109,7359,88,7447
2022-05-11 11:24:53.857248,4472,106,4578
2022-05-11 11:24:54.862083,6576,63,6639
2022-05-11 11:24:55.867197,7962,42,8004
2022-05-11 11:24:56.870742,2227,55,2282
2022-05-11 11:24:57.874932,8218,46,8264
2022-05-11 11:24:59.890188,7137,90,7227
2022-05-11 11:25:00.896711,1888,109,1997
2022-05-11 11:25:01.894888,6601,6,6607
2022-05-11 11:25:02.906723,3023,19,3042
2022-05-11 11:25:03.899629,162,108,270
2022-05-11 11:25:05.928288,8790,111,8901
2022-05-11 11:25:06.935900,2824,54,2878
2022-05-11 11:25:07.937293,5513,35,5548
2022-05-11 11:25:08.945934,1724,8,1732
2022-05-11 11:25:09.956821,281,126,407
2022-05-11 11:25:10.966651,310,25,335
2022-05-11 11:25:11.976076,4314,84,4398
2022-05-11 11:25:12.983687,6385,114,6499
2022-05-11 11:25:13.985718,8888,30,8918
2022-05-11 11:25:14.990527,5000,36,5036
2022-05-11 11:25:15.997580,121,123,244
2022-05-11 11:25:17.004130,7533,20,7553
2022-05-11 11:25:18.013026,2961,124,3085
2022-05-11 11:25:19.005995,1484,132,1616
2022-05-11 11:25:20.014017,796,44,840
2022-05-11 11:25:21.024736,8890,78,8968
2022-05-11 11:25:22.032599,4636,38,4674
2022-05-11 11:25:23.037768,4561,140,4701
2022-05-11 11:25:24.047198,65,11,76
2022-05-11 11:25:25.048102,1908,40,1948
2022-05-11 11:25:26.058517,7695,24,7719
2022-05-11 11:25:27.066021,1347,146,1493
2022-05-11 11:25:28.068005,2348,35,2383
2022-05-11 11:25:29.076857,2134,38,2172
2022-05-11 11:25:30.089918,536,81,617
2022-05-11 11:25:31.096567,8034,55,8089
2022-05-11 11:25:32.106235,5892,74,5966
2022-05-11 11:25:33.110106,3827,78,3905
2022-05-11 11:25:34.119440,8945,81,9026
2022-05-11 11:25:35.125172,8306,37,8343
2022-05-11 11:25:36.132052,7258,9,7267
2022-05-11 11:25:37.132820,5377,132,5509
2022-05-11 11:25:38.145299,1164,38,1202
2022-05-11 11:25:39.150838,8041,20,8061
2022-05-11 11:25:40.162478,3128,54,3182
2022-05-11 11:25:41.165037,136,140,276
2022-05-11 11:25:42.174422,6291,100,6391
2022-05-11 11:25:43.175206,4687,53,4740
2022-05-11 11:25:44.181224,6766,90,6856
2022-05-11 11:25:45.184258,703,7,710
2022-05-11 11:25:46.194983,8665,145,8810
2022-05-11 11:25:47.203199,8394,135,8529
2022-05-11 11:25:48.213016,6161,67,6228
2022-05-11 11:25:49.221386,2346,96,2442
2022-05-11 11:25:50.224103,2222,134,2356
2022-05-11 11:25:51.231274,386,19,405
2022-05-11 11:25:52.226969,279,131,410
2022-05-11 11:25:53.242476,113,68,181
2022-05-11 11:25:54.248798,7613,148,7761
2022-05-11 11:25:55.258219,560,142,702
2022-05-11 11:25:56.257162,4302,118,4420
2022-05-11 11:25:57.268349,7947,36,7983
2022-05-11 11:25:58.273165,4462,122,4584
2022-05-11 11:25:59.275447,7071,42,7113
2022-05-11 11:26:00.284507,2601,148,2749
2022-05-11 11:26:01.290106,7359,46,7405
2022-05-11 11:26:02.299249,3109,23,3132
2022-05-11 11:26:03.305290,1844,56,1900
2022-05-11 11:26:04.311907,3673,83,3756
2022-05-11 11:26:05.317400,1207,31,1238
2022-05-11 11:26:06.329321,7803,31,7834
2022-05-11 11:26:07.321681,838,44,882
2022-05-11 11:26:08.338526,1649,3,1652
2022-05-11 11:26:09.341061,3818,133,3951
2022-05-11 11:26:10.353166,626,109,735
2022-05-11 11:26:11.358718,1664,124,1788
2022-05-11 11:26:12.359951,5001,119,5120
2022-05-11 11:26:13.380398,7652,107,7759
2022-05-11 11:26:14.390673,7601,1,7602
2022-05-11 11:26:15.400461,8488,122,8610
2022-05-11 11:26:16.407125,5001,50,5051
2022-05-11 11:26:17.414071,6530,63,6593
2022-05-11 11:26:18.421871,8334,33,8367
2022-05-11 11:26:19.427206,6381,27,6408
2022-05-11 11:26:20.434354,6092,67,6159
2022-05-11 11:26:21.439871,7410,8,7418
2022-05-11 11:26:22.445127,791,136,927
2022-05-11 11:26:23.452859,5148,116,5264
2022-05-11 11:26:24.459292,2153,1,2154
2022-05-11 11:26:25.469769,8160,90,8250
2022-05-11 11:26:26.473381,7132,142,7274
2022-05-11 11:26:27.479586,6869,114,6983
2022-05-11 11:26:28.489502,5177,5,5182
2022-05-11 11:26:29.496527,2547,18,2565
2022-05-11 11:26:30.508640,8700,29,8729
2022-05-11 11:26:31.517162,761,126,887
2022-05-11 11:26:32.525624,3524,106,3630
2022-05-11 11:26:33.532514,4872,9,4881
2022-05-11 11:26:34.541781,6317,92,6409
2022-05-11 11:26:35.545268,6108,33,6141
2022-05-11 11:26:36.553277,3192,35,3227
2022-05-11 11:26:37.558812,5848,114,5962
2022-05-11 11:26:38.569297,8495,23,8518
2022-05-11 11:26:39.571880,1270,138,1408
2022-05-11 11:26:40.583716,8682,126,8808
2022-05-11 11:26:41.587339,1695,123,1818
2022-05-11 11:26:42.594373,3805,76,3881
2022-05-11 11:26:43.600679,2668,111,2779
2022-05-11 11:26:44.609835,7560,100,7660
2022-05-11 11:26:45.620087,6502,30,6532
2022-05-11 11:26:46.623662,30,85,115
2022-05-11 11:26:47.631649,4698,55,4753
2022-05-11 11:26:48.641524,174,57,231
2022-05-11 11:26:49.648729,8984,116,9100
2022-05-11 11:26:50.656091,1811,118,1929
2022-05-11 11:26:51.662062,207,51,258
2022-05-11 11:26:52.673211,4947,103,5050
2022-05-11 11:26:54.686381,5896,83,5979
2022-05-11 11:26:55.692407,5342,44,5386
2022-05-11 11:26:56.700172,6547,145,6692
2022-05-11 11:26:57.708661,5915,104,6019
2022-05-11 11:26:58.717829,3159,69,3228
2022-05-11 11:26:59.729216,1063,12,1075
2022-05-11 11:27:00.733197,2722,102,2824
2022-05-11 11:27:01.737637,4873,128,5001
2022-05-11 11:27:02.741942,5685,143,5828
2022-05-11 11:27:03.754852,2486,115,2601
2022-05-11 11:27:04.765177,1693,27,1720
2022-05-11 11:27:05.767526,2255,37,2292
2022-05-11 11:27:06.780650,6432,64,6496
2022-05-11 11:27:07.787651,2521,39,2560
2022-05-11 11:27:08.787781,6904,77,6981
2022-05-11 11:27:09.801196,1482,133,1615
2022-05-11 11:27:10.811002,249,4,253
2022-05-11 11:27:11.802925,777,23,800
2022-05-11 11:27:12.820911,7512,16,7528
2022-05-11 11:27:13.828618,7546,12,7558
2022-05-11 11:27:14.834491,2375,31,2406
2022-05-11 11:27:15.841437,1521,9,1530
2022-05-11 11:27:16.852829,4556,93,4649
2022-05-11 11:27:17.856941,6341,31,6372
2022-05-11 11:27:18.864310,3039,13,3052
2022-05-11 11:27:19.872716,4513,79,4592
2022-05-11 11:27:20.879236,403,60,463
2022-05-11 11:27:21.885108,3892,79,3971
2022-05-11 11:27:22.892524,6104,31,6135
2022-05-11 11:27:23.884474,5635,6,5641
2022-05-11 11:27:24.901487,3713,117,3830
2022-05-11 11:27:25.911699,1519,1,1520
2022-05-11 11:27:26.922639,1973,24,1997
2022-05-11 11:27:27.919344,6478,54,6532
2022-05-11 11:27:28.923766,4090,101,4191
2022-05-11 11:27:29.938853,6149,140,6289
2022-05-11 11:27:30.939846,7397,52,7449
2022-05-11 11:27:31.947059,8265,141,8406
2022-05-11 11:27:32.960060,2097,1,2098
2022-05-11 11:27:33.968977,4256,23,4279
2022-05-11 11:27:34.978161,8508,15,8523
2022-05-11 11:27:35.982847,4305,91,4396
2022-05-11 11:27:36.992970,1244,45,1289
2022-05-11 11:27:38.003342,5681,86,5767
2022-05-11 11:27:39.004691,831,88,919
2022-05-11 11:27:40.011251,1709,97,1806
2022-05-11 11:27:41.019096,4654,75,4729
2022-05-11 11:27:42.024318,7122,73,7195
2022-05-11 11:27:43.036333,6556,78,6634
2022-05-11 11:27:44.039244,1252,88,1340
2022-05-11 11:27:45.043062,4460,33,4493
2022-05-11 11:27:46.050541,3026,110,3136
2022-05-11 11:27:47.054423,2352,54,2406
2022-05-11 11:27:48.061288,6870,86,6956
2022-05-11 11:27:49.071502,7747,104,7851
2022-05-11 11:27:50.082605,7331,44,7375
2022-05-11 11:27:51.088520,6799,78,6877
2022-05-11 11:27:52.090553,2876,80,2956
2022-05-11 11:27:53.098471,3196,64,3260
2022-05-11 11:27:54.104591,4594,62,4656
2022-05-11 11:27:55.113969,5557,101,5658
2022-05-11 11:27:56.123343,8226,78,8304
2022-05-11 11:27:57.134163,1726,115,1841
2022-05-11 11:27:58.142331,7944,138,8082
2022-05-11 11:27:59.155073,5423,120,5543
2022-05-11 11:28:00.163280,3720,102,3822
2022-05-11 11:28:01.168633,5288,62,5350
2022-05-11 11:28:02.177392,4548,73,4621
2022-05-11 11:28:03.185110,8950,71,9021
2022-05-11 11:28:04.191214,2626,45,2671
2022-05-11 11:28:05.199795,1803,28,1831
2022-05-11 11:28:06.210415,3799,57,3856
2022-05-11 11:28:07.218441,873,137,1010
2022-05-11 11:28:08.223130,8417,58,8475
2022-05-11 11:28:09.236618,3708,54,3762
2022-05-11 11:28:10.242529,7159,119,7278
2022-05-11 11:28:11.240198,7427,140,7567
2022-05-11 11:28:12.252984,3681,115,3796
2022-05-11 11:28:13.261811,4143,39,4182
2022-05-11 11:28:14.263611,5291,136,5427
2022-05-11 11:28:15.273449,808,36,844
2022-05-11 11:28:16.281513,1055,3,1058
2022-05-11 11:28:17.292627,7135,99,7234
2022-05-11 11:28:18.302356,4443,129,4572
2022-05-11 11:28:19.310612,2857,19,2876
2022-05-11 11:28:20.318782,4964,140,5104
2022-05-11 11:28:21.327913,1752,61,1813
2022-05-11 11:28:22.333532,1489,82,1571
2022-05-11 11:28:23.338545,6942,1,6943
2022-05-11 11:28:24.349997,6691,8,6699
2022-05-11 11:28:25.359323,3064,143,3207
2022-05-11 11:28:26.366558,2075,13,2088
2022-05-11 11:28:27.374902,8370,92,8462
2022-05-11 11:28:28.384026,8933,141,9074
2022-05-11 11:28:29.392608,8187,148,8335
2022-05-11 11:28:30.397018,5554,122,5676
2022-05-11 11:28:31.400796,6080,23,6103
2022-05-11 11:28:32.405707,4506,53,4559
2022-05-11 11:28:33.408543,8377,131,8508
2022-05-11 11:28:34.418810,5732,26,5758
2022-05-11 11:28:35.426278,8944,108,9052
2022-05-11 11:28:36.427383,6852,86,6938
2022-05-11 11:28:37.436846,3855,117,3972
2022-05-11 11:28:38.450331,6149,19,6168
2022-05-11 11:28:39.459367,3045,135,3180
2022-05-11 11:28:40.457266,3784,4,3788
2022-05-11 11:28:41.469445,3246,130,3376
2022-05-11 11:28:42.478183,5223,62,5285
2022-05-11 11:28:43.479112,3230,48,3278
2022-05-11 11:28:44.490179,2209,119,2328
2022-05-11 11:28:45.496419,8487,127,8614
2022-05-11 11:28:46.503618,5265,6,5271
2022-05-11 11:28:47.507674,467,83,550
2022-05-11 11:28:48.513735,5616,7,5623
2022-05-11 11:28:49.521508,1074,145,1219
2022-05-11 11:28:50.532077,7866,16,7882
2022-05-11 11:28:51.542126,5381,120,5501
2022-05-11 11:28:52.549265,3162,12,3174
2022-05-11 11:28:53.551027,1115,111,1226
2022-05-11 11:28:54.558953,2534,99,2633
2022-05-11 11:28:55.551678,5980,21,6001
2022-05-11 11:28:56.570388,7330,68,7398
2022-05-11 11:28:57.580691,1578,115,1693
2022-05-11 11:28:58.580887,3208,38,3246
2022-05-11 11:28:59.594620,6218,141,6359
2022-05-11 11:29:00.599447,5900,76,5976
2022-05-11 11:29:01.607968,2621,95,2716
2022-05-11 11:29:02.608529,3050,147,3197
2022-05-11 11:29:03.618785,1472,45,1517
2022-05-11 11:29:04.625847,6753,137,6890
2022-05-11 11:29:05.633060,3363,47,3410
2022-05-11 11:29:06.642656,6641,57,6698
2022-05-11 11:29:07.639577,7067,2,7069
2022-05-11 11:29:08.651258,5870,93,5963
2022-05-11 11:29:09.657557,3430,51,3481
2022-05-11 11:29:10.649272,633,130,763
2022-05-11 11:29:11.664818,6392,149,6541
2022-05-11 11:29:12.673900,4435,12,4447
2022-05-11 11:29:13.679624,2632,2,2634
2022-05-11 11:29:14.686479,4462,121,4583
2022-05-11 11:29:15.693338,1154,25,1179
2022-05-11 11:29:16.701359,8482,72,8554
2022-05-11 11:29:17.707026,5596,134,5730
2022-05-11 11:29:18.706689,6364,99,6463
2022-05-11 11:29:19.717195,2910,112,3022
2022-05-11 11:29:20.726318,341,149,490
2022-05-11 11:29:21.733922,5058,80,5138
2022-05-11 11:29:22.744065,8251,143,8394
2022-05-11 11:29:23.747513,7592,121,7713
2022-05-11 11:29:24.754685,275,52,327
2022-05-11 11:29:25.760145,7046,47,7093
2022-05-11 11:29:26.769545,997,30,1027
2022-05-11 11:29:27.776022,5720,102,5822
2022-05-11 11:29:28.781831,8913,99,9012
2022-05-11 11:29:29.790804,2147,14,2161
2022-05-11 11:29:30.800020,22,54,76
2022-05-11 11:29:31.806452,2666,100,2766
2022-05-11 11:29:32.814675,2593,109,2702
2022-05-11 11:29:33.821735,1626,47,1673
2022-05-11 11:29:34.828171,4837,143,4980
2022-05-11 11:29:35.835975,5462,49,5511
2022-05-11 11:29:36.842655,5249,40,5289
2022-05-11 11:29:37.850197,6492,13,6505
2022-05-11 11:29:38.862275,5561,30,5591
2022-05-11 11:29:39.868072,7001,25,7026
2022-05-11 11:29:40.875660,8256,130,8386
2022-05-11 11:29:41.886678,4556,134,4690
2022-05-11 11:29:42.893962,7273,107,7380
2022-05-11 11:29:43.894704,7832,49,7881
2022-05-11 11:29:44.900863,3612,100,3712
2022-05-11 11:29:45.911798,3408,81,3489
2022-05-11 11:29:46.920729,6551,92,6643
2022-05-11 11:29:47.928229,8554,16,8570
2022-05-11 11:29:48.940099,7189,87,7276
2022-05-11 11:29:49.946644,152,71,223
2022-05-11 11:29:50.953411,6570,110,6680
2022-05-11 11:29:51.962831,7173,129,7302
2022-05-11 11:29:52.972773,2440,74,2514
2022-05-11 11:29:54.988694,4499,22,4521
2022-05-11 11:29:55.994317,8014,60,8074
2022-05-11 11:29:57.000268,4328,50,4378
2022-05-11 11:29:58.008524,3072,54,3126
2022-05-11 11:29:59.014760,7235,3,7238
2022-05-11 11:30:00.018544,214,61,275
2022-05-11 11:30:01.025744,652,58,710
2022-05-11 11:30:02.038234,7277,62,7339
2022-05-11 11:30:03.043695,4879,36,4915
2022-05-11 11:30:04.052276,995,42,1037
2022-05-11 11:30:05.058125,2343,97,2440
2022-05-11 11:30:06.061534,6362,121,6483
2022-05-11 11:30:07.066666,7165,41,7206
2022-05-11 11:30:08.076290,6609,97,6706
2022-05-11 11:30:09.083273,5154,65,5219
2022-05-11 11:30:10.085782,8386,53,8439
2022-05-11 11:30:11.101617,2714,35,2749
2022-05-11 11:30:12.103176,8196,34,8230
2022-05-11 11:30:13.110819,5097,130,5227
2022-05-11 11:30:14.115785,5549,37,5586
2022-05-11 11:30:15.122509,1857,135,1992
2022-05-11 11:30:16.126351,5125,22,5147
2022-05-11 11:30:17.130554,854,91,945
2022-05-11 11:30:18.138691,6935,103,7038
2022-05-11 11:30:19.148675,6035,28,6063
2022-05-11 11:30:20.154502,6546,105,6651
2022-05-11 11:30:21.161408,3193,129,3322
2022-05-11 11:30:22.170351,3673,127,3800
2022-05-11 11:30:23.176227,4470,35,4505
2022-05-11 11:30:24.186184,5668,16,5684
2022-05-11 11:30:25.191893,3433,144,3577
2022-05-11 11:30:26.199153,4956,42,4998
2022-05-11 11:30:27.195626,4980,3,4983
2022-05-11 11:30:28.206551,1893,67,1960
2022-05-11 11:30:29.219877,352,34,386
2022-05-11 11:30:30.229569,4675,127,4802
2022-05-11 11:30:32.242806,3747,121,3868
2022-05-11 11:30:33.250484,7228,133,7361
2022-05-11 11:30:34.259150,8959,105,9064
2022-05-11 11:30:35.266619,2054,56,2110
2022-05-11 11:30:36.274700,509,120,629
2022-05-11 11:30:37.282421,8151,33,8184
2022-05-11 11:30:38.288822,898,112,1010
2022-05-11 11:30:39.298516,372,135,507
2022-05-11 11:30:40.304881,7570,124,7694
2022-05-11 11:30:41.310209,5393,12,5405
2022-05-11 11:30:42.304413,160,12,172
2022-05-11 11:30:43.320516,1395,116,1511
2022-05-11 11:30:44.326460,5188,88,5276
2022-05-11 11:30:45.334010,3106,59,3165
2022-05-11 11:30:46.331140,4952,112,5064
2022-05-11 11:30:47.345734,3106,36,3142
2022-05-11 11:30:48.355510,5022,29,5051
2022-05-11 11:30:49.355142,2522,72,2594
2022-05-11 11:30:50.365051,3329,11,3340
2022-05-11 11:30:51.376103,204,44,248
2022-05-11 11:30:52.382587,6192,7,6199
2022-05-11 11:30:53.390757,8487,34,8521
2022-05-11 11:30:54.396024,4071,143,4214
2022-05-11 11:30:55.404046,8976,21,8997
2022-05-11 11:30:56.409988,2779,115,2894
2022-05-11 11:30:57.415850,701,25,726
2022-05-11 11:30:58.426493,486,23,509
2022-05-11 11:30:59.431934,49,47,96
2022-05-11 11:31:00.442151,2113,75,2188
2022-05-11 11:31:01.453592,4702,138,4840
2022-05-11 11:31:02.463804,3508,63,3571
2022-05-11 11:31:03.467570,407,9,416
2022-05-11 11:31:04.475557,1210,110,1320
2022-05-11 11:31:05.480978,5102,63,5165
2022-05-11 11:31:06.491352,5893,146,6039
2022-05-11 11:31:07.500834,3453,74,3527
2022-05-11 11:31:08.508121,6312,144,6456
2022-05-11 11:31:09.521724,7845,76,7921
2022-05-11 11:31:10.525306,8704,44,8748
2022-05-11 11:31:11.533394,755,68,823
2022-05-11 11:31:12.542090,1884,149,2033
2022-05-11 11:31:13.546833,8369,43,8412
2022-05-11 11:31:14.555408,4061,3,4064
2022-05-11 11:31:15.560272,5917,4,5921
2022-05-11 11:31:16.572381,7681,148,7829
2022-05-11 11:31:17.574859,940,82,1022
2022-05-11 11:31:18.584452,2167,115,2282
2022-05-11 11:31:19.589884,7112,89,7201
2022-05-11 11:31:20.595683,765,134,899
2022-05-11 11:31:21.600195,8823,80,8903
2022-05-11 11:31:22.604372,1956,26,1982
2022-05-11 11:31:23.609685,5248,104,5352
2022-05-11 11:31:24.614544,3335,58,3393
2022-05-11 11:31:25.618672,8231,47,8278
2022-05-11 11:31:26.627206,686,28,714
2022-05-11 11:31:27.635550,8699,118,8817
2022-05-11 11:31:28.647497,8708,55,8763
2022-05-11 11:31:29.652937,1704,143,1847
2022-05-11 11:31:30.663359,5227,59,5286
2022-05-11 11:31:31.671863,7898,43,7941
2022-05-11 11:31:32.675409,1374,37,1411
2022-05-11 11:31:33.681113,2807,43,2850
2022-05-11 11:31:34.688930,1216,11,1227
2022-05-11 11:31:35.693711,1541,130,1671
2022-05-11 11:31:36.706667,21,106,127
2022-05-11 11:31:37.718393,5465,129,5594
2022-05-11 11:31:38.726426,509,65,574
2022-05-11 11:31:39.741640,5532,69,5601
2022-05-11 11:31:40.745349,5095,135,5230
2022-05-11 11:31:41.758521,8076,20,8096
2022-05-11 11:31:42.767234,2172,52,2224
2022-05-11 11:31:43.774726,973,113,1086
2022-05-11 11:31:44.790636,2824,78,2902
2022-05-11 11:31:45.798935,2598,132,2730
2022-05-11 11:31:46.804919,1203,129,1332
2022-05-11 11:31:47.809110,1108,57,1165
2022-05-11 11:31:48.813138,4571,93,4664
2022-05-11 11:31:49.824208,6644,75,6719
2022-05-11 11:31:50.837358,1483,75,1558
2022-05-11 11:31:51.838450,3245,118,3363
2022-05-11 11:31:52.852368,1174,65,1239
2022-05-11 11:31:53.859242,1767,33,1800
2022-05-11 11:31:54.871928,596,122,718
2022-05-11 11:31:55.879320,7182,7,7189
2022-05-11 11:31:56.894241,4365,11,4376
2022-05-11 11:31:57.906616,4759,135,4894
2022-05-11 11:31:58.906066,5031,91,5122
2022-05-11 11:31:59.926293,3088,119,3207
2022-05-11 11:32:00.934683,650,109,759
2022-05-11 11:32:01.942327,8050,7,8057
2022-05-11 11:32:02.951179,7409,5,7414
2022-05-11 11:32:03.961068,2094,52,2146
2022-05-11 11:32:04.966042,558,84,642
2022-05-11 11:32:05.971452,3098,100,3198
2022-05-11 11:32:06.980346,4259,93,4352
2022-05-11 11:32:07.986518,8625,38,8663
2022-05-11 11:32:08.999181,2438,60,2498
2022-05-11 11:32:10.005255,4160,44,4204
2022-05-11 11:32:11.017309,3722,102,3824
2022-05-11 11:32:12.023850,4725,98,4823
2022-05-11 11:32:13.033420,2251,76,2327
2022-05-11 11:32:14.028831,5325,16,5341
2022-05-11 11:32:15.053310,3691,125,3816
2022-05-11 11:32:16.058654,500,1,501
2022-05-11 11:32:17.063224,6862,95,6957
2022-05-11 11:32:18.076701,5703,107,5810
2022-05-11 11:32:19.080728,3560,41,3601
2022-05-11 11:32:20.088510,6303,9,6312
2022-05-11 11:32:21.097631,1313,35,1348
2022-05-11 11:32:22.104892,3664,128,3792
2022-05-11 11:32:23.114232,8059,114,8173
2022-05-11 11:32:24.120119,781,14,795
2022-05-11 11:32:25.124998,3145,15,3160
2022-05-11 11:32:26.130777,5069,123,5192
2022-05-11 11:32:27.144190,1891,59,1950
2022-05-11 11:32:28.160337,1975,131,2106
2022-05-11 11:32:29.152008,6804,7,6811
2022-05-11 11:32:30.168597,4702,14,4716
2022-05-11 11:32:31.183424,1258,55,1313
2022-05-11 11:32:32.191102,2757,102,2859
2022-05-11 11:32:33.196727,7488,102,7590
2022-05-11 11:32:34.210299,7721,11,7732
2022-05-11 11:32:35.223263,3541,75,3616
2022-05-11 11:32:36.234522,132,97,229
2022-05-11 11:32:37.243297,7089,4,7093
2022-05-11 11:32:38.260006,5361,113,5474
2022-05-11 11:32:39.271670,3257,149,3406
2022-05-11 11:32:40.279149,8558,15,8573
2022-05-11 11:32:41.295855,1369,88,1457
2022-05-11 11:32:42.304931,7529,12,7541
2022-05-11 11:32:43.308338,6748,39,6787
2022-05-11 11:32:44.302234,6394,88,6482
2022-05-11 11:32:45.314442,7813,35,7848
2022-05-11 11:32:46.322208,5624,90,5714
2022-05-11 11:32:47.328906,1512,16,1528
2022-05-11 11:32:48.334270,2172,27,2199
2022-05-11 11:32:49.340675,3248,138,3386
2022-05-11 11:32:50.351584,2995,16,3011
2022-05-11 11:32:51.356860,8304,119,8423
2022-05-11 11:32:52.370535,3601,88,3689
2022-05-11 11:32:53.384075,1922,78,2000
2022-05-11 11:32:54.389804,638,147,785
2022-05-11 11:32:55.400822,1025,101,1126
2022-05-11 11:32:56.407673,120,145,265
2022-05-11 11:32:57.419538,2043,113,2156
2022-05-11 11:32:58.430764,4695,3,4698
2022-05-11 11:32:59.436893,2564,35,2599
2022-05-11 11:33:00.447907,5577,148,5725
2022-05-11 11:33:01.453864,584,25,609
2022-05-11 11:33:02.468729,3678,23,3701
2022-05-11 11:33:03.477264,737,60,797
2022-05-11 11:33:04.482392,562,148,710
2022-05-11 11:33:05.490483,4429,23,4452
2022-05-11 11:33:06.498351,8280,39,8319
2022-05-11 11:33:07.505477,2783,59,2842
2022-05-11 11:33:08.516931,3763,34,3797
2022-05-11 11:33:09.523850,7183,69,7252
2022-05-11 11:33:10.531509,5231,114,5345
2022-05-11 11:33:11.538490,6411,67,6478
2022-05-11 11:33:12.555388,1565,146,1711
2022-05-11 11:33:13.568355,1539,62,1601
2022-05-11 11:33:14.574259,8873,32,8905
2022-05-11 11:33:15.590475,2855,91,2946
2022-05-11 11:33:16.598097,863,70,933
2022-05-11 11:33:17.611527,3115,22,3137
2022-05-11 11:33:18.629665,7124,30,7154
2022-05-11 11:33:19.637392,357,32,389
2022-05-11 11:33:20.645974,2631,19,2650
2022-05-11 11:33:21.658077,5777,110,5887
2022-05-11 11:33:22.670000,3966,140,4106
2022-05-11 11:33:23.678068,8539,40,8579
2022-05-11 11:33:24.685397,2551,94,2645
2022-05-11 11:33:25.693173,5106,80,5186
2022-05-11 11:33:26.706498,188,83,271
2022-05-11 11:33:27.717705,7914,12,7926
2022-05-11 11:33:28.721412,4870,50,4920
2022-05-11 11:33:29.728061,4846,100,4946
2022-05-11 11:33:30.726651,8143,137,8280
2022-05-11 11:33:31.736425,6422,123,6545
2022-05-11 11:33:32.744887,2607,66,2673
2022-05-11 11:33:33.752053,5737,75,5812
2022-05-11 11:33:34.758238,7726,138,7864
2022-05-11 11:33:35.764487,4622,24,4646
2022-05-11 11:33:36.770018,5172,25,5197
2022-05-11 11:33:37.786522,5804,41,5845
2022-05-11 11:33:38.793217,5981,137,6118
2022-05-11 11:33:39.802693,949,39,988
2022-05-11 11:33:40.807908,3517,39,3556
2022-05-11 11:33:41.817891,7991,88,8079
2022-05-11 11:33:42.822203,5363,86,5449
2022-05-11 11:33:43.827610,6540,97,6637
2022-05-11 11:33:44.833148,519,101,620
2022-05-11 11:33:45.836704,8778,145,8923
2022-05-11 11:33:46.853474,8872,99,8971
2022-05-11 11:33:47.859205,2761,119,2880
2022-05-11 11:33:48.875675,5963,136,6099
2022-05-11 11:33:49.889237,1214,109,1323
2022-05-11 11:33:50.903123,2441,70,2511
2022-05-11 11:33:51.910005,4108,52,4160
2022-05-11 11:33:52.916421,3437,75,3512
2022-05-11 11:33:53.921526,5958,115,6073
2022-05-11 11:33:54.927421,5177,9,5186
2022-05-11 11:33:55.937474,1621,83,1704
2022-05-11 11:33:56.942963,6952,68,7020
2022-05-11 11:33:57.949652,6068,120,6188
2022-05-11 11:33:58.962166,5661,116,5777
2022-05-11 11:34:00.973532,3757,62,3819
2022-05-11 11:34:01.990152,3123,21,3144
2022-05-11 11:34:03.000723,41,16,57
2022-05-11 11:34:04.008969,2699,53,2752
2022-05-11 11:34:05.023234,776,17,793
2022-05-11 11:34:06.029089,2018,59,2077
2022-05-11 11:34:07.029553,7753,5,7758
2022-05-11 11:34:08.046380,4451,141,4592
2022-05-11 11:34:09.052549,1522,16,1538
2022-05-11 11:34:10.061552,22,109,131
2022-05-11 11:34:11.067766,2823,16,2839
2022-05-11 11:34:12.073991,989,31,1020
2022-05-11 11:34:13.091032,4052,118,4170
2022-05-11 11:34:14.099558,7213,50,7263
2022-05-11 11:34:15.109896,7972,80,8052
2022-05-11 11:34:16.102511,8954,74,9028
2022-05-11 11:34:17.119124,8823,22,8845
2022-05-11 11:34:18.125841,576,144,720
2022-05-11 11:34:19.133176,6455,92,6547
2022-05-11 11:34:20.140089,7516,66,7582
2022-05-11 11:34:21.144192,7005,117,7122
2022-05-11 11:34:22.159734,8001,108,8109
2022-05-11 11:34:23.163179,3272,87,3359
2022-05-11 11:34:24.177366,5574,44,5618
2022-05-11 11:34:25.188222,1237,40,1277
2022-05-11 11:34:26.196550,102,31,133
2022-05-11 11:34:27.200474,5336,130,5466
2022-05-11 11:34:28.211812,3464,144,3608
2022-05-11 11:34:29.220275,8823,86,8909
2022-05-11 11:34:30.235311,3234,113,3347
2022-05-11 11:34:31.227231,5486,98,5584
2022-05-11 11:34:32.241734,3090,15,3105
2022-05-11 11:34:33.248950,7092,66,7158
2022-05-11 11:34:34.266290,8555,23,8578
2022-05-11 11:34:35.266295,7306,46,7352
2022-05-11 11:34:36.279520,2181,122,2303
2022-05-11 11:34:37.296632,7050,14,7064
2022-05-11 11:34:38.314829,47,56,103
2022-05-11 11:34:39.318360,4544,122,4666
2022-05-11 11:34:40.327563,1787,3,1790
2022-05-11 11:34:41.334972,3023,7,3030
2022-05-11 11:34:42.341063,5275,115,5390
2022-05-11 11:34:43.354024,6314,144,6458
2022-05-11 11:34:44.359590,1834,42,1876
2022-05-11 11:34:45.374990,826,31,857
2022-05-11 11:34:46.382504,6291,89,6380
2022-05-11 11:34:47.388378,6503,58,6561
2022-05-11 11:34:48.397924,5959,27,5986
2022-05-11 11:34:49.410361,2510,96,2606
2022-05-11 11:34:50.419246,4348,143,4491
2022-05-11 11:34:51.434568,1201,67,1268
2022-05-11 11:34:52.445297,2677,77,2754
2022-05-11 11:34:53.458885,2154,133,2287
2022-05-11 11:34:54.467594,415,105,520
2022-05-11 11:34:55.478300,4707,95,4802
2022-05-11 11:34:56.492040,583,9,592
2022-05-11 11:34:57.497887,6188,45,6233
2022-05-11 11:34:58.502960,7408,43,7451
2022-05-11 11:34:59.512138,5381,25,5406
2022-05-11 11:35:00.523507,3196,131,3327
2022-05-11 11:35:01.535370,3790,133,3923
2022-05-11 11:35:02.545102,791,31,822
2022-05-11 11:35:03.548948,3353,76,3429
2022-05-11 11:35:04.563310,5234,51,5285
2022-05-11 11:35:05.568207,7345,25,7370
2022-05-11 11:35:06.577012,2007,42,2049
2022-05-11 11:35:07.581277,4553,16,4569
2022-05-11 11:35:08.587550,6049,64,6113
2022-05-11 11:35:09.591663,1394,138,1532
2022-05-11 11:35:10.608885,1778,135,1913
2022-05-11 11:35:11.618243,4256,73,4329
2022-05-11 11:35:12.623116,1215,72,1287
2022-05-11 11:35:13.633654,4494,46,4540
2022-05-11 11:35:14.644917,1251,35,1286
2022-05-11 11:35:15.652762,6986,66,7052
2022-05-11 11:35:16.661559,1516,113,1629
2022-05-11 11:35:17.674083,2256,84,2340
2022-05-11 11:35:18.676933,5220,147,5367
2022-05-11 11:35:19.685647,3620,109,3729
2022-05-11 11:35:20.690077,6916,22,6938
2022-05-11 11:35:21.701049,5443,129,5572
2022-05-11 11:35:22.710719,1619,143,1762
2022-05-11 11:35:23.726488,8436,96,8532
2022-05-11 11:35:24.737286,8597,84,8681
2022-05-11 11:35:25.750228,7324,141,7465
2022-05-11 11:35:26.756388,7283,71,7354
2022-05-11 11:35:27.765185,4412,39,4451
2022-05-11 11:35:28.770812,7760,80,7840
2022-05-11 11:35:29.775847,1953,19,1972
2022-05-11 11:35:30.784887,1064,118,1182
2022-05-11 11:35:31.791605,4568,108,4676
2022-05-11 11:35:32.799811,2885,40,2925
2022-05-11 11:35:33.812885,6288,103,6391
2022-05-11 11:35:34.826382,7173,137,7310
2022-05-11 11:35:35.835098,4297,19,4316
2022-05-11 11:35:36.846197,8577,29,8606
2022-05-11 11:35:37.856761,6318,2,6320
2022-05-11 11:35:38.862486,3593,91,3684
2022-05-11 11:35:39.873131,2037,19,2056
2022-05-11 11:35:40.884294,3483,88,3571
2022-05-11 11:35:41.897780,8267,54,8321
2022-05-11 11:35:42.906722,139,96,235
2022-05-11 11:35:43.908828,5598,118,5716
2022-05-11 11:35:44.920337,8388,124,8512
2022-05-11 11:35:45.928775,5109,48,5157
2022-05-11 11:35:46.936440,67,91,158
2022-05-11 11:35:47.934411,8921,42,8963
2022-05-11 11:35:48.953970,6729,78,6807
2022-05-11 11:35:49.969772,5827,26,5853
2022-05-11 11:35:50.978996,7298,27,7325
2022-05-11 11:35:51.992165,7006,55,7061
2022-05-11 11:35:53.001159,2762,11,2773
2022-05-11 11:35:54.015762,6257,77,6334
2022-05-11 11:35:55.030564,8780,16,8796
2022-05-11 11:35:56.037685,3412,60,3472
2022-05-11 11:35:57.050767,4592,72,4664
2022-05-11 11:35:58.057009,2666,20,2686
2022-05-11 11:35:59.063036,5387,6,5393
2022-05-11 11:36:00.071894,3237,103,3340
2022-05-11 11:36:01.082216,6459,68,6527
2022-05-11 11:36:02.094047,4782,7,4789
2022-05-11 11:36:03.085647,233,61,294
2022-05-11 11:36:04.100350,7934,122,8056
2022-05-11 11:36:05.112570,2175,107,2282
2022-05-11 11:36:06.119385,1013,48,1061
2022-05-11 11:36:07.136857,8772,72,8844
2022-05-11 11:36:08.144568,2817,147,2964
2022-05-11 11:36:09.155594,5753,97,5850
2022-05-11 11:36:10.165014,4177,25,4202
2022-05-11 11:36:11.175579,3077,38,3115
2022-05-11 11:36:12.190798,508,70,578
2022-05-11 11:36:13.201915,8973,74,9047
2022-05-11 11:36:14.209479,1584,127,1711
2022-05-11 11:36:15.217482,5483,78,5561
2022-05-11 11:36:16.222478,1035,112,1147
2022-05-11 11:36:17.223044,8833,150,8983
2022-05-11 11:36:18.221342,8250,52,8302
2022-05-11 11:36:19.233252,863,89,952
2022-05-11 11:36:20.237295,382,95,477
2022-05-11 11:36:21.240467,7794,43,7837
2022-05-11 11:36:22.262110,7598,137,7735
2022-05-11 11:36:23.263373,8089,6,8095
2022-05-11 11:36:24.269511,8579,42,8621
2022-05-11 11:36:25.286249,5140,6,5146
2022-05-11 11:36:26.291906,4458,39,4497
2022-05-11 11:36:27.304278,2332,147,2479
2022-05-11 11:36:28.307029,5575,97,5672
2022-05-11 11:36:29.311594,2230,120,2350
2022-05-11 11:36:30.316293,7016,63,7079
2022-05-11 11:36:31.326765,6912,105,7017
2022-05-11 11:36:32.326425,5529,143,5672
2022-05-11 11:36:33.339992,7731,140,7871
2022-05-11 11:36:34.346898,3679,43,3722
2022-05-11 11:36:35.359656,5783,27,5810
2022-05-11 11:36:36.359451,8512,51,8563
2022-05-11 11:36:37.377968,7317,67,7384
2022-05-11 11:36:38.388694,59,32,91
2022-05-11 11:36:39.393554,2406,104,2510
2022-05-11 11:36:40.397730,7742,44,7786
2022-05-11 11:36:41.402022,2882,107,2989
2022-05-11 11:36:42.417960,1577,87,1664
2022-05-11 11:52:50.721174,3754,143,3897
2022-05-11 11:52:51.722683,6228,106,6334
2022-05-11 11:52:52.727294,2243,87,2330
2022-05-11 11:52:53.736569,7056,128,7184
2022-05-11 11:52:54.758477,3725,80,3805
2022-05-11 11:52:55.756509,3094,64,3158
2022-05-11 11:52:56.764960,5491,5,5496
2022-05-11 11:52:57.769516,6021,14,6035
2022-05-11 11:52:58.776285,4787,31,4818
2022-05-11 11:52:59.782181,2372,80,2452
2022-05-11 11:53:00.795039,4475,86,4561
2022-05-11 11:53:01.802889,6417,23,6440
2022-05-11 11:53:02.808239,5286,66,5352
2022-05-11 11:53:03.824436,29,95,124
2022-05-11 11:53:04.827395,863,46,909
2022-05-11 11:53:05.833329,7906,76,7982
2022-05-11 11:53:06.846077,7002,124,7126
2022-05-11 11:53:07.845931,5006,112,5118
2022-05-11 11:53:08.852406,1394,107,1501
2022-05-11 11:53:09.866842,6256,4,6260
2022-05-11 11:53:10.871219,2048,118,2166
2022-05-11 11:53:11.884019,8245,10,8255
2022-05-11 11:53:12.893179,4640,19,4659
2022-05-11 11:53:13.898875,3679,99,3778
2022-05-11 11:53:14.905567,6075,127,6202
2022-05-11 11:53:15.910262,245,22,267
2022-05-11 11:53:16.913233,4333,58,4391
2022-05-11 11:53:17.921109,4189,81,4270
2022-05-11 11:53:18.931109,5143,113,5256
2022-05-11 11:53:19.930861,6110,22,6132
2022-05-11 11:53:20.934042,8941,3,8944
2022-05-11 11:53:21.944641,2391,35,2426
2022-05-11 11:53:22.943955,5843,105,5948
2022-05-11 11:53:23.950344,1774,111,1885
2022-05-11 11:53:24.954420,8891,45,8936
2022-05-11 11:53:25.960040,4674,121,4795
2022-05-11 11:53:26.959030,6407,113,6520
2022-05-11 11:53:27.965518,3143,140,3283
2022-05-11 11:53:28.973601,4150,44,4194
2022-05-11 11:53:29.976961,5834,23,5857
2022-05-11 11:53:30.984907,8005,32,8037
2022-05-11 11:53:31.996052,6795,19,6814
2022-05-11 11:53:32.995621,7505,41,7546
2022-05-11 11:53:33.999704,6536,85,6621
2022-05-11 11:53:35.005692,580,108,688
2022-05-11 11:53:36.017750,8094,51,8145
2022-05-11 11:53:37.022895,7965,1,7966
2022-05-11 11:53:38.030948,7106,2,7108
2022-05-11 11:53:39.036158,6644,91,6735
2022-05-11 11:53:40.039994,787,145,932
2022-05-11 11:53:41.044590,2499,67,2566
2022-05-11 11:53:42.041197,3157,70,3227
2022-05-11 11:53:43.047994,3135,37,3172
2022-05-11 11:53:44.067407,8937,110,9047
2022-05-11 11:53:45.074163,1548,22,1570
2022-05-11 11:53:46.082580,7887,135,8022
2022-05-11 11:53:47.085607,8762,145,8907
2022-05-11 11:53:48.090495,8627,121,8748
2022-05-11 11:53:49.098675,2890,149,3039
2022-05-11 11:53:50.102616,7688,43,7731
2022-05-11 11:53:51.114327,3757,133,3890
2022-05-11 11:53:52.125081,5168,70,5238
2022-05-11 11:53:53.124360,2096,133,2229
2022-05-11 11:53:54.137114,7527,63,7590
2022-05-11 11:53:55.140918,2510,149,2659
2022-05-11 11:53:56.153997,78,150,228
2022-05-11 11:53:57.159716,8000,4,8004
2022-05-11 11:53:58.159173,6214,58,6272
2022-05-11 11:53:59.169357,5538,124,5662
2022-05-11 11:54:00.169270,4243,91,4334
2022-05-11 11:54:01.177714,3479,130,3609
2022-05-11 11:54:02.177952,4219,16,4235
2022-05-11 11:54:03.186241,5755,128,5883
2022-05-11 11:54:04.194809,3953,13,3966
2022-05-11 11:54:05.200203,3347,143,3490
2022-05-11 11:54:06.208134,3318,99,3417
2022-05-11 11:54:07.214266,4069,35,4104
2022-05-11 11:54:08.221062,1720,118,1838
2022-05-11 11:54:09.224659,6569,110,6679
2022-05-11 11:54:10.238629,7337,86,7423
2022-05-11 11:54:11.242043,8017,88,8105
2022-05-11 11:54:12.251780,422,147,569
2022-05-11 11:54:13.252968,5524,87,5611
2022-05-11 11:54:14.258752,362,63,425
2022-05-11 11:54:15.271554,3603,117,3720
2022-05-11 11:54:16.273715,4074,34,4108
2022-05-11 11:54:17.275768,7942,78,8020
2022-05-11 11:54:18.284752,6610,83,6693
2022-05-11 11:54:19.289602,3859,12,3871
2022-05-11 11:54:20.289917,2575,148,2723
2022-05-11 11:54:21.300047,3468,141,3609
2022-05-11 11:54:22.309011,8405,128,8533
2022-05-11 11:54:23.319638,5925,15,5940
2022-05-11 11:54:24.331477,3367,73,3440
2022-05-11 11:54:25.341712,6401,82,6483
2022-05-11 11:54:26.349786,3999,141,4140
2022-05-11 11:54:27.361438,4515,68,4583
2022-05-11 11:54:28.369345,2785,70,2855
2022-05-11 11:54:29.376521,6667,116,6783
2022-05-11 11:54:30.386141,2590,95,2685
2022-05-11 11:54:31.391482,2657,86,2743
2022-05-11 11:54:32.402061,4539,60,4599
2022-05-11 11:54:33.407195,7311,28,7339
2022-05-11 11:54:34.421360,4662,146,4808
2022-05-11 11:54:35.426604,6218,20,6238
2022-05-11 11:54:36.434476,2870,104,2974
2022-05-11 11:54:37.431784,3679,15,3694
2022-05-11 11:54:38.445763,474,87,561
2022-05-11 11:54:39.454857,227,143,370
2022-05-11 11:54:40.463066,6096,104,6200
2022-05-11 11:54:41.473395,294,126,420
2022-05-11 11:54:42.478174,1766,123,1889
2022-05-11 11:54:43.486774,7358,97,7455
2022-05-11 11:54:44.494741,8192,74,8266
2022-05-11 11:54:45.499918,809,83,892
2022-05-11 11:54:46.509046,3615,110,3725
2022-05-11 11:54:47.511684,3444,42,3486
2022-05-11 11:54:48.517663,4423,55,4478
2022-05-11 11:54:49.526735,1359,24,1383
2022-05-11 11:54:50.537295,4201,115,4316
2022-05-11 11:54:51.541042,1714,43,1757
2022-05-11 11:54:52.550123,3414,9,3423
2022-05-11 11:54:53.553277,6835,81,6916
2022-05-11 11:54:54.558133,2418,43,2461
2022-05-11 11:54:55.573949,3830,9,3839
2022-05-11 11:54:56.574985,7227,75,7302
2022-05-11 11:54:57.588908,3216,120,3336
2022-05-11 11:54:58.584541,4773,144,4917
2022-05-11 11:54:59.601408,2554,37,2591
2022-05-11 11:55:00.606899,1949,144,2093
2022-05-11 11:55:01.614298,5338,3,5341
2022-05-11 11:55:02.619733,4903,33,4936
2022-05-11 11:55:03.620705,3291,17,3308
2022-05-11 11:55:04.629531,3787,1,3788
2022-05-11 11:55:05.631859,2672,133,2805
2022-05-11 11:55:06.641732,5385,149,5534
2022-05-11 11:55:07.652348,7831,65,7896
2022-05-11 11:55:08.659648,1890,150,2040
2022-05-11 11:55:09.658484,6628,65,6693
2022-05-11 11:55:10.672650,2397,102,2499
2022-05-11 11:55:11.683653,3252,76,3328
2022-05-11 11:55:12.693997,120,9,129
2022-05-11 11:55:13.685808,525,40,565
2022-05-11 11:55:14.698490,7273,25,7298
2022-05-11 11:55:15.703695,8754,80,8834
2022-05-11 11:55:16.710281,7542,3,7545
2022-05-11 11:55:17.721615,6466,32,6498
2022-05-11 11:55:18.730615,4932,9,4941
2022-05-11 11:55:19.728922,6896,124,7020
2022-05-11 11:55:20.748228,5528,14,5542
2022-05-11 11:55:21.752363,889,69,958
2022-05-11 11:55:22.756637,7714,18,7732
2022-05-11 11:55:23.767766,5236,76,5312
2022-05-11 11:55:24.775805,5672,144,5816
2022-05-11 11:55:25.781255,4803,103,4906
2022-05-11 11:55:26.787453,4570,39,4609
2022-05-11 11:55:27.793933,188,52,240
2022-05-11 11:55:28.799318,2420,129,2549
2022-05-11 11:55:29.809153,1454,121,1575
2022-05-11 11:55:30.810630,5535,86,5621
2022-05-11 11:55:31.817513,8988,19,9007
2022-05-11 11:55:32.829227,6219,31,6250
2022-05-11 11:55:33.828617,8725,83,8808
2022-05-11 11:55:34.834952,7538,53,7591
2022-05-11 11:55:35.845795,1113,20,1133
2022-05-11 11:55:36.851632,5534,108,5642
2022-05-11 11:55:37.857700,6038,142,6180
2022-05-11 11:55:38.863831,5949,113,6062
2022-05-11 11:55:39.874170,5933,59,5992
2022-05-11 11:55:40.882603,8260,104,8364
2022-05-11 11:55:41.892712,6281,21,6302
2022-05-11 11:55:42.898245,7982,21,8003
2022-05-11 11:55:43.905339,713,16,729
2022-05-11 11:55:44.914140,4564,82,4646
2022-05-11 11:55:45.921570,5741,53,5794
2022-05-11 11:55:46.929037,405,67,472
2022-05-11 11:55:47.937800,6052,73,6125
2022-05-11 11:55:48.943909,6869,53,6922
2022-05-11 11:55:49.944727,5436,89,5525
2022-05-11 11:55:50.948949,6029,87,6116
2022-05-11 11:55:51.959068,5469,59,5528
2022-05-11 11:55:52.964039,516,36,552
2022-05-11 11:55:53.974798,8862,119,8981
2022-05-11 11:55:54.981204,1479,148,1627
2022-05-11 11:55:55.989092,8501,112,8613
2022-05-11 11:55:56.997937,4738,120,4858
2022-05-11 11:55:58.006283,8008,22,8030
2022-05-11 11:55:59.015963,6121,50,6171
2022-05-11 11:56:00.020864,7749,146,7895
2022-05-11 11:56:01.029375,7214,51,7265
2022-05-11 11:56:02.034846,5172,125,5297
2022-05-11 11:56:03.043659,4883,136,5019
2022-05-11 11:56:04.052160,3451,24,3475
2022-05-11 11:56:05.058838,3246,68,3314
2022-05-11 11:56:06.064320,328,56,384
2022-05-11 11:56:07.074687,5840,94,5934
2022-05-11 11:56:08.081210,3351,18,3369
2022-05-11 11:56:09.091832,2098,68,2166
2022-05-11 11:56:10.097249,2010,110,2120
2022-05-11 11:56:11.105306,2223,120,2343
2022-05-11 11:56:12.111879,8018,150,8168
2022-05-11 11:56:13.112889,1535,146,1681
2022-05-11 11:56:14.124682,3459,54,3513
2022-05-11 11:56:15.133235,4912,79,4991
2022-05-11 11:56:16.142457,7072,129,7201
2022-05-11 11:56:17.149819,3134,149,3283
2022-05-11 11:56:18.155724,7938,132,8070
2022-05-11 11:56:19.147675,5593,144,5737
2022-05-11 11:56:20.164127,681,32,713
2022-05-11 11:56:21.171895,6234,35,6269
2022-05-11 11:56:22.177489,5225,125,5350
2022-05-11 11:56:23.180266,6553,26,6579
2022-05-11 11:56:24.192574,3325,137,3462
2022-05-11 11:56:25.199377,6236,10,6246
2022-05-11 11:56:26.207374,692,5,697
2022-05-11 11:56:27.213080,758,30,788
2022-05-11 11:56:28.221541,3568,137,3705
2022-05-11 11:56:29.227332,3092,120,3212
2022-05-11 11:56:30.223077,4873,129,5002
2022-05-11 11:56:31.236840,5799,71,5870
2022-05-11 11:56:32.242837,8046,47,8093
2022-05-11 11:56:33.251544,3659,120,3779
2022-05-11 11:56:34.263853,4728,129,4857
2022-05-11 11:56:35.269756,4051,15,4066
2022-05-11 11:56:36.276926,5233,134,5367
2022-05-11 11:56:37.283367,1398,31,1429
2022-05-11 11:56:38.293377,4383,121,4504
2022-05-11 11:56:39.300261,3425,94,3519
2022-05-11 11:56:40.304129,5135,147,5282
2022-05-11 11:56:41.315294,6959,129,7088
2022-05-11 11:56:42.320789,3455,121,3576
2022-05-11 11:56:43.329232,6346,133,6479
2022-05-11 11:56:44.335248,1799,4,1803
2022-05-11 11:56:45.330016,2120,101,2221
2022-05-11 11:56:46.344741,2876,39,2915
2022-05-11 11:56:47.352062,155,110,265
2022-05-11 11:56:48.358095,6742,57,6799
2022-05-11 11:56:49.362670,8254,52,8306
2022-05-11 11:56:50.371118,2092,64,2156
2022-05-11 11:56:51.381841,1096,18,1114
2022-05-11 11:56:52.386060,5836,150,5986
2022-05-11 11:56:53.390617,8026,84,8110
2022-05-11 11:56:54.394628,6542,24,6566
2022-05-11 11:56:55.401131,280,64,344
2022-05-11 11:56:56.412427,2782,82,2864
2022-05-11 11:56:57.417372,4689,47,4736
2022-05-11 11:56:58.422467,3969,110,4079
2022-05-11 11:56:59.428593,7101,51,7152
2022-05-11 11:57:00.428634,1649,92,1741
2022-05-11 11:57:01.444809,8365,6,8371
2022-05-11 11:57:02.449994,701,70,771
2022-05-11 11:57:03.460751,7391,110,7501
2022-05-11 11:57:04.465028,8121,104,8225
2022-05-11 11:57:05.471554,2972,108,3080
2022-05-11 11:57:07.485782,3853,33,3886
2022-05-11 11:57:08.493626,2814,117,2931
2022-05-11 11:57:09.503983,5800,111,5911
2022-05-11 11:57:10.507977,4860,83,4943
2022-05-11 11:57:11.515664,8620,37,8657
2022-05-11 11:57:12.510069,8124,126,8250
2022-05-11 11:57:13.527572,1806,20,1826
2022-05-11 11:57:14.534429,8942,139,9081
2022-05-11 11:57:15.541720,8202,101,8303
2022-05-11 11:57:16.547545,6475,48,6523
2022-05-11 11:57:17.555646,4173,52,4225
2022-05-11 11:57:18.565252,7145,24,7169
2022-05-11 11:57:19.572782,881,130,1011
2022-05-11 11:57:21.587386,5076,141,5217
2022-05-11 11:57:22.593062,2429,139,2568
2022-05-11 11:57:23.600764,4698,120,4818
2022-05-11 11:57:24.601350,757,4,761
2022-05-11 11:57:25.610633,3939,119,4058
2022-05-11 11:57:26.619240,5453,123,5576
2022-05-11 11:57:27.624132,7349,39,7388
2022-05-11 11:57:28.630904,3437,14,3451
2022-05-11 11:57:29.642054,4115,40,4155
2022-05-11 11:57:30.653921,8078,131,8209
2022-05-11 11:57:31.658238,1029,141,1170
2022-05-11 11:57:32.665294,1468,63,1531
2022-05-11 11:57:33.673140,3892,13,3905
2022-05-11 11:57:34.681997,6471,85,6556
2022-05-11 11:57:35.687810,7710,87,7797
2022-05-11 11:57:36.692836,3010,140,3150
2022-05-11 11:57:37.700037,903,119,1022
2022-05-11 11:57:38.707158,3515,37,3552
2022-05-11 11:57:39.714866,1412,41,1453
2022-05-11 11:57:40.722634,5904,145,6049
2022-05-11 11:57:41.728934,6777,141,6918
2022-05-11 11:57:42.739409,2334,74,2408
2022-05-11 11:57:43.749814,5602,73,5675
2022-05-11 11:57:44.757656,52,111,163
2022-05-11 11:57:45.766007,7168,102,7270
2022-05-11 11:57:46.772422,7736,57,7793
2022-05-11 11:57:47.782862,3290,17,3307
2022-05-11 11:57:48.788183,5197,94,5291
2022-05-11 11:57:49.796342,2756,130,2886
2022-05-11 11:57:50.802641,947,40,987
2022-05-11 11:57:51.812218,324,19,343
2022-05-11 11:57:52.821703,5669,72,5741
2022-05-11 11:57:53.828232,210,14,224
2022-05-11 11:57:54.838360,1848,116,1964
2022-05-11 11:57:55.842531,3233,108,3341
2022-05-11 11:57:56.850084,8601,105,8706
2022-05-11 11:57:57.855367,7345,61,7406
2022-05-11 11:57:58.855549,5605,100,5705
2022-05-11 11:57:59.868574,5611,119,5730
2022-05-11 11:58:00.871376,3016,148,3164
2022-05-11 11:58:01.875914,1006,32,1038
2022-05-11 11:58:02.888734,7061,100,7161
2022-05-11 11:58:03.893927,1926,119,2045
2022-05-11 11:58:04.899310,3500,131,3631
2022-05-11 11:58:05.905184,3456,140,3596
2022-05-11 11:58:06.911134,4139,119,4258
2022-05-11 11:58:07.923855,3280,77,3357
2022-05-11 11:58:08.934475,2992,148,3140
2022-05-11 11:58:09.944643,7921,33,7954
2022-05-11 11:58:10.950774,1984,136,2120
2022-05-11 11:58:11.945359,1228,41,1269
2022-05-11 11:58:12.957816,5557,92,5649
2022-05-11 11:58:13.970260,2902,5,2907
2022-05-11 11:58:14.973825,5336,73,5409
2022-05-11 11:58:15.984662,1708,28,1736
2022-05-11 11:58:16.975794,8478,120,8598
2022-05-11 11:58:17.990961,7971,60,8031
2022-05-11 11:58:18.997325,1705,150,1855
2022-05-11 11:58:20.004556,680,26,706
2022-05-11 11:58:21.009182,792,111,903
2022-05-11 11:58:22.016470,4065,1,4066
2022-05-11 11:58:23.025873,4659,86,4745
2022-05-11 11:58:24.032267,1412,128,1540
2022-05-11 11:58:25.036593,1314,149,1463
2022-05-11 11:58:26.048120,7161,17,7178
2022-05-11 11:58:27.053999,8203,10,8213
2022-05-11 11:58:28.051625,6611,3,6614
2022-05-11 11:58:29.061944,6477,86,6563
2022-05-11 11:58:30.070692,1039,139,1178
2022-05-11 11:58:31.073567,3381,88,3469
2022-05-11 11:58:32.068592,8378,22,8400
2022-05-11 11:58:33.084144,4962,83,5045
2022-05-11 11:58:34.089502,1024,55,1079
2022-05-11 11:58:35.096288,2627,23,2650
2022-05-11 11:58:36.105300,7663,27,7690
2022-05-11 11:58:37.108232,8419,143,8562
2022-05-11 11:58:38.113982,156,32,188
2022-05-11 11:58:39.120388,2526,127,2653
2022-05-11 11:58:40.125624,3848,137,3985
2022-05-11 11:58:41.131530,6708,40,6748
2022-05-11 11:58:42.137589,5026,138,5164
2022-05-11 11:58:43.141715,7408,76,7484
2022-05-11 11:58:44.151060,1750,1,1751
2022-05-11 11:58:45.154915,4150,144,4294
2022-05-11 11:58:46.155537,7041,27,7068
2022-05-11 11:58:47.164043,2907,110,3017
2022-05-11 11:58:48.172130,935,107,1042
2022-05-11 11:58:49.170986,6649,107,6756
2022-05-11 11:58:50.183902,53,123,176
2022-05-11 11:58:52.190949,7410,33,7443
2022-05-11 11:58:53.192474,5001,124,5125
2022-05-11 11:58:54.205345,3449,50,3499
2022-05-11 11:58:55.211039,4607,130,4737
2022-05-11 11:58:56.212461,4306,15,4321
2022-05-11 11:58:57.228297,6639,62,6701
2022-05-11 11:58:58.236723,5843,70,5913
2022-05-11 11:58:59.239059,8156,66,8222
2022-05-11 11:59:00.253058,2408,43,2451
2022-05-11 11:59:01.256671,2304,76,2380
2022-05-11 11:59:02.265299,8569,53,8622
2022-05-11 11:59:03.269818,7173,81,7254
2022-05-11 11:59:04.276879,4871,12,4883
2022-05-11 11:59:05.282756,8712,70,8782
2022-05-11 11:59:06.295043,3164,64,3228
2022-05-11 11:59:07.299408,4762,80,4842
2022-05-11 11:59:08.303721,6278,30,6308
2022-05-11 11:59:09.313155,7174,117,7291
2022-05-11 11:59:10.319960,7275,107,7382
2022-05-11 11:59:11.326762,6404,143,6547
2022-05-11 11:59:12.336198,6957,31,6988
2022-05-11 11:59:13.340911,3041,37,3078
2022-05-11 11:59:14.351903,6741,54,6795
2022-05-11 11:59:15.358331,1923,76,1999
2022-05-11 11:59:16.365621,8760,123,8883
2022-05-11 11:59:17.374985,4410,45,4455
2022-05-11 11:59:18.386912,1637,37,1674
2022-05-11 11:59:19.398842,8728,93,8821
2022-05-11 11:59:20.401226,8347,38,8385
2022-05-11 11:59:21.407644,5382,56,5438
2022-05-11 11:59:22.412748,6386,54,6440
2022-05-11 11:59:23.422010,7687,7,7694
2022-05-11 11:59:24.433867,1973,116,2089
2022-05-11 11:59:25.446817,8977,73,9050
2022-05-11 11:59:26.452728,7043,83,7126
2022-05-11 11:59:27.461574,7308,115,7423
2022-05-11 11:59:28.462692,3702,27,3729
2022-05-11 11:59:29.463626,140,58,198
2022-05-11 11:59:30.477119,927,104,1031
2022-05-11 11:59:31.482751,5190,48,5238
2022-05-11 11:59:32.491095,1655,23,1678
2022-05-11 11:59:33.493759,7106,141,7247
2022-05-11 11:59:34.504938,8980,71,9051
2022-05-11 11:59:35.511208,7115,25,7140
2022-05-11 11:59:36.517778,233,143,376
2022-05-11 11:59:37.512120,63,21,84
2022-05-11 11:59:38.525699,576,40,616
2022-05-11 11:59:39.534078,4969,45,5014
2022-05-11 11:59:40.538389,5985,31,6016
2022-05-11 11:59:41.545424,1124,56,1180
2022-05-11 11:59:42.557607,7683,6,7689
2022-05-11 11:59:43.562983,7507,51,7558
2022-05-11 11:59:44.572679,2089,48,2137
2022-05-11 11:59:45.579786,4888,7,4895
2022-05-11 11:59:46.588220,7398,18,7416
2022-05-11 11:59:47.592146,414,19,433
2022-05-11 11:59:48.588221,7392,14,7406
2022-05-11 11:59:49.606899,2841,57,2898
2022-05-11 11:59:50.616117,833,32,865
2022-05-11 11:59:51.620869,869,130,999
2022-05-11 11:59:52.630039,4987,143,5130
2022-05-11 11:59:53.640411,5205,127,5332
2022-05-11 11:59:54.647302,5063,94,5157
2022-05-11 11:59:55.653699,3924,7,3931
2022-05-11 11:59:56.661887,4982,148,5130
2022-05-11 11:59:57.670458,1650,127,1777
2022-05-11 11:59:58.679014,6775,64,6839
2022-05-11 11:59:59.681374,5051,71,5122
2022-05-11 12:00:00.691756,8770,22,8792
2022-05-11 12:00:01.702906,3360,112,3472
2022-05-11 12:00:02.706850,6700,88,6788
2022-05-11 12:00:03.702914,6537,54,6591
2022-05-11 12:00:04.716940,8876,42,8918
2022-05-11 12:00:05.724335,932,37,969
2022-05-11 12:00:06.723967,5534,112,5646
2022-05-11 12:00:07.735678,8927,24,8951
2022-05-11 12:00:08.738344,3888,19,3907
2022-05-11 12:00:09.744576,101,4,105
2022-05-11 12:00:10.755939,1699,28,1727
2022-05-11 12:00:11.765737,1890,78,1968
2022-05-11 12:00:12.772306,4300,117,4417
2022-05-11 12:00:13.778454,2243,118,2361
2022-05-11 12:00:14.785554,8919,56,8975
2022-05-11 12:00:15.793896,8723,42,8765
2022-05-11 12:00:16.796628,844,94,938
2022-05-11 12:00:17.806991,6844,120,6964
2022-05-11 12:00:18.811602,4392,12,4404
2022-05-11 12:00:19.820843,646,140,786
2022-05-11 12:00:20.826744,5014,53,5067
2022-05-11 12:00:21.832831,3573,129,3702
2022-05-11 12:00:22.839459,4676,128,4804
2022-05-11 12:00:23.847475,8651,128,8779
2022-05-11 12:00:24.854900,306,36,342
2022-05-11 12:00:25.860408,1520,105,1625
2022-05-11 12:00:26.868530,7089,71,7160
2022-05-11 12:00:27.878854,337,131,468
2022-05-11 12:00:28.886666,6845,107,6952
2022-05-11 12:00:29.892795,4412,28,4440
2022-05-11 12:00:30.900850,198,86,284
2022-05-11 12:00:31.909321,4618,14,4632
2022-05-11 12:00:32.919875,2788,12,2800
2022-05-11 12:00:33.930917,3883,120,4003
2022-05-11 12:00:34.938287,1670,129,1799
2022-05-11 12:00:35.946005,3515,81,3596
2022-05-11 12:00:36.953287,1807,80,1887
2022-05-11 12:00:37.964016,5361,47,5408
2022-05-11 12:00:38.969858,6344,83,6427
2022-05-11 12:00:39.974197,2295,27,2322
2022-05-11 12:00:40.983667,4800,139,4939
2022-05-11 12:00:41.991962,3758,127,3885
2022-05-11 12:00:42.995867,4321,92,4413
2022-05-11 12:00:44.006051,7693,34,7727
2022-05-11 12:00:46.019376,8528,70,8598
2022-05-11 12:00:47.029580,4173,101,4274
2022-05-11 12:00:48.033020,4863,94,4957
2022-05-11 12:00:49.041576,7346,37,7383
2022-05-11 12:00:50.052537,8834,58,8892
2022-05-11 12:00:51.059101,8473,128,8601
2022-05-11 12:00:52.066147,5041,38,5079
2022-05-11 12:00:53.074295,4262,67,4329
2022-05-11 12:00:54.078901,2237,102,2339
2022-05-11 12:00:55.080659,175,83,258
2022-05-11 12:00:56.093378,2987,126,3113
2022-05-11 12:00:57.104058,5945,25,5970
2022-05-11 12:00:58.112658,7394,150,7544
2022-05-11 12:00:59.118695,3093,72,3165
2022-05-11 12:01:00.124705,1510,103,1613
2022-05-11 12:01:01.137575,3792,94,3886
2022-05-11 12:01:02.145355,2863,92,2955
2022-05-11 12:01:03.155193,929,18,947
2022-05-11 12:01:04.163661,7560,71,7631
2022-05-11 12:01:05.164023,4609,25,4634
2022-05-11 12:01:06.177249,1414,116,1530
2022-05-11 12:01:07.189139,7791,44,7835
2022-05-11 12:01:08.190811,1841,93,1934
2022-05-11 12:01:09.201024,1759,13,1772
2022-05-11 12:01:10.205758,260,115,375
2022-05-11 12:01:11.215286,950,109,1059
2022-05-11 12:01:12.220742,6721,21,6742
2022-05-11 12:01:13.228065,86,131,217
2022-05-11 12:01:14.239680,7915,21,7936
2022-05-11 12:01:15.246051,4023,47,4070
2022-05-11 12:01:16.252818,4698,46,4744
2022-05-11 12:01:17.256216,6047,115,6162
2022-05-11 12:01:18.265142,7015,4,7019
2022-05-11 12:01:19.274600,1933,59,1992
2022-05-11 12:01:20.274112,2295,14,2309
2022-05-11 12:01:21.285256,5393,97,5490
2022-05-11 12:01:22.291906,5404,110,5514
2022-05-11 12:01:23.302631,2270,119,2389
2022-05-11 12:01:24.311929,2263,15,2278
2022-05-11 12:01:25.317783,5885,49,5934
2022-05-11 12:01:26.324753,6794,60,6854
2022-05-11 12:01:27.331257,5965,10,5975
2022-05-11 12:01:28.338937,4423,26,4449
2022-05-11 12:01:29.347594,2423,8,2431
2022-05-11 12:01:30.353473,5378,118,5496
2022-05-11 12:01:31.358165,8462,21,8483
2022-05-11 12:01:32.365199,3031,62,3093
2022-05-11 12:01:33.372988,1290,50,1340
2022-05-11 12:01:34.378452,330,111,441
2022-05-11 12:01:35.372158,5822,148,5970
2022-05-11 12:01:36.386825,6637,110,6747
2022-05-11 12:01:37.389455,4234,11,4245
2022-05-11 12:01:38.398151,8146,1,8147
2022-05-11 12:01:39.405237,3665,51,3716
2022-05-11 12:01:40.409755,1784,61,1845
2022-05-11 12:01:41.414473,7206,94,7300
2022-05-11 12:01:42.426070,5033,40,5073
2022-05-11 12:01:43.431204,1116,13,1129
2022-05-11 12:01:44.438951,2575,112,2687
2022-05-11 12:01:45.450630,7880,21,7901
2022-05-11 12:01:46.457642,1560,104,1664
2022-05-11 12:01:47.470469,7811,27,7838
2022-05-11 12:01:48.476023,1621,59,1680
2022-05-11 12:01:49.483873,2370,1,2371
2022-05-11 12:01:50.476199,2494,107,2601
2022-05-11 12:01:51.572408,1248,16,1264
2022-05-11 12:01:52.577922,8576,64,8640
2022-05-11 12:01:53.587825,7638,116,7754
2022-05-11 12:01:54.583643,3919,2,3921
2022-05-11 12:01:55.602168,3335,121,3456
2022-05-11 12:01:56.607577,8225,83,8308
2022-05-11 12:01:57.617959,6051,123,6174
2022-05-11 12:01:58.618623,4285,140,4425
2022-05-11 12:01:59.626643,2976,147,3123
2022-05-11 12:02:00.629428,2834,121,2955
2022-05-11 12:02:01.634723,7356,145,7501
2022-05-11 12:02:02.653665,1660,111,1771
2022-05-11 12:02:03.660078,824,89,913
2022-05-11 12:02:04.657921,96,58,154
2022-05-11 12:02:05.668844,6350,15,6365
2022-05-11 12:02:06.678845,8380,108,8488
2022-05-11 12:02:07.683238,7658,56,7714
2022-05-11 12:02:08.695247,3072,6,3078
2022-05-11 12:02:09.703561,6806,123,6929
2022-05-11 12:02:10.710465,3150,88,3238
2022-05-11 12:02:11.718516,8938,120,9058
2022-05-11 12:02:12.725855,3258,46,3304
2022-05-11 12:02:13.730458,3312,76,3388
2022-05-11 12:02:14.736340,5414,37,5451
2022-05-11 12:02:15.746062,6356,101,6457
2022-05-11 12:02:16.753419,6249,82,6331
2022-05-11 12:02:17.763410,7434,117,7551
2022-05-11 12:02:18.774380,4002,11,4013
2022-05-11 12:02:19.783573,3750,69,3819
2022-05-11 12:08:40.810292,1526,6,1532
2022-05-11 12:08:41.816474,8910,98,9008
2022-05-11 12:08:42.818489,5288,34,5322
2022-05-11 12:08:43.826827,1404,132,1536
2022-05-11 12:08:44.834376,8630,138,8768
2022-05-11 12:08:45.840154,4069,46,4115
2022-05-11 12:08:46.847569,6535,17,6552
2022-05-11 12:08:47.857998,8017,74,8091
2022-05-11 12:08:48.867059,7609,61,7670
2022-05-11 12:08:49.872618,6865,108,6973
2022-05-11 12:08:50.882333,1691,132,1823
2022-05-11 12:08:51.891823,23,46,69
2022-05-11 12:08:52.897539,7630,8,7638
2022-05-11 12:08:53.906601,7849,76,7925
2022-05-11 12:08:54.915308,5694,113,5807
2022-05-11 12:08:55.920918,8883,124,9007
2022-05-11 12:08:56.927212,8617,39,8656
2022-05-11 12:08:57.934580,1477,113,1590
2022-05-11 12:08:58.945595,1020,9,1029
2022-05-11 12:08:59.955700,3862,27,3889
2022-05-11 12:09:00.959692,2756,135,2891
2022-05-11 12:09:01.970949,1633,83,1716
2022-05-11 12:09:02.978256,2915,95,3010
2022-05-11 12:09:03.985856,2045,123,2168
2022-05-11 12:09:04.992465,1854,75,1929
2022-05-11 12:09:05.995358,7418,113,7531
2022-05-11 12:09:07.003639,4124,61,4185
2022-05-11 12:09:08.014067,8738,25,8763
2022-05-11 12:09:09.020698,2218,75,2293
2022-05-11 12:09:10.030082,4055,137,4192
2022-05-11 12:09:11.032340,1481,35,1516
2022-05-11 12:09:12.029955,5367,70,5437
2022-05-11 12:09:13.043837,3702,133,3835
2022-05-11 12:09:14.050479,6649,53,6702
2022-05-11 12:09:15.060378,1718,31,1749
2022-05-11 12:09:16.066045,7210,111,7321
2022-05-11 12:09:17.070993,8933,90,9023
2022-05-11 12:09:18.080261,2531,11,2542
2022-05-11 12:09:19.089463,476,143,619
2022-05-11 12:09:20.097378,7243,133,7376
2022-05-11 12:09:21.108854,4339,54,4393
2022-05-11 12:09:22.113173,7195,20,7215
2022-05-11 12:09:23.121419,8135,149,8284
2022-05-11 12:09:24.126989,4830,20,4850
2022-05-11 12:09:25.135693,4549,135,4684
2022-05-11 12:09:26.143400,7378,34,7412
2022-05-11 12:09:27.135085,3669,105,3774
2022-05-11 12:09:28.153617,7763,109,7872
2022-05-11 12:09:29.160046,6552,18,6570
2022-05-11 12:09:30.165991,81,82,163
2022-05-11 12:09:31.170973,1476,109,1585
2022-05-11 12:09:32.179900,315,116,431
2022-05-11 12:09:33.183451,8006,77,8083
2022-05-11 12:09:34.192096,8615,43,8658
2022-05-11 12:09:35.195747,1260,131,1391
2022-05-11 12:09:36.192968,1017,104,1121
2022-05-11 12:09:37.203098,8957,2,8959
2022-05-11 12:09:38.211977,4265,56,4321
2022-05-11 12:09:39.219416,5095,3,5098
2022-05-11 12:09:40.233239,698,45,743
2022-05-11 12:09:41.240073,5533,71,5604
2022-05-11 12:09:42.235704,7569,33,7602
2022-05-11 12:09:43.249238,682,144,826
2022-05-11 12:09:44.259659,4620,58,4678
2022-05-11 12:09:45.266815,5846,146,5992
2022-05-11 12:09:46.276116,1542,65,1607
2022-05-11 12:09:47.284921,6655,70,6725
2022-05-11 12:09:48.288062,6129,92,6221
2022-05-11 12:09:49.295628,4507,31,4538
2022-05-11 12:09:50.304740,3298,6,3304
2022-05-11 12:09:51.313805,1570,10,1580
2022-05-11 12:09:52.324003,5702,86,5788
2022-05-11 12:09:53.327612,237,92,329
2022-05-11 12:09:54.334640,2674,74,2748
2022-05-11 12:09:55.345827,222,74,296
2022-05-11 12:09:56.354003,2805,60,2865
2022-05-11 12:09:57.364810,8483,128,8611
2022-05-11 12:09:58.374694,2382,133,2515
2022-05-11 12:09:59.378841,5316,5,5321
2022-05-11 12:10:00.387496,3847,19,3866
2022-05-11 12:10:01.395396,4481,17,4498
2022-05-11 12:10:02.402594,1512,25,1537
2022-05-11 12:10:03.414995,8378,39,8417
2022-05-11 12:10:04.422090,1433,129,1562
2022-05-11 12:10:05.431311,7775,105,7880
2022-05-11 12:10:06.436851,3391,135,3526
2022-05-11 12:10:07.446631,2895,71,2966
2022-05-11 12:10:08.450868,1701,30,1731
2022-05-11 12:10:09.458553,4463,82,4545
2022-05-11 12:10:10.463399,1109,130,1239
2022-05-11 12:10:11.474505,2412,45,2457
2022-05-11 12:10:12.480246,2342,46,2388
2022-05-11 12:10:13.486410,5132,56,5188
2022-05-11 12:10:14.495718,8635,70,8705
2022-05-11 12:10:15.490560,3834,44,3878
2022-05-11 12:10:16.500800,7695,122,7817
2022-05-11 12:10:17.509016,6054,131,6185
2022-05-11 12:10:18.515168,1547,119,1666
2022-05-11 12:10:19.524556,3888,56,3944
2022-05-11 12:10:20.534183,4665,103,4768
2022-05-11 12:10:21.543956,1002,6,1008
2022-05-11 12:10:22.555109,2167,98,2265
2022-05-11 12:10:23.561125,1367,110,1477
2022-05-11 12:10:24.571615,5912,29,5941
2022-05-11 12:10:25.577063,6771,85,6856
2022-05-11 12:10:26.582751,433,33,466
2022-05-11 12:10:27.594300,690,52,742
2022-05-11 12:10:28.602592,7815,139,7954
2022-05-11 12:10:29.613272,1275,112,1387
2022-05-11 12:10:30.615400,2450,132,2582
2022-05-11 12:10:31.626273,4052,15,4067
2022-05-11 12:10:32.630916,87,53,140
2022-05-11 12:10:33.638085,4273,49,4322
2022-05-11 12:10:34.647452,6710,85,6795
2022-05-11 12:10:35.653221,1692,61,1753
2022-05-11 12:10:36.660743,8947,75,9022
2022-05-11 12:10:37.669246,8739,81,8820
2022-05-11 12:10:38.675198,3226,3,3229
2022-05-11 12:10:39.682256,3008,79,3087
2022-05-11 12:10:40.682333,4953,123,5076
2022-05-11 12:10:41.693893,3056,91,3147
2022-05-11 12:10:42.701124,5853,136,5989
2022-05-11 12:10:43.696436,429,60,489
2022-05-11 12:10:44.705231,2190,137,2327
2022-05-11 12:10:45.710525,2105,147,2252
2022-05-11 12:10:46.713983,8984,66,9050
2022-05-11 12:10:47.723488,279,130,409
2022-05-11 12:10:48.735090,3922,32,3954
2022-05-11 12:10:49.743728,7811,94,7905
2022-05-11 12:10:50.748438,1646,127,1773
2022-05-11 12:10:51.755301,8415,150,8565
2022-05-11 12:10:52.764763,8530,114,8644
2022-05-11 12:10:53.771651,798,5,803
2022-05-11 12:10:54.781071,3735,11,3746
2022-05-11 12:10:55.782671,2159,3,2162
2022-05-11 12:10:56.789560,7075,91,7166
2022-05-11 12:10:57.796188,3739,81,3820
2022-05-11 12:10:58.796171,3876,16,3892
2022-05-11 12:10:59.803869,1019,29,1048
2022-05-11 12:11:00.807363,1322,114,1436
2022-05-11 12:11:01.813465,602,67,669
2022-05-11 12:11:02.821454,234,51,285
2022-05-11 12:11:03.825895,3065,95,3160
2022-05-11 12:11:04.841741,653,33,686
2022-05-11 12:11:05.847219,463,112,575
2022-05-11 12:11:06.856060,3923,77,4000
2022-05-11 12:11:07.859056,8627,60,8687
2022-05-11 12:11:08.869402,4034,135,4169
2022-05-11 12:11:09.881814,5646,140,5786
2022-05-11 12:11:11.896092,5816,97,5913
2022-05-11 12:11:12.895297,7711,23,7734
2022-05-11 12:11:13.898256,3283,118,3401
2022-05-11 12:11:14.904030,1089,26,1115
2022-05-11 12:11:15.911663,2032,18,2050
2022-05-11 12:11:16.916980,537,146,683
2022-05-11 12:11:17.928612,6395,14,6409
2022-05-11 12:11:18.929299,194,61,255
2022-05-11 12:11:19.932087,6660,58,6718
2022-05-11 12:11:20.935686,1471,7,1478
2022-05-11 12:11:21.948335,3420,148,3568
2022-05-11 12:11:22.946504,7961,47,8008
2022-05-11 12:11:23.954548,3976,21,3997
2022-05-11 12:11:24.954217,3256,15,3271
2022-05-11 12:11:25.960538,7409,101,7510
2022-05-11 12:11:26.974338,5720,20,5740
2022-05-11 12:11:27.971810,7418,76,7494
2022-05-11 12:11:28.983904,3971,83,4054
2022-05-11 12:11:29.991193,5191,13,5204
2022-05-11 12:11:31.000218,3794,129,3923
2022-05-11 12:11:32.001434,4128,32,4160
2022-05-11 12:11:33.005247,6356,1,6357
2022-05-11 12:11:34.014067,2719,98,2817
2022-05-11 12:11:35.009031,5605,35,5640
2022-05-11 12:11:36.024507,315,87,402
2022-05-11 12:11:37.024003,4375,41,4416
2022-05-11 12:11:38.030353,1559,44,1603
2022-05-11 12:11:39.044343,8122,143,8265
2022-05-11 12:11:40.048623,3664,114,3778
2022-05-11 12:11:41.057901,7189,142,7331
2022-05-11 12:11:42.054979,6541,78,6619
2022-05-11 12:11:43.060144,8292,26,8318
2022-05-11 12:11:44.073767,4184,63,4247
2022-05-11 12:11:45.070283,4621,92,4713
2022-05-11 12:11:46.078594,8973,16,8989
2022-05-11 12:11:47.088254,4036,109,4145
2022-05-11 12:11:48.099952,348,139,487
2022-05-11 12:11:49.104278,5947,98,6045
2022-05-11 12:11:50.105672,5339,119,5458
2022-05-11 12:11:51.114205,1486,127,1613
2022-05-11 12:11:52.125696,934,73,1007
2022-05-11 12:11:53.131140,2271,61,2332
2022-05-11 12:11:54.138268,1792,130,1922
2022-05-11 12:11:55.137673,1924,113,2037
2022-05-11 12:11:56.151619,1648,57,1705
2022-05-11 12:11:57.156509,1083,5,1088
2022-05-11 12:11:58.168534,5157,99,5256
2022-05-11 12:11:59.177342,4711,20,4731
2022-05-11 12:12:00.170915,3804,124,3928
2022-05-11 12:12:01.184968,5460,86,5546
2022-05-11 12:12:02.195128,7286,38,7324
2022-05-11 12:12:03.206393,2192,126,2318
2022-05-11 12:12:04.212529,3922,68,3990
2022-05-11 12:12:05.210606,8221,58,8279
2022-05-11 12:12:06.215377,3606,58,3664
2022-05-11 12:12:07.228791,1048,67,1115
2022-05-11 12:12:08.233628,852,5,857
2022-05-11 12:12:09.239140,5434,19,5453
2022-05-11 12:12:10.247581,1633,39,1672
2022-05-11 12:12:11.249020,2804,43,2847
2022-05-11 12:12:12.263236,1285,39,1324
2022-05-11 12:12:13.271294,4890,5,4895
2022-05-11 12:12:14.281870,8406,100,8506
2022-05-11 12:12:15.272820,4532,60,4592
2022-05-11 12:12:16.288529,3754,129,3883
2022-05-11 12:12:17.302418,7494,33,7527
2022-05-11 12:12:18.304000,8152,103,8255
2022-05-11 12:12:19.311401,3130,104,3234
2022-05-11 12:12:20.318126,6956,42,6998
2022-05-11 12:12:21.317635,2111,93,2204
2022-05-11 12:12:22.323936,7773,148,7921
2022-05-11 12:12:23.330363,8261,11,8272
2022-05-11 12:12:24.335701,7277,117,7394
2022-05-11 12:12:25.342044,7088,128,7216
2022-05-11 12:12:26.348766,1071,148,1219
2022-05-11 12:12:27.360728,4364,145,4509
2022-05-11 12:12:28.349074,166,38,204
2022-05-11 12:12:29.368252,6785,81,6866
2022-05-11 12:12:30.371371,1143,83,1226
2022-05-11 12:12:31.380119,8577,98,8675
2022-05-11 12:12:32.393228,8671,11,8682
2022-05-11 12:12:33.396322,8557,70,8627
2022-05-11 12:12:34.391639,8275,120,8395
2022-05-11 12:12:35.406206,325,137,462
2022-05-11 12:12:36.415635,8738,58,8796
2022-05-11 12:12:37.424981,1079,112,1191
2022-05-11 12:12:38.433635,492,100,592
2022-05-11 12:12:39.443342,2758,96,2854
2022-05-11 12:12:40.450019,1250,92,1342
2022-05-11 12:12:41.452556,3213,70,3283
2022-05-11 12:12:42.456320,7082,93,7175
2022-05-11 12:12:43.463708,401,56,457
2022-05-11 12:12:44.474623,3836,124,3960
2022-05-11 12:12:45.475330,7175,101,7276
2022-05-11 12:12:46.489623,1713,47,1760
2022-05-11 12:12:47.493125,701,118,819
2022-05-11 12:12:48.495094,751,30,781
2022-05-11 12:12:49.503068,6006,52,6058
2022-05-11 12:12:50.510469,7669,55,7724
2022-05-11 12:12:51.520093,6206,130,6336
2022-05-11 12:12:52.526133,3385,64,3449
2022-05-11 12:12:53.536853,707,131,838
2022-05-11 12:12:54.541802,3644,100,3744
2022-05-11 12:12:55.553491,658,148,806
2022-05-11 12:12:56.557907,5549,122,5671
2022-05-11 12:12:57.565434,1972,84,2056
2022-05-11 12:12:58.568660,4446,113,4559
2022-05-11 12:12:59.576466,119,8,127
2022-05-11 12:13:00.585487,6125,56,6181
2022-05-11 12:13:01.593419,3444,47,3491
2022-05-11 12:13:02.600153,8770,119,8889
2022-05-11 12:13:03.606442,1808,89,1897
2022-05-11 12:13:04.615370,4791,75,4866
2022-05-11 12:13:05.616586,7852,74,7926
2022-05-11 12:13:06.619264,4153,139,4292
2022-05-11 12:13:07.625373,7712,24,7736
2022-05-11 12:13:08.632821,2264,22,2286
2022-05-11 12:13:09.639754,2049,120,2169
2022-05-11 12:13:10.646612,456,69,525
2022-05-11 12:13:11.657944,7160,38,7198
2022-05-11 12:13:12.665765,7842,41,7883
2022-05-11 12:13:13.669760,8926,115,9041
2022-05-11 12:13:14.679332,3467,82,3549
2022-05-11 12:13:15.688295,8475,97,8572
2022-05-11 12:13:16.686288,4480,116,4596
2022-05-11 12:13:17.700830,7211,38,7249
2022-05-11 12:13:18.708067,8327,30,8357
2022-05-11 12:13:19.726389,4548,114,4662
2022-05-11 12:13:20.730265,6854,22,6876
2022-05-11 12:13:21.731391,7620,140,7760
2022-05-11 12:13:22.739935,3469,131,3600
2022-05-11 12:13:23.741659,1504,116,1620
2022-05-11 12:13:24.746798,5442,23,5465
2022-05-11 12:13:25.751613,5327,81,5408
2022-05-11 12:13:26.761858,2163,43,2206
2022-05-11 12:13:27.761744,3132,84,3216
2022-05-11 12:13:28.775550,4073,33,4106
2022-05-11 12:13:29.778603,7763,42,7805
2022-05-11 12:13:30.784253,4998,125,5123
2022-05-11 12:13:31.779721,5682,53,5735
2022-05-11 12:13:32.792103,4177,103,4280
2022-05-11 12:13:33.801445,8173,29,8202
2022-05-11 12:13:34.801668,3684,12,3696
2022-05-11 12:13:35.809554,3182,7,3189
2022-05-11 12:13:36.809838,5785,125,5910
2022-05-11 12:13:37.819603,859,12,871
2022-05-11 12:13:38.822618,4231,142,4373
2022-05-11 12:13:39.833904,4981,13,4994
2022-05-11 12:13:40.837392,1953,128,2081
2022-05-11 12:13:41.846007,414,135,549
2022-05-11 12:13:42.847660,4475,137,4612
2022-05-11 12:13:43.856241,3804,54,3858
2022-05-11 12:13:44.868367,1882,113,1995
2022-05-11 12:13:45.873606,7400,97,7497
2022-05-11 12:13:46.879010,2202,129,2331
2022-05-11 12:13:47.884370,7234,11,7245
2022-05-11 12:13:48.887300,8102,94,8196
2022-05-11 12:13:49.896849,5138,62,5200
2022-05-11 12:13:50.907004,2797,29,2826
2022-05-11 12:13:51.908466,5898,91,5989
2022-05-11 12:13:52.917533,7404,34,7438
2022-05-11 12:13:53.923905,2509,93,2602
2022-05-11 12:13:54.933057,2339,53,2392
2022-05-11 12:13:55.939843,4447,96,4543
2022-05-11 12:13:56.942846,7742,21,7763
2022-05-11 12:13:57.953215,2438,35,2473
2022-05-11 12:13:58.961890,1271,132,1403
2022-05-11 12:13:59.973832,1968,124,2092
2022-05-11 12:14:00.978524,2185,54,2239
2022-05-11 12:14:01.987176,2131,83,2214
2022-05-11 12:14:02.991074,5097,100,5197
2022-05-11 12:14:04.000199,8472,141,8613
2022-05-11 12:14:05.005837,2432,39,2471
2022-05-11 12:14:06.013156,8461,48,8509
2022-05-11 12:14:07.026218,8051,29,8080
2022-05-11 12:14:08.034967,1250,92,1342
2022-05-11 12:14:09.038198,3511,74,3585
2022-05-11 12:14:10.041246,8368,56,8424
2022-05-11 12:14:11.048454,6199,45,6244
2022-05-11 12:14:12.058799,7930,59,7989
2022-05-11 12:14:13.060659,5570,74,5644
2022-05-11 12:14:14.067462,4795,89,4884
2022-05-11 12:14:15.074348,1991,8,1999
2022-05-11 12:14:16.080545,1677,47,1724
2022-05-11 12:14:17.087841,6711,7,6718
2022-05-11 12:14:18.093542,4777,35,4812
2022-05-11 12:14:19.099227,4632,28,4660
2022-05-11 12:14:20.104526,6120,112,6232
2022-05-11 12:14:21.110212,2391,14,2405
2022-05-11 12:14:22.124797,8356,102,8458
2022-05-11 12:14:23.130327,4440,110,4550
2022-05-11 12:14:24.136261,569,25,594
2022-05-11 12:14:25.138483,2862,79,2941
2022-05-11 12:14:26.147775,1151,5,1156
2022-05-11 12:14:27.147793,2665,124,2789
2022-05-11 12:14:28.151642,8787,69,8856
2022-05-11 12:14:29.159066,2130,46,2176
2022-05-11 12:14:30.169680,7481,9,7490
2022-05-11 12:14:31.175364,6228,113,6341
2022-05-11 12:14:32.184566,4422,92,4514
2022-05-11 12:14:33.189487,5707,28,5735
2022-05-11 12:14:34.196683,3144,46,3190
2022-05-11 12:14:35.205903,7440,123,7563
2022-05-11 12:14:36.210107,5426,128,5554
2022-05-11 12:14:37.221138,3179,8,3187
2022-05-11 12:14:38.229385,7935,23,7958
2022-05-11 12:14:39.234084,8409,123,8532
2022-05-11 12:14:41.241493,1621,14,1635
2022-05-11 12:14:42.251135,4950,11,4961
2022-05-11 12:14:43.261420,3577,138,3715
2022-05-11 12:14:44.269683,6253,134,6387
2022-05-11 12:14:45.269744,4646,66,4712
2022-05-11 12:14:46.277751,6378,43,6421
2022-05-11 12:14:47.287013,8319,78,8397
2022-05-11 12:14:48.284663,3203,47,3250
2022-05-11 12:14:49.303681,126,27,153
2022-05-11 12:14:50.310621,6836,111,6947
2022-05-11 12:14:51.316750,6688,136,6824
2022-05-11 12:14:52.324893,5546,55,5601
2022-05-11 12:14:53.327007,3415,110,3525
2022-05-11 12:14:54.341485,6333,53,6386
2022-05-11 12:14:55.350092,1739,36,1775
2022-05-11 12:14:56.357757,90,69,159
2022-05-11 12:14:57.359362,8896,35,8931
2022-05-11 12:14:58.366715,551,59,610
2022-05-11 12:14:59.373957,7814,50,7864
2022-05-11 12:15:00.383573,8517,40,8557
2022-05-11 12:15:01.392439,2967,69,3036
2022-05-11 12:15:02.403677,6940,33,6973
2022-05-11 12:15:03.395836,5118,77,5195
2022-05-11 12:15:04.407737,5793,115,5908
2022-05-11 12:15:05.418029,5410,51,5461
2022-05-11 12:15:06.423738,8069,145,8214
2022-05-11 12:15:07.429534,5915,21,5936
2022-05-11 12:15:08.435777,5935,121,6056
2022-05-11 12:15:09.445951,2483,37,2520
2022-05-11 12:15:10.452686,4604,39,4643
2022-05-11 12:15:11.460487,6807,29,6836
2022-05-11 12:15:12.463418,8894,82,8976
2022-05-11 12:15:13.471376,4127,84,4211
2022-05-11 12:15:14.478560,3982,14,3996
2022-05-11 12:15:15.485170,8995,68,9063
2022-05-11 12:15:16.491340,2611,54,2665
2022-05-11 12:15:17.499367,8136,129,8265
2022-05-11 12:15:18.501697,5142,14,5156
2022-05-11 12:15:19.509487,7988,103,8091
2022-05-11 12:15:20.519307,8241,122,8363
2022-05-11 12:15:21.521283,6429,112,6541
2022-05-11 12:15:22.525225,3695,112,3807
2022-05-11 12:15:23.535531,5452,100,5552
2022-05-11 12:15:24.542298,6802,142,6944
2022-05-11 12:15:25.547821,7854,146,8000
2022-05-11 12:15:26.558758,4508,136,4644
2022-05-11 12:15:27.566203,2643,71,2714
2022-05-11 12:15:28.575714,6850,31,6881
2022-05-11 12:15:29.582467,8557,26,8583
2022-05-11 12:15:30.592453,4877,16,4893
2022-05-11 12:15:31.600177,677,25,702
2022-05-11 12:15:32.607068,8664,79,8743
2022-05-11 12:15:33.617437,5697,76,5773
2022-05-11 12:15:34.623401,3643,84,3727
2022-05-11 12:15:35.633890,6723,21,6744
2022-05-11 12:15:36.638193,6438,110,6548
2022-05-11 12:15:37.644871,6179,58,6237
2022-05-11 12:15:38.655437,7580,73,7653
2022-05-11 12:15:39.658264,205,98,303
2022-05-11 12:15:40.667393,4925,104,5029
2022-05-11 12:15:41.671546,6088,142,6230
2022-05-11 12:15:42.680425,5840,39,5879
2022-05-11 12:15:43.690767,7500,23,7523
2022-05-11 12:15:44.697987,2095,62,2157
2022-05-11 12:15:45.706415,8083,23,8106
2022-05-11 12:15:46.711684,49,122,171
2022-05-11 12:15:47.720439,477,83,560
2022-05-11 12:15:48.729387,3272,131,3403
2022-05-11 12:15:49.730391,6154,145,6299
2022-05-11 12:15:50.737287,4517,8,4525
2022-05-11 12:15:51.743371,4307,41,4348
2022-05-11 12:15:52.753053,8531,2,8533
2022-05-11 12:15:53.761439,3512,150,3662
2022-05-11 12:15:54.766886,8392,67,8459
2022-05-11 12:15:55.773043,1902,78,1980
2022-05-11 12:15:56.779541,8189,92,8281
2022-05-11 12:15:57.779203,4975,121,5096
2022-05-11 12:15:58.787772,6948,61,7009
2022-05-11 12:15:59.794159,4559,133,4692
2022-05-11 12:16:00.798074,7697,93,7790
2022-05-11 12:16:01.802059,7113,93,7206
2022-05-11 12:16:02.813376,7637,9,7646
2022-05-11 12:16:03.823579,243,24,267
2022-05-11 12:16:04.825292,1964,149,2113
2022-05-11 12:16:05.833998,1823,114,1937
2022-05-11 12:16:06.838292,1528,60,1588
2022-05-11 12:16:07.842278,1192,83,1275
2022-05-11 12:16:08.850261,1652,6,1658
2022-05-11 12:16:09.856542,81,80,161
2022-05-11 12:16:10.863088,4435,139,4574
2022-05-11 12:16:11.868713,8871,138,9009
2022-05-11 12:16:12.875944,1414,19,1433
2022-05-11 12:16:13.893874,449,31,480
2022-05-11 12:16:14.887931,3993,53,4046
2022-05-11 12:16:15.904526,7417,74,7491
2022-05-11 12:16:16.908924,1550,15,1565
2022-05-11 12:16:17.919950,7961,10,7971
2022-05-11 12:16:18.931970,4575,81,4656
2022-05-11 12:16:19.923971,4978,79,5057
2022-05-11 12:16:20.940524,7316,144,7460
2022-05-11 12:16:21.941754,8094,43,8137
2022-05-11 12:16:22.952190,5460,149,5609
2022-05-11 12:16:23.960118,8054,78,8132
2022-05-11 12:16:24.968190,7085,121,7206
2022-05-11 12:16:25.977812,5770,40,5810
2022-05-11 12:16:26.978486,5078,98,5176
2022-05-11 12:16:27.990974,2246,105,2351
2022-05-11 12:16:28.991515,3308,54,3362
2022-05-11 12:16:30.000116,7888,62,7950
2022-05-11 12:16:31.012325,4381,8,4389
2022-05-11 12:16:32.014916,1407,138,1545
2022-05-11 12:16:33.022416,265,141,406
2022-05-11 12:16:34.035360,5267,125,5392
2022-05-11 12:16:35.025389,6135,48,6183
2022-05-11 12:16:36.042705,5295,30,5325
2022-05-11 12:16:37.049646,4526,54,4580
2022-05-11 12:16:38.057461,724,125,849
2022-05-11 12:16:39.062305,8948,106,9054
2022-05-11 12:16:40.072358,6508,24,6532
2022-05-11 12:16:41.085424,4371,53,4424
2022-05-11 12:16:42.091381,4264,15,4279
2022-05-11 12:16:43.097571,926,125,1051
2022-05-11 12:16:44.106470,7766,29,7795
2022-05-11 12:16:45.108422,70,123,193
2022-05-11 12:16:46.118216,564,96,660
2022-05-11 12:16:47.124622,148,46,194
2022-05-11 12:16:48.131104,2902,24,2926
2022-05-11 12:16:49.137105,6012,32,6044
2022-05-11 12:16:50.141243,336,15,351
2022-05-11 12:16:51.146984,1712,79,1791
2022-05-11 12:16:52.150364,4217,88,4305
2022-05-11 12:16:53.153335,8087,78,8165
2022-05-11 12:16:54.158961,3226,56,3282
2022-05-11 12:16:55.169268,306,33,339
2022-05-11 12:16:56.181496,961,138,1099
2022-05-11 12:16:57.181888,8541,29,8570
2022-05-11 12:16:58.192400,1474,124,1598
2022-05-11 12:16:59.196445,5178,46,5224
2022-05-11 12:17:00.203475,3905,55,3960
2022-05-11 12:17:01.210258,5322,9,5331
2022-05-11 12:17:02.214106,3947,29,3976
2022-05-11 12:17:03.218635,3661,139,3800
2022-05-11 12:17:04.228515,1249,93,1342
2022-05-11 12:17:05.236301,4562,7,4569
2022-05-11 12:17:06.238466,1096,89,1185
2022-05-11 12:17:07.244201,6932,88,7020
2022-05-11 12:17:08.253439,8087,122,8209
2022-05-11 12:17:09.258012,3609,50,3659
2022-05-11 12:17:10.261656,5291,10,5301
2022-05-11 12:17:11.265989,4226,63,4289
2022-05-11 12:17:12.268580,288,145,433
2022-05-11 12:17:13.281690,6773,3,6776
2022-05-11 12:17:14.293503,3044,120,3164
2022-05-11 12:17:15.297370,7015,15,7030
2022-05-11 12:17:16.300613,3136,148,3284
2022-05-11 12:17:17.308241,2956,43,2999
2022-05-11 12:17:18.311599,1833,98,1931
2022-05-11 12:17:19.315481,5029,89,5118
2022-05-11 12:17:20.322394,5299,31,5330
2022-05-11 12:17:21.335544,4169,35,4204
2022-05-11 12:17:22.339651,6441,33,6474
2022-05-11 12:17:23.343866,5046,85,5131
2022-05-11 12:17:24.344279,2401,143,2544
2022-05-11 12:17:25.351237,972,15,987
2022-05-11 12:17:26.355808,1093,57,1150
2022-05-11 12:17:27.369858,4969,117,5086
2022-05-11 12:17:28.370904,2488,85,2573
2022-05-11 12:17:29.379599,5310,51,5361
2022-05-11 12:17:30.386226,2088,132,2220
2022-05-11 12:17:31.389727,3551,6,3557
2022-05-11 12:17:32.396635,3324,59,3383
2022-05-11 12:17:33.406953,1274,104,1378
2022-05-11 12:17:34.407379,5593,108,5701
2022-05-11 12:17:35.417443,1284,100,1384
2022-05-11 12:17:36.414496,5670,34,5704
2022-05-11 12:17:37.421207,8005,18,8023
2022-05-11 12:17:38.427689,5303,97,5400
2022-05-11 12:17:39.434556,7265,97,7362
2022-05-11 12:17:40.444108,3928,13,3941
2022-05-11 12:17:41.450114,5958,23,5981
2022-05-11 12:17:42.454320,8553,129,8682
2022-05-11 12:17:43.455631,483,63,546
2022-05-11 12:17:44.461859,4398,40,4438
2022-05-11 12:17:45.465401,6471,85,6556
2022-05-11 12:17:46.473814,1536,18,1554
2022-05-11 12:17:47.478289,4536,80,4616
2022-05-11 12:17:48.490317,74,22,96
2022-05-11 12:17:49.496396,1162,24,1186
2022-05-11 12:17:50.500172,2716,72,2788
2022-05-11 12:17:51.497210,1140,120,1260
2022-05-11 12:17:52.508194,6285,78,6363
2022-05-11 12:17:53.517210,7701,114,7815
2022-05-11 12:17:54.521427,3529,43,3572
2022-05-11 12:17:55.527730,5169,112,5281
2022-05-11 12:17:56.530985,4728,112,4840
2022-05-11 12:17:57.536322,6977,107,7084
2022-05-11 12:17:59.550841,6619,79,6698
2022-05-11 12:18:00.555849,4017,30,4047
2022-05-11 12:18:01.559877,6424,8,6432
2022-05-11 12:18:02.568253,6774,54,6828
2022-05-11 12:18:03.576261,1469,49,1518
2022-05-11 12:18:04.580465,6811,29,6840
2022-05-11 12:18:05.589412,1454,144,1598
2022-05-11 12:18:06.592583,7446,34,7480
2022-05-11 12:18:07.592211,5492,67,5559
2022-05-11 12:18:08.597211,5620,134,5754
2022-05-11 12:18:09.608465,5313,69,5382
2022-05-11 12:18:10.614901,6909,69,6978
2022-05-11 12:18:11.619710,3879,52,3931
2022-05-11 12:18:12.625618,7329,122,7451
2022-05-11 12:18:13.632461,1237,130,1367
2022-05-11 12:18:14.634719,1897,80,1977
2022-05-11 12:18:15.637383,1308,146,1454
2022-05-11 12:18:16.641258,5123,94,5217
2022-05-11 12:18:17.643912,7207,13,7220
2022-05-11 12:18:18.652585,1265,14,1279
2022-05-11 12:18:19.660693,7517,101,7618
2022-05-11 12:18:20.667450,5328,33,5361
2022-05-11 12:18:21.665808,2726,15,2741
2022-05-11 12:18:22.677523,7512,65,7577
2022-05-11 12:18:23.679659,5515,52,5567
2022-05-11 12:18:24.685175,7566,72,7638
2022-05-11 12:18:25.690375,550,41,591
2022-05-11 12:18:26.695481,3282,91,3373
2022-05-11 12:18:27.698897,5011,113,5124
2022-05-11 12:18:28.705925,6942,108,7050
2022-05-11 12:18:29.712463,2406,63,2469
2022-05-11 12:18:30.719863,3824,57,3881
2022-05-11 12:18:31.720702,2248,10,2258
2022-05-11 12:18:32.726334,3374,122,3496
2022-05-11 12:18:33.738111,7436,2,7438
2022-05-11 12:18:34.744868,2725,52,2777
2022-05-11 12:18:35.748406,4677,76,4753
2022-05-11 12:18:36.752780,7294,63,7357
2022-05-11 12:18:37.760500,5373,140,5513
2022-05-11 12:18:38.769193,4567,93,4660
2022-05-11 12:18:39.773025,2435,70,2505
2022-05-11 12:18:40.778761,2106,70,2176
2022-05-11 12:18:41.786271,5068,113,5181
2022-05-11 12:18:42.789033,8710,118,8828
2022-05-11 12:18:43.800459,243,138,381
2022-05-11 12:18:44.801716,1862,107,1969
2022-05-11 12:18:45.807938,1983,135,2118
2022-05-11 12:18:46.825801,7387,112,7499
2022-05-11 12:18:47.829363,7407,131,7538
2022-05-11 12:18:48.839920,4284,33,4317
2022-05-11 12:18:49.841142,4459,31,4490
2022-05-11 12:18:50.845463,56,127,183
2022-05-11 12:18:51.852278,6431,84,6515
2022-05-11 12:18:52.849512,533,140,673
2022-05-11 12:18:53.852844,247,52,299
2022-05-11 12:18:54.860626,183,81,264
2022-05-11 12:18:55.862756,2951,14,2965
2022-05-11 12:18:56.871685,8170,92,8262
2022-05-11 12:18:57.872711,4514,130,4644
2022-05-11 12:18:58.877728,838,18,856
2022-05-11 12:18:59.883420,3568,115,3683
2022-05-11 12:19:00.897820,4480,111,4591
2022-05-11 12:19:01.900874,752,24,776
2022-05-11 12:19:02.910347,4322,41,4363
2022-05-11 12:19:03.915229,5678,145,5823
2022-05-11 12:19:04.916694,8298,107,8405
2022-05-11 12:19:05.925448,431,84,515
2022-05-11 12:19:06.934341,3433,17,3450
2022-05-11 12:19:07.928109,6233,27,6260
2022-05-11 12:19:08.945810,885,116,1001
2022-05-11 12:19:09.950583,5008,149,5157
2022-05-11 12:19:10.952307,4351,124,4475
2022-05-11 12:19:11.956204,2755,13,2768
2022-05-11 12:19:12.961007,4337,17,4354
2022-05-11 12:19:13.968850,2458,21,2479
2022-05-11 12:19:14.972591,1599,102,1701
2022-05-11 12:19:15.983538,991,138,1129
2022-05-11 12:19:16.992104,8293,27,8320
2022-05-11 12:19:19.003388,1161,132,1293
2022-05-11 12:19:20.012657,1449,70,1519
2022-05-11 12:19:21.014184,8472,76,8548
2022-05-11 12:19:22.022408,3555,14,3569
2022-05-11 12:19:23.013934,8288,8,8296
2022-05-11 12:19:24.027730,1993,42,2035
2022-05-11 12:19:25.021400,4889,120,5009
2022-05-11 12:19:26.035236,5635,83,5718
2022-05-11 12:19:27.035146,6133,40,6173
2022-05-11 12:19:28.040584,8730,34,8764
2022-05-11 12:19:29.046365,8507,103,8610
2022-05-11 12:19:30.054895,3304,60,3364
2022-05-11 12:19:31.048205,7157,14,7171
2022-05-11 12:19:32.060215,5314,44,5358
2022-05-11 12:19:33.069548,1378,71,1449
2022-05-11 12:19:34.071285,2571,127,2698
2022-05-11 12:19:35.077949,2799,71,2870
2022-05-11 12:19:36.084517,5613,60,5673
2022-05-11 12:19:37.086691,7473,77,7550
2022-05-11 12:19:38.094382,3794,78,3872
2022-05-11 12:19:39.098418,8874,62,8936
2022-05-11 12:19:40.105275,3866,126,3992
2022-05-11 12:19:41.111016,3058,100,3158
2022-05-11 12:19:42.117744,3112,99,3211
2022-05-11 12:19:43.123649,7599,28,7627
2022-05-11 12:19:44.123032,3307,106,3413
2022-05-11 12:19:45.129462,2048,116,2164
2022-05-11 12:19:46.134000,3196,16,3212
2022-05-11 12:19:47.143989,8051,60,8111
2022-05-11 12:19:48.150332,5662,148,5810
2022-05-11 12:19:49.167826,7429,96,7525
2022-05-11 12:19:50.171431,8520,130,8650
2022-05-11 12:19:51.173368,4153,26,4179
2022-05-11 12:19:52.180784,290,71,361
2022-05-11 12:19:53.190325,7264,140,7404
2022-05-11 12:19:54.199913,184,2,186
2022-05-11 12:19:55.203918,8267,39,8306
2022-05-11 12:19:56.211046,8493,147,8640
2022-05-11 12:19:57.220549,7775,103,7878
2022-05-11 12:19:58.224841,161,147,308
2022-05-11 12:19:59.235714,7512,62,7574
2022-05-11 12:20:00.243950,8457,74,8531
2022-05-11 12:20:01.248058,5464,12,5476
2022-05-11 12:20:02.246955,4039,4,4043
2022-05-11 12:20:03.258641,5495,149,5644
2022-05-11 12:20:04.265990,1064,106,1170
2022-05-11 12:20:05.273649,1954,113,2067
2022-05-11 12:20:06.284834,3545,129,3674
2022-05-11 12:20:07.291743,7358,63,7421
2022-05-11 12:20:08.301035,2434,45,2479
2022-05-11 12:20:09.311810,6337,105,6442
2022-05-11 12:20:10.310405,8099,44,8143
2022-05-11 12:20:11.322840,7454,101,7555
2022-05-11 12:20:12.324565,7944,111,8055
2022-05-11 12:20:13.331989,8502,129,8631
2022-05-11 12:20:14.341184,1935,41,1976
2022-05-11 12:20:15.345944,1781,134,1915
2022-05-11 12:20:16.359492,8478,123,8601
2022-05-11 12:20:17.363942,7808,77,7885
2022-05-11 12:20:18.364703,8357,22,8379
2022-05-11 12:20:19.378306,6053,137,6190
2022-05-11 12:20:20.389231,5806,115,5921
2022-05-11 12:20:21.388346,1612,118,1730
2022-05-11 12:20:22.400418,3924,23,3947
2022-05-11 12:20:23.408835,1492,58,1550
2022-05-11 12:20:24.407191,3420,17,3437
2022-05-11 12:20:25.426280,1755,49,1804
2022-05-11 12:20:26.434348,2432,83,2515
2022-05-11 12:20:27.447288,5846,110,5956
2022-05-11 12:20:28.455484,314,80,394
2022-05-11 12:20:29.465931,3658,16,3674
2022-05-11 12:20:30.461012,6177,69,6246
2022-05-11 12:20:31.475353,8245,116,8361
2022-05-11 12:20:32.477043,5307,89,5396
2022-05-11 12:20:33.484937,1453,18,1471
2022-05-11 12:20:34.496287,2482,131,2613
2022-05-11 12:20:35.498185,2122,141,2263
2022-05-11 12:20:36.509713,5074,122,5196
2022-05-11 12:20:37.519012,3155,74,3229
2022-05-11 12:20:38.526524,2799,76,2875
2022-05-11 12:20:39.516931,5736,24,5760
2022-05-11 12:20:40.525002,3371,85,3456
2022-05-11 12:20:41.536582,8990,127,9117
2022-05-11 12:20:42.547798,4042,37,4079
2022-05-11 12:20:43.549759,4946,102,5048
2022-05-11 12:20:44.549891,6055,35,6090
2022-05-11 12:20:45.556010,8202,136,8338
2022-05-11 12:20:46.565072,7002,131,7133
2022-05-11 12:20:47.573776,3138,104,3242
2022-05-11 12:20:48.581665,2207,132,2339
2022-05-11 12:20:49.584439,1526,13,1539
2022-05-11 12:20:50.594335,7495,143,7638
2022-05-11 12:20:51.601717,7131,26,7157
2022-05-11 12:20:52.605982,7988,112,8100
2022-05-11 12:20:53.612831,5082,130,5212
2022-05-11 12:20:54.612872,3558,29,3587
2022-05-11 12:20:55.625571,4894,122,5016
2022-05-11 12:20:56.626869,673,149,822
2022-05-11 12:20:57.638998,4500,51,4551
2022-05-11 12:20:58.647515,2872,150,3022
2022-05-11 12:20:59.656327,6382,83,6465
2022-05-11 12:21:00.659459,1461,87,1548
2022-05-11 12:21:01.668274,156,16,172
2022-05-11 12:21:02.673911,1736,13,1749
2022-05-11 12:21:03.685486,7339,39,7378
2022-05-11 12:21:04.690295,3341,43,3384
2022-05-11 12:21:05.698578,8609,6,8615
2022-05-11 12:21:06.700532,271,9,280
2022-05-11 12:21:07.708494,8571,111,8682
2022-05-11 12:21:08.719982,4870,38,4908
2022-05-11 12:21:09.728403,6590,94,6684
2022-05-11 12:21:10.737363,8740,42,8782
2022-05-11 12:21:11.743303,7328,36,7364
2022-05-11 12:21:12.753678,3085,5,3090
2022-05-11 12:21:13.756351,3898,137,4035
2022-05-11 12:21:14.765010,451,38,489
2022-05-11 12:21:15.767190,1229,41,1270
2022-05-11 12:21:16.774896,640,46,686
2022-05-11 12:21:17.782815,2497,6,2503
2022-05-11 12:21:18.787742,4193,109,4302
2022-05-11 12:21:19.791249,6960,146,7106
2022-05-11 12:21:20.796197,4169,65,4234
2022-05-11 12:21:21.805154,4956,62,5018
2022-05-11 12:21:22.816873,8855,35,8890
2022-05-11 12:21:23.818083,8182,144,8326
2022-05-11 12:21:25.827531,6244,33,6277
2022-05-11 12:21:26.838222,7800,95,7895
2022-05-11 12:21:27.848893,5588,5,5593
2022-05-11 12:21:28.855315,8827,107,8934
2022-05-11 12:21:29.861929,8540,148,8688
2022-05-11 12:21:30.869123,1513,53,1566
2022-05-11 12:21:31.879366,735,25,760
2022-05-11 12:21:32.887072,3261,35,3296
2022-05-11 12:21:33.886893,6555,12,6567
2022-05-11 12:21:34.895525,7293,113,7406
2022-05-11 12:21:35.907097,8414,26,8440
2022-05-11 12:21:36.910089,4655,5,4660
2022-05-11 12:21:37.921257,2249,23,2272
2022-05-11 12:21:38.926548,5677,99,5776
2022-05-11 12:21:39.927108,6596,79,6675
2022-05-11 12:21:40.928315,2303,128,2431
2022-05-11 12:21:41.947635,4283,86,4369
2022-05-11 12:21:42.949610,8005,1,8006
2022-05-11 12:21:43.958845,7603,86,7689
2022-05-11 12:21:44.968383,8562,80,8642
2022-05-11 12:21:45.974038,4029,83,4112
2022-05-11 12:21:46.981983,4260,127,4387
2022-05-11 12:21:47.987328,5363,13,5376
2022-05-11 12:21:48.996355,1421,29,1450
2022-05-11 12:21:50.000288,1548,142,1690
2022-05-11 12:21:51.010238,7603,91,7694
2022-05-11 12:21:52.018044,6796,63,6859
2022-05-11 12:21:53.019178,4504,51,4555
2022-05-11 12:21:54.029880,8784,89,8873
2022-05-11 12:21:55.034326,3797,16,3813
2022-05-11 12:21:56.026699,6002,147,6149
2022-05-11 12:21:57.040745,5021,128,5149
2022-05-11 12:21:58.046668,3008,106,3114
2022-05-11 12:21:59.058282,6201,29,6230
2022-05-11 12:22:00.062118,7568,49,7617
2022-05-11 12:22:01.071555,6507,141,6648
2022-05-11 12:22:02.072055,8150,59,8209
2022-05-11 12:22:03.080529,1972,92,2064
2022-05-11 12:22:04.083758,3119,141,3260
2022-05-11 12:22:05.095464,633,15,648
2022-05-11 12:22:06.100354,4724,48,4772
2022-05-11 12:22:07.109099,5457,125,5582
2022-05-11 12:22:08.117889,318,47,365
2022-05-11 12:22:09.120664,1958,109,2067
2022-05-11 12:22:10.133144,6540,40,6580
2022-05-11 12:22:11.122116,8774,9,8783
2022-05-11 12:22:12.137364,5203,61,5264
2022-05-11 12:22:13.139840,6725,131,6856
2022-05-11 12:22:14.148123,6964,69,7033
2022-05-11 12:22:15.153363,6008,50,6058
2022-05-11 12:22:16.154326,6510,5,6515
2022-05-11 12:22:17.166233,4509,98,4607
2022-05-11 12:22:18.172414,6550,97,6647
2022-05-11 12:22:19.183734,4304,89,4393
2022-05-11 12:22:20.183431,3052,32,3084
2022-05-11 12:22:21.182280,6677,39,6716
2022-05-11 12:22:22.188050,8132,49,8181
2022-05-11 12:22:23.192238,1232,25,1257
2022-05-11 12:22:24.200873,1062,141,1203
2022-05-11 12:22:25.202475,3949,98,4047
2022-05-11 12:22:26.213300,3007,128,3135
2022-05-11 12:22:27.218598,7270,29,7299
2022-05-11 12:22:28.223573,2327,77,2404
2022-05-11 12:22:29.230298,634,69,703
2022-05-11 12:22:30.239515,2860,40,2900
2022-05-11 12:22:31.246489,3993,65,4058
2022-05-11 12:22:32.255631,533,99,632
2022-05-11 12:22:33.264148,4983,131,5114
2022-05-11 12:22:34.272257,3915,69,3984
2022-05-11 12:22:35.281158,7823,105,7928
2022-05-11 12:22:36.289437,1162,13,1175
2022-05-11 12:22:37.292876,8761,91,8852
2022-05-11 12:22:38.300850,1019,2,1021
2022-05-11 12:22:39.311080,7915,60,7975
2022-05-11 12:22:40.321184,3592,99,3691
2022-05-11 12:22:41.328954,8935,120,9055
2022-05-11 12:22:42.334882,7965,94,8059
2022-05-11 12:22:43.342739,7608,48,7656
2022-05-11 12:22:44.349884,1994,46,2040
2022-05-11 12:22:45.357268,2178,121,2299
2022-05-11 12:22:46.365261,6390,67,6457
2022-05-11 12:22:47.370229,2751,57,2808
2022-05-11 12:22:48.381497,4280,90,4370
2022-05-11 12:22:49.380203,2743,115,2858
2022-05-11 12:22:50.383119,4028,11,4039
2022-05-11 12:22:51.390488,797,128,925
2022-05-11 12:22:52.395779,5178,74,5252
2022-05-11 12:22:53.402027,2131,15,2146
2022-05-11 12:22:54.410770,7058,11,7069
2022-05-11 12:22:55.411190,3348,97,3445
2022-05-11 12:22:56.421679,3505,52,3557
2022-05-11 12:22:57.424426,7304,17,7321
2022-05-11 12:22:58.435662,5392,117,5509
2022-05-11 12:22:59.436367,4262,75,4337
2022-05-11 12:23:00.451790,2352,140,2492
2022-05-11 12:23:01.449959,3698,79,3777
2022-05-11 12:23:02.455904,2618,129,2747
2022-05-11 12:23:03.462303,6039,34,6073
2022-05-11 12:23:04.471831,151,33,184
2022-05-11 12:23:05.474430,4847,109,4956
2022-05-11 12:23:06.479090,718,97,815
2022-05-11 12:23:07.486367,3105,142,3247
2022-05-11 12:23:08.488919,2058,52,2110
2022-05-11 12:23:09.497399,2834,102,2936
2022-05-11 12:23:10.508992,1967,53,2020
2022-05-11 12:23:11.509803,1794,65,1859
2022-05-11 12:23:12.509775,2924,36,2960
2022-05-11 12:23:13.527793,3067,62,3129
2022-05-11 12:23:14.531407,4445,2,4447
2022-05-11 12:23:15.533428,2810,38,2848
2022-05-11 12:23:16.543699,316,73,389
2022-05-11 12:23:17.551650,3730,26,3756
2022-05-11 12:23:18.555496,4972,19,4991
2022-05-11 12:23:19.564129,5965,27,5992
2022-05-11 12:23:20.576266,975,99,1074
2022-05-11 12:23:21.583699,7556,117,7673
2022-05-11 12:23:22.592461,3648,82,3730
2022-05-11 12:23:23.596335,3653,53,3706
2022-05-11 12:23:24.604629,4798,127,4925
2022-05-11 12:23:25.613604,1556,49,1605
2022-05-11 12:23:26.620981,4275,140,4415
2022-05-11 12:23:27.614463,2781,104,2885
2022-05-11 12:23:28.629591,4806,33,4839
2022-05-11 12:23:29.642436,4475,21,4496
2022-05-11 12:23:30.648290,5205,86,5291
2022-05-11 12:23:31.656330,273,56,329
2022-05-11 12:23:32.665616,3805,147,3952
2022-05-11 12:23:33.676405,5409,134,5543
2022-05-11 12:23:34.682467,1845,74,1919
2022-05-11 12:23:35.690491,1305,9,1314
2022-05-11 12:23:36.698666,6760,119,6879
2022-05-11 12:23:37.706835,1792,99,1891
2022-05-11 12:23:38.715599,8606,63,8669
2022-05-11 12:23:39.722594,4435,81,4516
2022-05-11 12:23:40.729269,8897,93,8990
2022-05-11 12:23:41.737327,2928,44,2972
2022-05-11 12:23:42.730693,8987,4,8991
2022-05-11 12:23:43.744906,6581,38,6619
2022-05-11 12:23:44.746553,6081,69,6150
2022-05-11 12:23:45.756066,1119,7,1126
2022-05-11 12:23:46.763744,2974,127,3101
2022-05-11 12:23:47.765323,2524,93,2617
2022-05-11 12:23:48.766841,8525,37,8562
2022-05-11 12:23:49.772927,7898,45,7943
2022-05-11 12:23:50.783451,6948,6,6954
2022-05-11 12:23:51.783684,5524,147,5671
2022-05-11 12:23:52.788607,1855,130,1985
2022-05-11 12:23:53.806720,139,52,191
2022-05-11 12:23:54.811540,8119,141,8260
2022-05-11 12:23:55.824893,3440,113,3553
2022-05-11 12:23:56.835646,950,57,1007
2022-05-11 12:23:57.842428,2657,10,2667
2022-05-11 12:23:58.837991,1936,71,2007
2022-05-11 12:23:59.854440,4114,6,4120
2022-05-11 12:24:00.862456,5325,52,5377
2022-05-11 12:24:01.868524,1061,14,1075
2022-05-11 12:24:02.879272,839,28,867
2022-05-11 12:24:03.886514,5328,92,5420
2022-05-11 12:24:04.894470,465,4,469
2022-05-11 12:24:05.897620,162,55,217
2022-05-11 12:24:06.901695,7914,96,8010
2022-05-11 12:24:07.906986,576,126,702
2022-05-11 12:24:08.914891,6749,105,6854
2022-05-11 12:24:09.922734,1683,87,1770
2022-05-11 12:24:10.928089,6528,80,6608
2022-05-11 12:24:11.931502,4418,6,4424
2022-05-11 12:24:12.936867,8781,89,8870
2022-05-11 12:24:13.953317,6122,105,6227
2022-05-11 12:24:14.957727,4868,137,5005
2022-05-11 12:24:15.964040,4800,115,4915
2022-05-11 12:24:16.971931,6196,72,6268
2022-05-11 12:24:17.983329,8478,7,8485
2022-05-11 12:24:18.988980,2441,109,2550
2022-05-11 12:24:19.999030,5076,26,5102
2022-05-11 12:24:21.001843,1408,23,1431
2022-05-11 12:24:22.007251,1093,138,1231
2022-05-11 12:24:23.014895,8164,113,8277
2022-05-11 12:24:24.019405,524,12,536
2022-05-11 12:24:25.019665,3018,97,3115
2022-05-11 12:24:26.024194,4220,123,4343
2022-05-11 12:24:27.030966,7715,91,7806
2022-05-11 12:24:28.035349,3771,9,3780
2022-05-11 12:24:29.038531,4694,20,4714
2022-05-11 12:24:30.042356,7048,122,7170
2022-05-11 12:24:31.048652,8609,54,8663
2022-05-11 12:24:32.049934,130,27,157
2022-05-11 12:24:33.063455,7837,28,7865
2022-05-11 12:24:34.071829,3485,65,3550
2022-05-11 12:24:35.072351,5549,150,5699
2022-05-11 12:24:36.085389,5020,132,5152
2022-05-11 12:24:37.095648,5399,75,5474
2022-05-11 12:24:38.098345,2257,51,2308
2022-05-11 12:24:39.106616,2912,13,2925
2022-05-11 12:24:40.110619,2726,81,2807
2022-05-11 12:24:41.113911,4414,149,4563
2022-05-11 12:24:42.122841,2103,116,2219
2022-05-11 12:24:43.132891,4485,109,4594
2022-05-11 12:24:44.125762,5749,136,5885
2022-05-11 12:24:45.140147,5564,6,5570
2022-05-11 12:24:46.151622,8647,59,8706
2022-05-11 12:24:47.155219,676,10,686
2022-05-11 12:24:48.170134,8071,101,8172
2022-05-11 12:24:49.167772,7152,43,7195
2022-05-11 12:24:50.175188,7266,111,7377
2022-05-11 12:24:51.180475,3669,19,3688
2022-05-11 12:24:52.189749,8281,19,8300
2022-05-11 12:24:53.196282,7224,118,7342
2022-05-11 12:24:54.203118,8617,91,8708
2022-05-11 12:24:55.210651,2061,77,2138
2022-05-11 12:24:56.222322,5669,4,5673
2022-05-11 12:24:57.227347,2012,93,2105
2022-05-11 12:24:58.225399,6071,21,6092
2022-05-11 12:24:59.224303,3605,114,3719
2022-05-11 12:25:00.238420,8588,114,8702
2022-05-11 12:25:01.242437,3285,136,3421
2022-05-11 12:25:02.249669,327,25,352
2022-05-11 12:25:03.257623,8140,34,8174
2022-05-11 12:25:04.262231,5223,126,5349
2022-05-11 12:25:05.266963,6489,87,6576
2022-05-11 12:25:06.273775,3415,122,3537
2022-05-11 12:25:07.280085,4897,136,5033
2022-05-11 12:25:08.278808,4337,90,4427
2022-05-11 12:25:09.285479,5376,100,5476
2022-05-11 12:25:10.292150,2794,33,2827
2022-05-11 12:25:11.293366,7026,72,7098
2022-05-11 12:25:12.302691,7230,140,7370
2022-05-11 12:25:13.305749,766,129,895
2022-05-11 12:25:14.312069,122,101,223
2022-05-11 12:25:15.322102,5928,24,5952
2022-05-11 12:25:16.332597,4485,69,4554
2022-05-11 12:25:17.341535,3951,66,4017
2022-05-11 12:25:18.355451,120,13,133
2022-05-11 12:25:19.359470,2479,28,2507
2022-05-11 12:25:20.357334,8489,18,8507
2022-05-11 12:25:21.373683,7011,59,7070
2022-05-11 12:25:22.373769,5091,145,5236
2022-05-11 12:25:23.386818,5626,112,5738
2022-05-11 12:25:24.402445,928,117,1045
2022-05-11 12:25:25.400614,1638,11,1649
2022-05-11 12:25:26.409459,249,106,355
2022-05-11 12:25:27.408551,7604,36,7640
2022-05-11 12:25:28.415845,4042,30,4072
2022-05-11 12:25:29.427293,4221,94,4315
2022-05-11 12:25:30.431164,4230,24,4254
2022-05-11 12:25:31.443334,5987,79,6066
2022-05-11 12:25:32.447726,4804,15,4819
2022-05-11 12:25:33.451687,2396,21,2417
2022-05-11 12:25:34.459456,2068,2,2070
2022-05-11 12:25:35.468732,7979,147,8126
2022-05-11 12:25:36.476099,2366,130,2496
2022-05-11 12:25:37.478624,3758,72,3830
2022-05-11 12:25:38.490473,5829,22,5851
2022-05-11 12:25:39.496816,4872,136,5008
2022-05-11 12:25:40.500839,208,27,235
2022-05-11 12:25:41.509678,7997,138,8135
2022-05-11 12:25:42.516389,6405,150,6555
2022-05-11 12:25:43.524722,2269,45,2314
2022-05-11 12:25:44.534492,1064,150,1214
2022-05-11 12:25:45.541188,4348,43,4391
2022-05-11 12:25:46.551036,8693,72,8765
2022-05-11 12:25:47.556933,1813,86,1899
2022-05-11 12:25:48.566281,5312,122,5434
2022-05-11 12:25:49.572505,22,87,109
2022-05-11 12:25:50.582876,7832,37,7869
2022-05-11 12:25:51.590688,4841,53,4894
2022-05-11 12:25:52.595778,1193,101,1294
2022-05-11 12:25:53.598888,3885,9,3894
2022-05-11 12:25:54.610965,5744,39,5783
2022-05-11 12:25:55.619662,1781,60,1841
2022-05-11 12:25:56.627522,5843,119,5962
2022-05-11 12:25:57.634153,6391,84,6475
2022-05-11 12:25:58.644129,4530,54,4584
2022-05-11 12:25:59.650453,4333,13,4346
2022-05-11 12:26:00.647528,3589,94,3683
2022-05-11 12:26:01.655931,2806,46,2852
2022-05-11 12:26:02.662711,2561,68,2629
2022-05-11 12:26:03.674554,4476,54,4530
2022-05-11 12:26:04.687252,1650,31,1681
2022-05-11 12:26:05.696742,3859,95,3954
2022-05-11 12:26:06.702207,4721,145,4866
2022-05-11 12:26:07.719125,8378,101,8479
2022-05-11 12:26:08.720791,860,46,906
2022-05-11 12:26:09.724485,8616,37,8653
2022-05-11 12:26:10.734072,8213,60,8273
2022-05-11 12:26:11.737290,4917,72,4989
2022-05-11 12:26:12.741966,7285,33,7318
2022-05-11 12:26:13.757339,1306,136,1442
2022-05-11 12:26:14.761405,3535,69,3604
2022-05-11 12:26:15.753163,8663,134,8797
2022-05-11 12:26:16.766805,6258,109,6367
2022-05-11 12:26:17.775393,4389,76,4465
2022-05-11 12:26:18.785767,2937,139,3076
2022-05-11 12:26:19.792873,4980,97,5077
2022-05-11 12:26:20.797917,1377,14,1391
2022-05-11 12:26:21.793169,4623,90,4713
2022-05-11 12:26:22.808199,2560,103,2663
2022-05-11 12:26:23.812882,7659,83,7742
2022-05-11 12:26:24.815675,28,66,94
2022-05-11 12:26:25.823302,8209,103,8312
2022-05-11 12:26:26.827833,3958,94,4052
2022-05-11 12:26:27.828404,8435,82,8517
2022-05-11 12:26:28.845165,4999,17,5016
2022-05-11 12:26:29.844759,8036,117,8153
2022-05-11 12:26:30.852749,8006,146,8152
2022-05-11 12:26:31.871778,8423,136,8559
2022-05-11 12:26:32.871735,872,51,923
2022-05-11 12:26:33.875748,3849,117,3966
2022-05-11 12:26:34.880361,3193,100,3293
2022-05-11 12:26:35.883573,5988,136,6124
2022-05-11 12:26:36.887765,6425,141,6566
2022-05-11 12:26:37.897316,1705,103,1808
2022-05-11 12:26:38.894725,3268,140,3408
2022-05-11 12:26:39.909032,2226,141,2367
2022-05-11 12:26:40.913706,4775,39,4814
2022-05-11 12:26:41.921115,1045,98,1143
2022-05-11 12:26:42.921824,1075,80,1155
2022-05-11 12:26:43.924842,7537,121,7658
2022-05-11 12:26:44.934547,4536,96,4632
2022-05-11 12:26:45.941859,8365,122,8487
2022-05-11 12:26:46.948943,4938,20,4958
2022-05-11 12:26:47.958064,4223,142,4365
2022-05-11 12:26:48.966302,5288,19,5307
2022-05-11 12:26:49.968209,4994,106,5100
2022-05-11 12:26:50.982426,1568,13,1581
2022-05-11 12:26:51.991707,283,21,304
2022-05-11 12:26:52.991878,8329,14,8343
2022-05-11 12:26:53.994479,8715,24,8739
2022-05-11 12:26:55.007282,3821,32,3853
2022-05-11 12:26:56.012645,7042,68,7110
2022-05-11 12:26:57.012887,5474,23,5497
2022-05-11 12:26:58.019477,4280,94,4374
2022-05-11 12:26:59.023019,2022,143,2165
2022-05-11 12:27:00.031802,4240,48,4288
2022-05-11 12:27:01.038984,8167,5,8172
2022-05-11 12:27:02.036959,8016,18,8034
2022-05-11 12:27:03.053767,8379,110,8489
2022-05-11 12:27:04.058560,938,72,1010
2022-05-11 12:27:05.066634,3570,136,3706
2022-05-11 12:27:06.072727,650,101,751
2022-05-11 12:27:07.076455,5140,87,5227
2022-05-11 12:27:08.081772,1696,139,1835
2022-05-11 12:27:09.091483,6911,31,6942
2022-05-11 12:27:10.095910,7487,133,7620
2022-05-11 12:27:11.097419,5023,97,5120
2022-05-11 12:27:12.101303,1221,90,1311
2022-05-11 12:27:13.109809,7695,81,7776
2022-05-11 12:27:14.113329,3138,111,3249
2022-05-11 12:27:15.119442,6673,97,6770
2022-05-11 12:27:16.126733,3254,41,3295
2022-05-11 12:27:17.120060,8203,97,8300
2022-05-11 12:27:18.131433,5826,102,5928
2022-05-11 12:27:19.142568,6625,65,6690
2022-05-11 12:27:20.141769,1914,128,2042
2022-05-11 12:27:21.150443,4371,91,4462
2022-05-11 12:27:22.174458,165,29,194
2022-05-11 12:27:23.169778,6741,137,6878
2022-05-11 12:27:24.174496,6615,101,6716
2022-05-11 12:27:25.189168,1823,53,1876
2022-05-11 12:27:26.190382,1156,91,1247
2022-05-11 12:27:27.185794,1068,150,1218
2022-05-11 12:27:28.199884,3731,133,3864
2022-05-11 12:27:29.210091,8641,11,8652
2022-05-11 12:27:30.215033,2677,6,2683
2022-05-11 12:27:32.224419,2854,7,2861
2022-05-11 12:27:33.232924,5801,38,5839
2022-05-11 12:27:34.240032,2438,127,2565
2022-05-11 12:27:35.245782,4248,129,4377
2022-05-11 12:27:36.252884,1609,2,1611
2022-05-11 12:27:37.259402,7085,2,7087
2022-05-11 12:27:38.260521,6225,71,6296
2022-05-11 12:27:39.264539,3659,10,3669
2022-05-11 12:27:40.270915,1634,92,1726
2022-05-11 12:27:41.280283,3504,77,3581
2022-05-11 12:27:42.286805,5714,31,5745
2022-05-11 12:27:43.290903,4758,84,4842
2022-05-11 12:27:44.299373,1416,86,1502
2022-05-11 12:27:45.301266,4827,121,4948
2022-05-11 12:27:46.304255,8006,124,8130
2022-05-11 12:27:47.312086,3654,83,3737
2022-05-11 12:27:48.317273,4554,104,4658
2022-05-11 12:27:49.319262,5721,47,5768
2022-05-11 12:27:50.328757,5637,41,5678
2022-05-11 12:27:51.337950,8996,66,9062
2022-05-11 12:27:52.340377,1631,94,1725
2022-05-11 12:27:53.347663,4853,3,4856
2022-05-11 12:27:54.349649,2851,17,2868
2022-05-11 12:27:55.355363,6997,22,7019
2022-05-11 12:27:56.360193,4532,136,4668
2022-05-11 12:27:57.372204,3470,119,3589
2022-05-11 12:27:58.376805,4650,56,4706
2022-05-11 12:27:59.388356,3408,60,3468
2022-05-11 12:28:00.391294,3321,15,3336
2022-05-11 12:28:01.399155,7512,39,7551
2022-05-11 12:28:02.405806,1315,131,1446
2022-05-11 12:28:03.406749,3162,123,3285
2022-05-11 12:28:04.418132,5215,1,5216
2022-05-11 12:28:05.422677,181,21,202
2022-05-11 12:28:06.427726,8196,56,8252
2022-05-11 12:28:07.435708,4759,51,4810
2022-05-11 12:28:08.445947,273,50,323
2022-05-11 12:28:09.450690,4066,67,4133
2022-05-11 12:28:10.458078,2980,46,3026
2022-05-11 12:28:11.460321,1189,38,1227
2022-05-11 12:28:12.472278,8997,47,9044
2022-05-11 12:28:13.476565,626,92,718
2022-05-11 12:28:14.482079,2187,102,2289
2022-05-11 12:28:15.482461,7372,90,7462
2022-05-11 12:28:16.490798,7891,98,7989
2022-05-11 12:28:17.503407,5711,114,5825
2022-05-11 12:28:18.502614,7293,10,7303
2022-05-11 12:28:19.513081,1811,18,1829
2022-05-11 12:28:20.517093,7550,89,7639
2022-05-11 12:28:22.537239,948,16,964
2022-05-11 12:28:23.540681,7440,75,7515
2022-05-11 12:28:24.549439,1859,113,1972
2022-05-11 12:28:25.555341,8976,129,9105
2022-05-11 12:28:26.560954,8250,53,8303
2022-05-11 12:28:27.565025,2560,140,2700
2022-05-11 12:28:28.578197,2980,145,3125
2022-05-11 12:28:29.592454,3518,15,3533
2022-05-11 12:28:30.589878,5960,72,6032
2022-05-11 12:28:31.601151,6159,114,6273
2022-05-11 12:28:32.603274,8927,128,9055
2022-05-11 12:28:33.599611,4905,66,4971
2022-05-11 12:28:34.610055,8993,4,8997
2022-05-11 12:28:35.616506,6771,107,6878
2022-05-11 12:28:36.611893,5252,13,5265
2022-05-11 12:28:37.629357,7555,21,7576
2022-05-11 12:28:38.632467,2604,147,2751
2022-05-11 12:28:39.635423,6272,145,6417
2022-05-11 12:28:40.639363,2901,133,3034
2022-05-11 12:28:41.647164,8484,129,8613
2022-05-11 12:28:42.656729,2708,144,2852
2022-05-11 12:28:43.669838,4327,115,4442
2022-05-11 12:28:44.671730,8893,13,8906
2022-05-11 12:28:45.679512,2526,96,2622
2022-05-11 12:28:46.685983,2577,84,2661
2022-05-11 12:28:47.691235,4882,30,4912
2022-05-11 12:28:48.689351,2079,104,2183
2022-05-11 12:28:49.705940,8841,81,8922
2022-05-11 12:28:50.719226,7561,25,7586
2022-05-11 12:28:51.718565,7600,62,7662
2022-05-11 12:28:52.731249,2821,73,2894
2022-05-11 12:28:53.737624,2064,27,2091
2022-05-11 12:28:54.744596,2673,107,2780
2022-05-11 12:28:55.745325,8431,146,8577
2022-05-11 12:28:56.754628,4652,18,4670
2022-05-11 12:28:57.760673,6801,4,6805
2022-05-11 12:28:58.765038,7325,80,7405
2022-05-11 12:28:59.773223,1370,105,1475
2022-05-11 12:29:00.777078,1821,149,1970
2022-05-11 12:29:01.787105,558,4,562
2022-05-11 12:29:02.790230,114,44,158
2022-05-11 12:29:03.800513,7551,149,7700
2022-05-11 12:29:04.803213,4496,147,4643
2022-05-11 12:29:05.811207,8691,39,8730
2022-05-11 12:29:06.811573,3365,60,3425
2022-05-11 12:29:07.826845,909,61,970
2022-05-11 12:29:08.831726,1260,25,1285
2022-05-11 12:29:09.837232,4477,55,4532
2022-05-11 12:29:10.848924,4537,84,4621
2022-05-11 12:29:11.853563,768,65,833
2022-05-11 12:29:12.858460,4765,140,4905
2022-05-11 12:29:13.868540,3313,145,3458
2022-05-11 12:29:14.870528,8187,75,8262
2022-05-11 12:29:15.874606,4544,29,4573
2022-05-11 12:29:16.879412,2819,113,2932
2022-05-11 12:29:17.888490,6657,78,6735
2022-05-11 12:29:18.896401,1502,93,1595
2022-05-11 12:29:19.902925,4828,122,4950
2022-05-11 12:29:20.904652,1264,147,1411
2022-05-11 12:29:21.914710,7412,118,7530
2022-05-11 12:29:22.920398,6270,19,6289
2022-05-11 12:29:23.924850,8265,84,8349
2022-05-11 12:29:24.927295,1734,95,1829
2022-05-11 12:29:25.931037,6375,62,6437
2022-05-11 12:29:26.940286,6278,104,6382
2022-05-11 12:29:27.948969,6646,52,6698
2022-05-11 12:29:28.958592,6830,108,6938
2022-05-11 12:29:29.967049,5785,98,5883
2022-05-11 12:29:30.973133,6683,119,6802
2022-05-11 12:29:31.977338,7700,131,7831
2022-05-11 12:29:32.981639,5641,56,5697
2022-05-11 12:29:33.991170,6449,74,6523
2022-05-11 12:29:34.991792,5445,93,5538
2022-05-11 12:29:35.997925,4108,64,4172
2022-05-11 12:29:37.003343,7723,133,7856
2022-05-11 12:29:38.007183,7776,57,7833
2022-05-11 12:29:39.013929,5969,52,6021
2022-05-11 12:29:40.018413,4421,125,4546
2022-05-11 12:29:41.024018,7870,133,8003
2022-05-11 12:29:42.031633,2762,11,2773
2022-05-11 12:29:43.043624,1982,14,1996
2022-05-11 12:29:44.046210,4550,14,4564
2022-05-11 12:29:45.051786,7757,30,7787
2022-05-11 12:29:46.055453,8735,122,8857
2022-05-11 12:29:47.067017,5269,110,5379
2022-05-11 12:29:49.083160,1570,53,1623
2022-05-11 12:29:50.081916,7485,113,7598
2022-05-11 12:29:51.099334,5243,13,5256
2022-05-11 12:29:52.107017,3757,92,3849
2022-05-11 12:29:53.110075,506,97,603
2022-05-11 12:29:54.115503,3179,38,3217
2022-05-11 12:29:55.123698,6386,13,6399
2022-05-11 12:29:56.132260,1545,77,1622
2022-05-11 12:29:57.130364,6249,125,6374
2022-05-11 12:29:58.136002,2252,38,2290
2022-05-11 12:29:59.148034,8435,25,8460
2022-05-11 12:30:00.151115,6608,90,6698
2022-05-11 12:30:01.156564,4276,72,4348
2022-05-11 12:30:02.155411,7219,116,7335
2022-05-11 12:30:03.167458,6429,142,6571
2022-05-11 12:30:04.171520,3738,141,3879
2022-05-11 12:30:05.166757,3831,131,3962
2022-05-11 12:30:06.177255,3689,80,3769
2022-05-11 12:30:07.186165,7788,56,7844
2022-05-11 12:30:08.191037,5913,125,6038
2022-05-11 12:30:09.196042,411,107,518
2022-05-11 12:30:10.203311,5480,142,5622
2022-05-11 12:30:11.206713,626,46,672
2022-05-11 12:30:12.213719,7533,148,7681
2022-05-11 12:30:13.222229,2240,50,2290
2022-05-11 12:30:14.225591,1538,40,1578
2022-05-11 12:30:15.238349,2992,77,3069
2022-05-11 12:30:16.245063,4511,11,4522
2022-05-11 12:30:17.246993,6998,54,7052
2022-05-11 12:30:18.251531,3982,107,4089
2022-05-11 12:30:19.260037,2611,63,2674
2022-05-11 12:30:20.272769,5887,27,5914
2022-05-11 12:30:21.278416,4730,133,4863
2022-05-11 12:30:22.281866,3971,66,4037
2022-05-11 12:30:23.287251,7281,116,7397
2022-05-11 12:30:24.300493,6821,142,6963
2022-05-11 12:30:25.301955,4618,12,4630
2022-05-11 12:30:26.307325,2867,80,2947
2022-05-11 12:30:27.314579,8537,139,8676
2022-05-11 12:30:28.320331,5802,142,5944
2022-05-11 12:30:29.326787,3299,2,3301
2022-05-11 12:30:30.334964,3486,53,3539
2022-05-11 12:30:31.338381,7913,73,7986
2022-05-11 12:30:32.345169,6028,91,6119
2022-05-11 12:30:33.350127,2171,3,2174
2022-05-11 12:30:34.355481,2726,65,2791
2022-05-11 12:30:35.358308,5641,103,5744
2022-05-11 12:30:36.370042,6030,19,6049
2022-05-11 12:30:37.376533,7427,43,7470
2022-05-11 12:30:38.382778,5014,110,5124
2022-05-11 12:30:39.388738,3166,81,3247
2022-05-11 12:30:40.391492,5164,106,5270
2022-05-11 12:30:41.397078,2460,100,2560
2022-05-11 12:30:42.406966,8149,41,8190
2022-05-11 12:30:43.411855,8553,59,8612
2022-05-11 12:30:44.419521,8988,150,9138
2022-05-11 12:30:45.422084,4534,26,4560
2022-05-11 12:30:46.428935,1111,138,1249
2022-05-11 12:30:47.439912,6767,73,6840
2022-05-11 12:30:48.443588,344,118,462
2022-05-11 12:30:49.452555,7793,4,7797
2022-05-11 12:30:50.456342,3176,6,3182
2022-05-11 12:30:51.460941,8845,149,8994
2022-05-11 12:30:52.466166,7960,96,8056
2022-05-11 12:30:53.471925,5304,16,5320
2022-05-11 12:30:54.484271,1440,138,1578
2022-05-11 12:30:55.480350,8471,43,8514
2022-05-11 12:30:56.490097,2458,144,2602
2022-05-11 12:30:57.494457,3768,34,3802
2022-05-11 12:30:58.501066,3867,124,3991
2022-05-11 12:30:59.504587,1564,46,1610
2022-05-11 12:31:00.515306,7823,101,7924
2022-05-11 12:31:01.523934,909,4,913
2022-05-11 12:31:02.531419,5987,12,5999
2022-05-11 12:31:03.538342,4809,105,4914
2022-05-11 12:31:04.540185,2020,47,2067
2022-05-11 12:31:05.546283,2675,46,2721
2022-05-11 12:31:06.545588,305,142,447
2022-05-11 12:31:08.563160,3949,110,4059
2022-05-11 12:31:09.566272,3059,52,3111
2022-05-11 12:31:10.574622,5005,29,5034
2022-05-11 12:31:11.583710,1832,59,1891
2022-05-11 12:31:12.584981,2810,1,2811
2022-05-11 12:31:13.589952,840,88,928
2022-05-11 12:31:14.598571,1658,89,1747
2022-05-11 12:31:15.605416,6640,38,6678
2022-05-11 12:31:16.611598,731,139,870
2022-05-11 12:31:17.615748,165,78,243
2022-05-11 12:31:18.620055,2932,122,3054
2022-05-11 12:31:19.623301,4726,94,4820
2022-05-11 12:31:20.631762,1817,94,1911
2022-05-11 12:31:21.624831,7433,146,7579
2022-05-11 12:31:22.634379,3549,136,3685
2022-05-11 12:31:23.647098,1511,94,1605
2022-05-11 12:31:24.651982,8258,13,8271
2022-05-11 12:31:25.653065,7862,128,7990
2022-05-11 12:31:26.669457,3608,76,3684
2022-05-11 12:31:27.668524,626,60,686
2022-05-11 12:31:28.672426,7014,46,7060
2022-05-11 12:31:29.678243,4217,64,4281
2022-05-11 12:31:30.685643,3983,11,3994
2022-05-11 12:31:31.691536,1617,10,1627
2022-05-11 12:31:32.699987,8960,24,8984
2022-05-11 12:31:33.707328,1886,65,1951
2022-05-11 12:31:34.707729,1620,6,1626
2022-05-11 12:31:35.718046,6213,46,6259
2022-05-11 12:31:36.715836,5133,97,5230
2022-05-11 12:31:37.728253,2888,18,2906
2022-05-11 12:31:38.733557,4065,51,4116
2022-05-11 12:31:39.742055,7312,43,7355
2022-05-11 12:31:40.747702,424,43,467
2022-05-11 12:31:41.756229,2407,36,2443
2022-05-11 12:31:42.758048,821,80,901
2022-05-11 12:31:43.770438,7950,12,7962
2022-05-11 12:31:44.766002,4432,46,4478
2022-05-11 12:31:45.775587,5454,55,5509
2022-05-11 12:31:46.779241,8658,60,8718
2022-05-11 12:31:47.788045,29,136,165
2022-05-11 12:31:48.796379,8146,10,8156
2022-05-11 12:31:49.795229,3283,150,3433
2022-05-11 12:31:50.799901,223,14,237
2022-05-11 12:31:51.809126,8771,48,8819
2022-05-11 12:31:52.814905,2456,79,2535
2022-05-11 12:31:53.820830,5938,149,6087
2022-05-11 12:31:54.825745,604,49,653
2022-05-11 12:31:55.836817,2476,88,2564
2022-05-11 12:31:56.837778,1336,22,1358
2022-05-11 12:31:57.843731,3795,111,3906
2022-05-11 12:31:58.848330,6131,113,6244
2022-05-11 12:31:59.852171,1443,25,1468
2022-05-11 12:32:00.859811,5236,68,5304
2022-05-11 12:32:01.870410,4532,142,4674
2022-05-11 12:32:02.871915,6212,19,6231
2022-05-11 12:32:03.878330,4193,112,4305
2022-05-11 12:32:04.877896,4518,42,4560
2022-05-11 12:32:05.883039,753,102,855
2022-05-11 12:32:06.893799,3140,89,3229
2022-05-11 12:32:07.895003,2621,3,2624
2022-05-11 12:32:08.902678,215,110,325
2022-05-11 12:32:09.906039,2973,103,3076
2022-05-11 12:32:10.908612,5642,84,5726
2022-05-11 12:32:11.915296,3945,101,4046
2022-05-11 12:32:12.917485,8955,78,9033
2022-05-11 12:32:13.925253,7626,15,7641
2022-05-11 12:32:14.931137,4435,147,4582
2022-05-11 12:32:15.938648,3363,73,3436
2022-05-11 12:32:16.945467,7091,34,7125
2022-05-11 12:32:17.950610,6513,120,6633
2022-05-11 12:32:18.949542,5970,41,6011
2022-05-11 12:32:19.966750,3313,51,3364
2022-05-11 12:32:20.972513,8724,44,8768
2022-05-11 12:32:21.981665,181,133,314
2022-05-11 12:32:22.975062,6595,125,6720
2022-05-11 12:32:23.985132,8830,77,8907
2022-05-11 12:32:24.988010,2869,24,2893
2022-05-11 12:32:25.995942,4542,43,4585
2022-05-11 12:32:26.999008,1119,9,1128
2022-05-11 12:32:28.006691,6861,4,6865
2022-05-11 12:32:29.010921,2595,12,2607
2022-05-11 12:32:30.024436,8331,133,8464
2022-05-11 12:32:31.031066,7177,10,7187
2022-05-11 12:32:32.040235,3975,14,3989
2022-05-11 12:32:33.053384,3649,30,3679
2022-05-11 12:32:34.062780,3836,86,3922
2022-05-11 12:32:35.069575,8819,25,8844
2022-05-11 12:32:36.078363,8241,132,8373
2022-05-11 12:32:37.083031,7271,132,7403
2022-05-11 12:32:38.081159,7785,126,7911
2022-05-11 12:32:39.091468,314,8,322
2022-05-11 12:32:40.105402,2015,4,2019
2022-05-11 12:32:41.112046,1621,46,1667
2022-05-11 12:32:42.119466,4949,23,4972
2022-05-11 12:32:43.123406,8183,97,8280
2022-05-11 12:32:44.126134,5476,143,5619
2022-05-11 12:32:45.141937,4329,150,4479
2022-05-11 12:32:46.150681,322,46,368
2022-05-11 12:32:47.155787,2217,97,2314
2022-05-11 12:32:48.157845,4479,87,4566
2022-05-11 12:32:49.165908,7314,4,7318
2022-05-11 12:32:50.171256,3632,139,3771
2022-05-11 12:32:51.181801,197,132,329
2022-05-11 12:32:52.191196,8385,51,8436
2022-05-11 12:32:53.196331,3819,77,3896
2022-05-11 12:32:54.195019,2096,79,2175
2022-05-11 12:32:55.207460,5529,143,5672
2022-05-11 12:32:56.212693,4693,103,4796
2022-05-11 12:32:57.218269,7884,141,8025
2022-05-11 12:32:58.223878,6561,104,6665
2022-05-11 12:32:59.234236,7713,78,7791
2022-05-11 12:33:00.240470,6112,32,6144
2022-05-11 12:33:01.249091,6937,145,7082
2022-05-11 12:33:02.256156,3976,132,4108
2022-05-11 12:33:03.266095,8699,135,8834
2022-05-11 12:33:04.271109,4242,72,4314
2022-05-11 12:33:05.283043,3709,47,3756
2022-05-11 12:33:06.290384,6197,20,6217
2022-05-11 12:33:07.307960,4543,9,4552
2022-05-11 12:33:08.310338,6724,34,6758
2022-05-11 12:33:09.319159,1733,72,1805
2022-05-11 12:33:10.323346,1693,76,1769
2022-05-11 12:33:11.332111,7482,14,7496
2022-05-11 12:33:12.334033,3334,130,3464
2022-05-11 12:33:13.342654,4729,92,4821
2022-05-11 12:33:14.346070,8358,135,8493
2022-05-11 12:33:15.353816,2914,133,3047
2022-05-11 12:33:16.367423,607,23,630
2022-05-11 12:33:17.373563,3058,22,3080
2022-05-11 12:33:18.372538,6761,143,6904
2022-05-11 12:33:19.382551,956,85,1041
2022-05-11 12:33:20.385899,1561,59,1620
2022-05-11 12:33:21.395257,7571,24,7595
2022-05-11 12:33:22.409855,5580,33,5613
2022-05-11 12:33:23.420611,7803,149,7952
2022-05-11 12:33:24.415818,8369,138,8507
2022-05-11 12:33:25.427229,5264,56,5320
2022-05-11 12:33:26.441488,4636,1,4637
2022-05-11 12:33:27.450796,1262,52,1314
2022-05-11 12:33:28.455554,4530,150,4680
2022-05-11 12:33:29.458799,324,47,371
2022-05-11 12:33:30.473119,5651,79,5730
2022-05-11 12:33:31.484857,2605,15,2620
2022-05-11 12:33:32.495037,5272,99,5371
2022-05-11 12:33:33.495867,6969,124,7093
2022-05-11 12:33:34.503049,2471,23,2494
2022-05-11 12:33:35.512569,1327,53,1380
2022-05-11 12:33:36.516704,4748,77,4825
2022-05-11 12:33:37.522363,8786,71,8857
2022-05-11 12:33:38.532132,6015,117,6132
2022-05-11 12:33:39.544554,5637,64,5701
2022-05-11 12:33:40.550677,2084,100,2184
2022-05-11 12:33:41.563671,6108,51,6159
2022-05-11 12:33:42.584245,4022,10,4032
2022-05-11 12:33:43.587255,2453,133,2586
2022-05-11 12:33:44.589929,2799,17,2816
2022-05-11 12:33:45.600074,8327,60,8387
2022-05-11 12:33:46.600566,5207,37,5244
2022-05-11 12:33:47.618272,3954,79,4033
2022-05-11 12:33:48.623092,8367,32,8399
2022-05-11 12:33:49.633204,1953,58,2011
2022-05-11 12:33:50.635798,8112,115,8227
2022-05-11 12:33:51.652380,3079,108,3187
2022-05-11 12:33:52.665096,7644,45,7689
2022-05-11 12:33:53.672249,2522,8,2530
2022-05-11 12:33:54.670464,7458,41,7499
2022-05-11 12:33:55.687808,5128,84,5212
2022-05-11 12:33:56.698083,8577,40,8617
2022-05-11 12:33:57.705246,5750,145,5895
2022-05-11 12:33:58.706722,3549,109,3658
2022-05-11 12:33:59.718578,2595,38,2633
2022-05-11 12:34:00.717943,7159,27,7186
2022-05-11 12:34:01.728433,5548,93,5641
2022-05-11 12:34:02.738201,4607,28,4635
2022-05-11 12:34:03.740165,514,112,626
2022-05-11 12:34:04.754704,822,117,939
2022-05-11 12:34:05.765558,8318,119,8437
2022-05-11 12:34:06.773145,8635,56,8691
2022-05-11 12:34:07.783280,4121,66,4187
2022-05-11 12:34:08.789047,6914,45,6959
2022-05-11 12:34:09.782475,2169,39,2208
2022-05-11 12:34:10.797867,8980,102,9082
2022-05-11 12:34:11.798956,3572,89,3661
2022-05-11 12:34:12.802935,3299,77,3376
2022-05-11 12:34:13.813232,5336,74,5410
2022-05-11 12:34:14.815175,2861,88,2949
2022-05-11 12:34:15.819637,470,27,497
2022-05-11 12:34:16.822139,3000,79,3079
2022-05-11 12:34:17.837210,1060,126,1186
2022-05-11 12:34:18.838846,6351,121,6472
2022-05-11 12:34:19.851441,6156,131,6287
2022-05-11 12:34:20.860825,45,79,124
2022-05-11 12:34:21.869364,5690,1,5691
2022-05-11 12:34:22.877391,1484,122,1606
2022-05-11 12:34:23.883244,4711,19,4730
2022-05-11 12:34:24.889203,3100,12,3112
2022-05-11 12:34:25.894852,4469,121,4590
2022-05-11 12:34:26.900118,2180,13,2193
2022-05-11 12:34:27.907505,662,141,803
2022-05-11 12:34:28.912151,8837,57,8894
2022-05-11 12:34:29.924528,3978,128,4106
2022-05-11 12:34:30.931952,5315,21,5336
2022-05-11 12:34:31.947633,1448,89,1537
2022-05-11 12:34:32.958137,7222,52,7274
2022-05-11 12:34:33.962188,8335,122,8457
2022-05-11 12:34:34.969416,6620,71,6691
2022-05-11 12:34:35.970631,5295,108,5403
2022-05-11 12:34:36.990041,7460,82,7542
2022-05-11 12:34:37.995980,3532,2,3534
2022-05-11 12:34:39.005907,3043,44,3087
2022-05-11 12:34:40.011028,6840,64,6904
2022-05-11 12:34:41.015249,6165,1,6166
2022-05-11 12:34:42.024656,2180,50,2230
2022-05-11 12:34:43.033354,1354,74,1428
2022-05-11 12:34:44.040837,2569,93,2662
2022-05-11 12:34:45.046387,5097,71,5168
2022-05-11 12:34:46.051798,8881,45,8926
2022-05-11 12:34:47.062961,1862,131,1993
2022-05-11 12:34:48.070333,4524,141,4665
2022-05-11 12:34:49.072749,4646,110,4756
2022-05-11 12:34:50.080180,1084,130,1214
2022-05-11 12:34:51.086978,4924,8,4932
2022-05-11 12:34:52.100886,1395,106,1501
2022-05-11 12:34:53.101759,3378,48,3426
2022-05-11 12:34:54.111585,1092,74,1166
2022-05-11 12:34:55.113021,217,132,349
2022-05-11 12:34:56.119335,1714,53,1767
2022-05-11 12:34:57.126825,8385,77,8462
2022-05-11 12:34:58.132403,2177,6,2183
2022-05-11 12:34:59.142308,7797,19,7816
2022-05-11 12:35:00.144808,8306,99,8405
2022-05-11 12:35:01.155547,1350,120,1470
2022-05-11 12:35:02.161825,2723,112,2835
2022-05-11 12:35:03.172861,8488,81,8569
2022-05-11 12:35:04.184607,1049,23,1072
2022-05-11 12:35:05.196791,4230,120,4350
2022-05-11 12:35:06.201985,4416,114,4530
2022-05-11 12:35:07.214851,4626,69,4695
2022-05-11 12:35:08.220263,3291,10,3301
2022-05-11 12:35:09.233377,6924,11,6935
2022-05-11 12:35:10.236072,897,119,1016
2022-05-11 12:35:11.235084,6342,22,6364
2022-05-11 12:35:12.249426,3179,5,3184
2022-05-11 12:35:13.253050,6252,83,6335
2022-05-11 12:35:14.259731,5954,133,6087
2022-05-11 12:35:15.269043,2756,129,2885
2022-05-11 12:35:16.276058,7501,138,7639
2022-05-11 12:35:17.281501,352,73,425
2022-05-11 12:35:18.287775,2702,127,2829
2022-05-11 12:35:19.292216,1564,62,1626
2022-05-11 12:35:20.299123,8256,127,8383
2022-05-11 12:35:21.312348,5549,149,5698
2022-05-11 12:35:22.329462,4497,148,4645
2022-05-11 12:35:23.318834,3313,10,3323
2022-05-11 12:35:24.330514,8859,21,8880
2022-05-11 12:35:25.334351,7203,88,7291
2022-05-11 12:35:26.334901,4219,107,4326
2022-05-11 12:35:27.353774,5629,63,5692
2022-05-11 12:35:28.371363,7796,74,7870
2022-05-11 12:35:29.370466,801,107,908
2022-05-11 12:35:30.374570,2888,51,2939
2022-05-11 12:35:31.377145,5058,24,5082
2022-05-11 12:35:32.382193,8656,30,8686
2022-05-11 12:35:33.385460,1979,81,2060
2022-05-11 12:35:34.400828,8111,61,8172
2022-05-11 12:35:35.412421,1818,79,1897
2022-05-11 12:35:36.416811,3506,23,3529
2022-05-11 12:35:37.419042,4091,129,4220
2022-05-11 12:35:38.429855,3277,99,3376
2022-05-11 12:35:39.442953,2871,69,2940
2022-05-11 12:35:40.452635,4919,64,4983
2022-05-11 12:35:41.442712,2443,42,2485
2022-05-11 12:35:42.464652,8561,60,8621
2022-05-11 12:35:43.468793,4776,131,4907
2022-05-11 12:35:44.470682,1331,132,1463
2022-05-11 12:35:45.478899,607,98,705
2022-05-11 12:35:46.496430,2881,111,2992
2022-05-11 12:35:47.496636,5225,69,5294
2022-05-11 12:35:48.502053,7314,70,7384
2022-05-11 12:35:49.503041,6307,20,6327
2022-05-11 12:35:50.506982,5113,113,5226
2022-05-11 12:35:51.510908,143,103,246
2022-05-11 12:35:52.519297,7857,129,7986
2022-05-11 12:35:53.523104,1765,123,1888
2022-05-11 12:35:54.534537,3742,128,3870
2022-05-11 12:35:55.542338,727,125,852
2022-05-11 12:35:56.542775,899,56,955
2022-05-11 12:35:57.560949,2830,138,2968
2022-05-11 12:35:58.577449,4731,126,4857
2022-05-11 12:35:59.583802,6097,33,6130
2022-05-11 12:36:00.589347,1728,23,1751
2022-05-11 12:36:01.604204,1017,43,1060
2022-05-11 12:36:02.608563,6587,105,6692
2022-05-11 12:36:03.621055,309,98,407
2022-05-11 12:36:04.635134,304,140,444
2022-05-11 12:36:05.645875,7955,17,7972
2022-05-11 12:36:06.656221,188,97,285
2022-05-11 12:36:07.659744,1113,32,1145
2022-05-11 12:36:08.666166,5296,72,5368
2022-05-11 12:36:09.672823,2211,53,2264
2022-05-11 12:36:10.678326,374,49,423
2022-05-11 12:36:12.697933,6729,44,6773
2022-05-11 12:36:13.698884,8496,146,8642
2022-05-11 12:36:14.705865,894,139,1033
2022-05-11 12:36:15.714845,6333,86,6419
2022-05-11 12:36:16.720973,6745,19,6764
2022-05-11 12:36:17.729355,7209,128,7337
2022-05-11 12:36:18.734408,7491,95,7586
2022-05-11 12:36:19.745732,4586,11,4597
2022-05-11 12:36:20.755785,4881,77,4958
2022-05-11 12:36:21.761183,5086,54,5140
2022-05-11 12:36:22.771866,8842,67,8909
2022-05-11 12:36:23.773842,6118,91,6209
2022-05-11 12:36:24.781397,4095,67,4162
2022-05-11 12:36:25.788063,7861,12,7873
2022-05-11 12:36:26.790915,2422,17,2439
2022-05-11 12:36:27.798731,8110,56,8166
2022-05-11 12:36:28.811163,2753,132,2885
2022-05-11 12:36:29.823386,2259,108,2367
2022-05-11 12:36:30.832952,4948,121,5069
2022-05-11 12:36:31.839494,4229,7,4236
2022-05-11 12:36:32.849351,3798,125,3923
2022-05-11 12:36:33.858453,2613,112,2725
2022-05-11 12:36:34.873153,698,56,754
2022-05-11 12:36:36.882177,7914,97,8011
2022-05-11 12:36:37.900224,2014,52,2066
2022-05-11 12:36:38.904731,7098,76,7174
2022-05-11 12:36:39.915910,8107,127,8234
2022-05-11 12:36:40.915968,3967,127,4094
2022-05-11 12:36:41.926430,1089,114,1203
2022-05-11 12:36:42.933451,7248,15,7263
2022-05-11 12:36:43.945072,4103,10,4113
2022-05-11 12:36:44.950525,1752,47,1799
2022-05-11 12:36:45.958380,7800,136,7936
2022-05-11 12:36:46.968816,6569,61,6630
2022-05-11 12:36:47.977954,8942,50,8992
2022-05-11 12:36:48.982895,3684,33,3717
2022-05-11 12:36:49.987650,780,58,838
2022-05-11 12:36:50.995276,5204,68,5272
2022-05-11 12:36:52.000348,8003,97,8100
2022-05-11 12:36:53.008535,7572,103,7675
2022-05-11 12:36:54.013446,1767,89,1856
2022-05-11 12:36:55.023334,7751,45,7796
2022-05-11 12:36:56.032510,6376,150,6526
2022-05-11 12:36:57.038367,1591,69,1660
2022-05-11 12:36:58.052701,5676,150,5826
2022-05-11 12:36:59.058343,2061,74,2135
2022-05-11 12:37:00.067968,6600,134,6734
2022-05-11 12:37:01.070378,131,42,173
2022-05-11 12:37:02.078838,5746,72,5818
2022-05-11 12:37:03.090130,971,105,1076
2022-05-11 12:37:04.096139,8648,115,8763
2022-05-11 12:37:05.107168,1533,13,1546
2022-05-11 12:37:06.114105,1069,149,1218
2022-05-11 12:37:07.125576,5433,126,5559
2022-05-11 12:37:08.129421,724,88,812
2022-05-11 12:37:09.137027,2298,42,2340
2022-05-11 12:37:10.146950,2427,145,2572
2022-05-11 12:37:11.160817,2445,143,2588
2022-05-11 12:37:12.160794,4875,35,4910
2022-05-11 12:37:14.176071,6915,127,7042
2022-05-11 12:37:15.175256,7087,15,7102
2022-05-11 12:37:16.189788,1344,54,1398
2022-05-11 12:37:17.200766,1346,133,1479
2022-05-11 12:37:18.200266,3210,9,3219
2022-05-11 12:37:19.211482,1052,95,1147
2022-05-11 12:37:20.216720,8983,26,9009
2022-05-11 12:37:21.229446,8606,102,8708
2022-05-11 12:37:22.232126,2806,150,2956
2022-05-11 12:37:23.234465,1172,16,1188
2022-05-11 12:37:24.244417,1000,148,1148
2022-05-11 12:37:25.255663,5414,125,5539
2022-05-11 12:37:26.262381,7145,48,7193
2022-05-11 12:37:27.269099,4381,53,4434
2022-05-11 12:37:28.260946,5335,16,5351
2022-05-11 12:37:29.273375,7851,87,7938
2022-05-11 12:37:30.278790,2113,116,2229
2022-05-11 12:37:31.285676,1522,115,1637
2022-05-11 12:37:32.286868,4392,36,4428
2022-05-11 12:37:33.292937,8699,32,8731
2022-05-11 12:37:34.299859,8245,47,8292
2022-05-11 12:37:35.305709,3166,22,3188
2022-05-11 12:37:36.309782,5629,48,5677
2022-05-11 12:37:37.320436,4893,77,4970
2022-05-11 12:37:38.328931,3435,31,3466
2022-05-11 12:37:39.331738,2666,47,2713
2022-05-11 12:37:40.337448,4987,53,5040
2022-05-11 12:37:41.343908,8612,43,8655
2022-05-11 12:37:42.349054,3016,84,3100
2022-05-11 12:37:43.354970,2712,87,2799
2022-05-11 12:37:44.360199,356,7,363
2022-05-11 12:37:45.366925,4805,61,4866
2022-05-11 12:37:46.372165,5542,105,5647
2022-05-11 12:37:47.380606,1430,93,1523
2022-05-11 12:37:48.387093,1040,114,1154
2022-05-11 12:37:49.391422,6455,47,6502
2022-05-11 12:37:50.403171,2022,94,2116
2022-05-11 12:37:51.406490,4285,72,4357
2022-05-11 12:37:52.411796,5449,56,5505
2022-05-11 12:37:53.417917,4073,120,4193
2022-05-11 12:37:54.424888,2863,32,2895
2022-05-11 12:37:55.428465,7591,70,7661
2022-05-11 12:37:56.435118,421,3,424
2022-05-11 12:37:57.443232,792,40,832
2022-05-11 12:37:58.447866,917,63,980
2022-05-11 12:37:59.455188,4639,42,4681
2022-05-11 12:38:00.458948,3016,93,3109
2022-05-11 12:38:01.462024,2852,85,2937
2022-05-11 12:38:02.472569,3477,40,3517
2022-05-11 12:38:03.481004,8985,84,9069
2022-05-11 12:38:04.488107,2449,77,2526
2022-05-11 12:38:05.490838,6435,114,6549
2022-05-11 12:38:06.499186,1719,50,1769
2022-05-11 12:38:07.506471,101,70,171
2022-05-11 12:38:08.519527,984,3,987
2022-05-11 12:38:09.520430,783,67,850
2022-05-11 12:38:10.529485,3179,123,3302
2022-05-11 12:38:11.528342,4080,5,4085
2022-05-11 12:38:12.533798,2022,128,2150
2022-05-11 12:38:13.539547,8900,62,8962
2022-05-11 12:38:14.549370,8142,2,8144
2022-05-11 12:38:15.554535,452,80,532
2022-05-11 12:38:16.570843,4829,67,4896
2022-05-11 12:38:17.568696,8112,28,8140
2022-05-11 12:38:18.579027,2342,85,2427
2022-05-11 12:38:19.581632,4478,132,4610
2022-05-11 12:38:20.591502,4985,118,5103
2022-05-11 12:38:21.593979,3142,111,3253
2022-05-11 12:38:22.600423,2549,125,2674
2022-05-11 12:38:24.609299,3731,27,3758
2022-05-11 12:38:25.616341,5308,74,5382
2022-05-11 12:38:26.622740,8199,111,8310
2022-05-11 12:38:27.628593,1875,95,1970
2022-05-11 12:38:28.634287,2917,87,3004
2022-05-11 12:38:29.635895,410,76,486
2022-05-11 12:38:30.650731,5997,89,6086
2022-05-11 12:38:31.658458,49,137,186
2022-05-11 12:38:32.659543,7155,33,7188
2022-05-11 12:38:33.669108,5856,100,5956
2022-05-11 12:38:34.672965,2713,38,2751
2022-05-11 12:38:35.684733,7562,105,7667
2022-05-11 12:38:36.690720,3227,135,3362
2022-05-11 12:38:37.699892,1927,34,1961
2022-05-11 12:38:38.701991,8612,31,8643
2022-05-11 12:38:39.713000,6296,30,6326
2022-05-11 12:38:40.719199,1962,119,2081
2022-05-11 12:38:41.724159,6375,8,6383
2022-05-11 12:38:42.736267,4790,57,4847
2022-05-11 12:38:43.741764,3905,45,3950
2022-05-11 12:38:44.736892,2511,132,2643
2022-05-11 12:38:45.752695,2467,84,2551
2022-05-11 12:38:46.762186,2080,28,2108
2022-05-11 12:38:47.762844,7724,66,7790
2022-05-11 12:38:48.770920,3299,141,3440
2022-05-11 12:38:49.775375,5949,38,5987
2022-05-11 12:38:50.780974,8421,127,8548
2022-05-11 12:38:51.787556,6642,51,6693
2022-05-11 12:38:52.790500,5267,39,5306
2022-05-11 12:38:53.802902,5172,86,5258
2022-05-11 12:38:54.806444,2005,16,2021
2022-05-11 12:38:55.822354,4351,136,4487
2022-05-11 12:38:56.822224,7632,3,7635
2022-05-11 12:38:57.826445,8479,12,8491
2022-05-11 12:38:58.831567,3386,82,3468
2022-05-11 12:38:59.830269,354,5,359
2022-05-11 12:39:00.841663,6537,99,6636
2022-05-11 12:39:01.844268,3468,115,3583
2022-05-11 12:39:02.848882,2456,2,2458
2022-05-11 12:39:03.861724,226,124,350
2022-05-11 12:39:04.860677,5813,66,5879
2022-05-11 12:39:05.868495,3721,57,3778
2022-05-11 12:39:06.870445,515,38,553
2022-05-11 12:39:07.877247,2695,86,2781
2022-05-11 12:39:08.880881,1920,16,1936
2022-05-11 12:39:09.888808,8812,139,8951
2022-05-11 12:39:10.893576,2893,145,3038
2022-05-11 12:39:11.903959,673,96,769
2022-05-11 12:39:12.908352,873,14,887
2022-05-11 12:39:13.916515,8448,149,8597
2022-05-11 12:39:14.927452,2670,116,2786
2022-05-11 12:39:15.930505,8421,143,8564
2022-05-11 12:39:16.939362,8112,22,8134
2022-05-11 12:39:17.947072,2677,127,2804
2022-05-11 12:39:18.952961,4219,52,4271
2022-05-11 12:39:19.954654,5343,136,5479
2022-05-11 12:39:20.965871,3018,10,3028
2022-05-11 12:39:21.969456,1260,13,1273
2022-05-11 12:39:22.975519,2891,84,2975
2022-05-11 12:39:23.988772,5571,95,5666
2022-05-11 12:39:24.993215,8620,108,8728
2022-05-11 12:39:25.999342,931,42,973
2022-05-11 12:39:27.005790,5195,111,5306
2022-05-11 12:39:28.016956,2975,66,3041
2022-05-11 12:39:29.029617,2989,38,3027
2022-05-11 12:39:30.030561,2936,139,3075
2022-05-11 12:39:31.039609,6131,50,6181
2022-05-11 12:39:32.050657,1779,4,1783
2022-05-11 12:39:33.058399,8489,106,8595
2022-05-11 12:39:34.063242,6752,2,6754
2022-05-11 12:39:35.071274,5074,146,5220
2022-05-11 12:39:36.077851,7821,42,7863
2022-05-11 12:39:37.087912,7044,78,7122
2022-05-11 12:39:38.095719,4535,50,4585
2022-05-11 12:39:39.105526,3032,85,3117
2022-05-11 12:39:40.113398,5678,99,5777
2022-05-11 12:39:41.117355,8401,92,8493
2022-05-11 12:39:42.121056,84,11,95
2022-05-11 12:39:43.129930,2236,138,2374
2022-05-11 12:39:44.134351,8186,50,8236
2022-05-11 12:39:45.143098,412,15,427
2022-05-11 12:39:46.146381,6138,89,6227
2022-05-11 12:39:47.156527,5421,8,5429
2022-05-11 12:39:48.159054,3872,127,3999
2022-05-11 12:39:49.168281,1473,86,1559
2022-05-11 12:39:50.166315,8344,50,8394
2022-05-11 12:39:51.175515,4064,56,4120
2022-05-11 12:39:52.183892,1495,105,1600
2022-05-11 12:39:53.187696,6171,4,6175
2022-05-11 12:39:54.195941,8789,39,8828
2022-05-11 12:39:55.202072,2931,98,3029
2022-05-11 12:39:56.208565,4020,29,4049
2022-05-11 12:39:57.218253,164,131,295
2022-05-11 12:39:58.223609,4194,131,4325
2022-05-11 12:39:59.233287,3377,144,3521
2022-05-11 12:40:00.239660,4339,29,4368
2022-05-11 12:40:01.240129,8502,52,8554
2022-05-11 12:40:02.253874,4411,141,4552
2022-05-11 12:40:03.258807,7020,125,7145
2022-05-11 12:40:04.264103,6847,10,6857
2022-05-11 12:40:05.268892,4300,4,4304
2022-05-11 12:40:06.276575,5989,79,6068
2022-05-11 12:40:07.276339,2826,93,2919
2022-05-11 12:40:08.285440,1328,83,1411
2022-05-11 12:40:09.290325,6380,120,6500
2022-05-11 12:40:10.296842,4229,110,4339
2022-05-11 12:40:11.298582,979,138,1117
2022-05-11 12:40:12.300624,8695,150,8845
2022-05-11 12:40:13.310347,4529,71,4600
2022-05-11 12:40:14.317942,6049,134,6183
2022-05-11 12:40:15.319019,8994,65,9059
2022-05-11 12:40:16.313546,2183,130,2313
2022-05-11 12:40:17.327600,8726,30,8756
2022-05-11 12:40:18.334979,4684,66,4750
2022-05-11 12:40:19.341032,6313,23,6336
2022-05-11 12:40:20.344576,7912,14,7926
2022-05-11 12:40:21.353782,4051,122,4173
2022-05-11 12:40:22.357732,3240,69,3309
2022-05-11 12:40:23.365879,7837,15,7852
2022-05-11 12:40:24.371980,8269,1,8270
2022-05-11 12:40:25.380706,4741,77,4818
2022-05-11 12:40:26.385920,5777,34,5811
2022-05-11 12:40:27.388366,6178,67,6245
2022-05-11 12:40:28.394740,3756,149,3905
2022-05-11 12:40:29.396419,5171,27,5198
2022-05-11 12:40:30.400817,4134,26,4160
2022-05-11 12:40:31.407688,72,126,198
2022-05-11 12:40:32.412533,4622,16,4638
2022-05-11 12:40:33.418943,4232,62,4294
2022-05-11 12:40:34.426588,741,70,811
2022-05-11 12:40:35.434164,8028,150,8178
2022-05-11 12:40:36.435558,4248,29,4277
2022-05-11 12:40:37.444413,3301,20,3321
2022-05-11 12:40:38.450635,6738,7,6745
2022-05-11 12:40:39.450554,6829,126,6955
2022-05-11 12:40:40.459031,901,83,984
2022-05-11 12:40:41.462788,2250,72,2322
2022-05-11 12:40:42.473350,7402,138,7540
2022-05-11 12:40:43.472669,114,102,216
2022-05-11 12:40:44.482977,3589,132,3721
2022-05-11 12:40:45.483243,5443,79,5522
2022-05-11 12:40:46.485801,5726,22,5748
2022-05-11 12:40:47.495786,1414,64,1478
2022-05-11 12:40:48.502924,2190,5,2195
2022-05-11 12:40:49.508906,6201,96,6297
2022-05-11 12:40:50.517737,41,4,45
2022-05-11 12:40:51.515510,5361,73,5434
2022-05-11 12:40:52.522363,7342,119,7461
2022-05-11 12:40:53.533855,2809,21,2830
2022-05-11 12:40:54.539828,1997,56,2053
2022-05-11 12:40:55.544783,4114,141,4255
2022-05-11 12:40:56.551547,7429,86,7515
2022-05-11 12:40:57.555211,5188,7,5195
2022-05-11 12:40:58.566585,7431,11,7442
2022-05-11 12:40:59.573463,7302,146,7448
2022-05-11 12:41:00.577236,6499,84,6583
2022-05-11 12:41:01.582335,7128,134,7262
2022-05-11 12:41:02.592986,7662,89,7751
2022-05-11 12:41:03.604985,955,93,1048
2022-05-11 12:41:04.610620,5659,4,5663
2022-05-11 12:41:05.614415,7759,143,7902
2022-05-11 12:41:06.617928,2014,87,2101
2022-05-11 12:41:07.621892,62,49,111
2022-05-11 12:41:08.627519,3625,51,3676
2022-05-11 12:41:09.635562,4102,110,4212
2022-05-11 12:41:10.640113,8562,63,8625
2022-05-11 12:41:11.647596,4055,95,4150
2022-05-11 12:41:12.652631,3052,44,3096
2022-05-11 12:41:13.658522,7489,56,7545
2022-05-11 12:41:14.654571,6458,96,6554
2022-05-11 12:41:15.669729,3855,103,3958
2022-05-11 12:41:16.671289,7455,97,7552
2022-05-11 12:41:17.677176,351,131,482
2022-05-11 12:41:18.685341,6310,107,6417
2022-05-11 12:41:19.685321,3084,10,3094
2022-05-11 12:41:20.696189,1531,79,1610
2022-05-11 12:41:21.698088,3387,24,3411
2022-05-11 12:41:22.704608,8132,87,8219
2022-05-11 12:41:23.711220,1753,122,1875
2022-05-11 12:41:24.720342,7135,148,7283
2022-05-11 12:41:25.727703,6401,37,6438
2022-05-11 12:41:26.737077,7839,131,7970
2022-05-11 12:41:27.741627,2108,96,2204
2022-05-11 12:41:28.744994,7534,126,7660
2022-05-11 12:41:29.743277,2124,63,2187
2022-05-11 12:41:30.756715,7528,86,7614
2022-05-11 12:41:31.764977,8251,25,8276
2022-05-11 12:41:32.758969,372,9,381
2022-05-11 12:41:33.770351,4978,92,5070
2022-05-11 12:41:34.776474,5716,69,5785
2022-05-11 12:41:35.785552,8315,100,8415
2022-05-11 12:41:36.785379,1618,49,1667
2022-05-11 12:41:37.792417,3051,131,3182
2022-05-11 12:41:38.796922,3757,113,3870
2022-05-11 12:41:39.804745,2610,150,2760
2022-05-11 12:41:40.806765,8794,140,8934
2022-05-11 12:41:41.816473,4193,1,4194
2022-05-11 12:41:42.822741,2289,79,2368
2022-05-11 12:41:43.831013,3520,73,3593
2022-05-11 12:41:44.838239,7705,6,7711
2022-05-11 12:41:45.844206,8361,66,8427
2022-05-11 12:41:46.846838,2270,35,2305
2022-05-11 12:41:47.842515,5930,74,6004
2022-05-11 12:41:48.851177,2041,136,2177
2022-05-11 12:41:49.862692,3032,144,3176
2022-05-11 12:41:50.866601,4185,70,4255
2022-05-11 12:41:51.874779,2243,69,2312
2022-05-11 12:41:52.880875,3393,117,3510
2022-05-11 12:41:53.884988,8058,35,8093
2022-05-11 12:41:54.895057,4481,33,4514
2022-05-11 12:41:55.892466,8943,8,8951
2022-05-11 12:41:56.899148,3636,115,3751
2022-05-11 12:41:57.905655,1319,102,1421
2022-05-11 12:41:58.914330,8791,149,8940
2022-05-11 12:41:59.918511,3574,32,3606
2022-05-11 12:42:00.926862,5323,61,5384
2022-05-11 12:42:01.937175,8266,144,8410
2022-05-11 12:42:02.939764,6463,56,6519
2022-05-11 12:42:03.950233,8245,10,8255
2022-05-11 12:42:04.952747,148,95,243
2022-05-11 12:42:05.961174,8899,139,9038
2022-05-11 12:42:06.967824,3823,125,3948
2022-05-11 12:42:07.976499,1865,18,1883
2022-05-11 12:42:08.977202,731,142,873
2022-05-11 12:42:09.983588,6331,84,6415
2022-05-11 12:42:10.995393,8762,66,8828
2022-05-11 12:42:12.000395,6839,8,6847
2022-05-11 12:42:13.006250,3412,98,3510
2022-05-11 12:42:14.009554,1297,87,1384
2022-05-11 12:42:15.021171,4903,18,4921
2022-05-11 12:42:16.029249,6347,14,6361
2022-05-11 12:42:17.034017,6436,138,6574
2022-05-11 12:42:18.042392,8258,45,8303
2022-05-11 12:42:19.050727,6612,16,6628
2022-05-11 12:42:20.044668,3273,17,3290
2022-05-11 12:42:21.063653,939,85,1024
2022-05-11 12:42:22.071179,3347,82,3429
2022-05-11 12:42:23.082444,3974,87,4061
2022-05-11 12:42:24.090026,3264,41,3305
2022-05-11 12:42:25.098577,7269,83,7352
2022-05-11 12:42:26.107826,729,18,747
2022-05-11 12:42:27.108324,2139,65,2204
2022-05-11 12:42:28.112529,255,91,346
2022-05-11 12:42:29.126196,7557,143,7700
2022-05-11 12:42:30.132188,2373,119,2492
2022-05-11 12:42:31.138168,7657,65,7722
2022-05-11 12:42:32.141051,5035,61,5096
2022-05-11 12:42:33.149031,3311,98,3409
2022-05-11 12:42:34.160012,4901,87,4988
2022-05-11 12:42:35.172451,6808,124,6932
2022-05-11 12:42:36.179328,6824,104,6928
2022-05-11 12:42:37.185312,8749,97,8846
2022-05-11 12:42:38.198389,7372,87,7459
2022-05-11 12:42:39.209398,2689,33,2722
2022-05-11 12:42:40.219386,5260,32,5292
2022-05-11 12:42:41.228535,3659,35,3694
2022-05-11 12:42:42.235918,4107,118,4225
2022-05-11 12:42:43.242656,8574,103,8677
2022-05-11 12:42:44.253032,1647,118,1765
2022-05-11 12:42:45.257370,3538,106,3644
2022-05-11 12:42:46.273578,7036,141,7177
2022-05-11 12:42:47.276756,5672,59,5731
2022-05-11 12:42:48.290060,8200,77,8277
2022-05-11 12:42:49.292123,5237,149,5386
2022-05-11 12:42:50.307973,2668,15,2683
2022-05-11 12:42:51.308859,5526,91,5617
2022-05-11 12:42:52.318037,1557,36,1593
2022-05-11 12:42:53.327544,6785,35,6820
2022-05-11 12:42:54.339347,7989,118,8107
2022-05-11 12:42:55.346703,8424,128,8552
2022-05-11 12:42:56.357084,3978,108,4086
2022-05-11 12:42:57.372809,3295,1,3296
2022-05-11 12:42:58.383701,2407,1,2408
2022-05-11 12:42:59.404800,1330,91,1421
2022-05-11 12:43:00.402811,4931,20,4951
2022-05-11 12:43:01.403365,484,107,591
2022-05-11 12:43:02.411966,482,23,505
2022-05-11 12:43:03.423743,8431,70,8501
2022-05-11 12:43:04.413858,2532,129,2661
2022-05-11 12:43:05.438899,2069,50,2119
2022-05-11 12:43:06.445677,736,113,849
2022-05-11 12:43:07.452099,5420,11,5431
2022-05-11 12:43:08.461896,8614,115,8729
2022-05-11 12:43:09.467863,3494,36,3530
2022-05-11 12:43:10.475662,4193,6,4199
2022-05-11 12:43:11.487613,6320,85,6405
2022-05-11 12:43:12.504489,7194,16,7210
2022-05-11 12:43:13.507129,5376,26,5402
2022-05-11 12:43:14.526434,8109,5,8114
2022-05-11 12:43:15.531270,4596,17,4613
2022-05-11 12:43:16.543481,1279,52,1331
2022-05-11 12:43:17.551160,188,48,236
2022-05-11 12:43:18.560502,3178,50,3228
2022-05-11 12:43:19.552681,7413,7,7420
2022-05-11 12:43:20.572362,8937,150,9087
2022-05-11 12:43:21.575882,1436,146,1582
2022-05-11 12:43:22.581811,3075,93,3168
2022-05-11 12:43:23.593668,3314,89,3403
2022-05-11 12:43:24.599304,2853,78,2931
2022-05-11 12:43:25.609473,3196,93,3289
2022-05-11 12:43:26.613892,6457,84,6541
2022-05-11 12:43:27.615899,5310,10,5320
2022-05-11 12:43:28.629592,7113,98,7211
2022-05-11 12:43:29.640629,5778,90,5868
2022-05-11 12:43:30.647640,8128,20,8148
2022-05-11 12:43:31.646132,921,56,977
2022-05-11 12:43:32.654423,8768,126,8894
2022-05-11 12:43:33.660434,8503,3,8506
2022-05-11 12:43:34.675520,5432,82,5514
2022-05-11 12:43:35.688766,333,24,357
2022-05-11 12:43:36.693997,2514,75,2589
2022-05-11 12:43:37.697700,1358,82,1440
2022-05-11 12:43:38.706520,905,88,993
2022-05-11 12:43:39.710195,2978,144,3122
2022-05-11 12:43:40.716269,5840,78,5918
2022-05-11 12:43:41.717985,1714,27,1741
2022-05-11 12:43:42.730367,3110,106,3216
2022-05-11 12:43:43.732914,5091,115,5206
2022-05-11 12:43:44.739310,2525,34,2559
2022-05-11 12:43:45.746886,7693,23,7716
2022-05-11 12:43:46.761811,6776,62,6838
2022-05-11 12:43:47.774747,4043,79,4122
2022-05-11 12:43:48.780703,2360,97,2457
2022-05-11 12:43:49.792438,3539,140,3679
2022-05-11 12:43:50.801560,1734,6,1740
2022-05-11 12:43:51.808059,107,125,232
2022-05-11 12:43:52.807779,6900,30,6930
2022-05-11 12:43:53.812206,5461,150,5611
2022-05-11 12:43:54.817032,4881,102,4983
2022-05-11 12:43:55.820926,8770,148,8918
2022-05-11 12:43:56.823606,6611,12,6623
2022-05-11 12:43:57.837696,3597,46,3643
2022-05-11 12:43:58.842839,573,141,714
2022-05-11 12:43:59.853988,5027,94,5121
2022-05-11 12:44:00.863013,4689,104,4793
2022-05-11 12:44:01.868997,6629,21,6650
2022-05-11 12:44:02.873664,5205,61,5266
2022-05-11 12:44:03.884655,8274,122,8396
2022-05-11 12:44:04.895926,1748,77,1825
2022-05-11 12:44:05.909472,8449,66,8515
2022-05-11 12:44:06.915442,7257,139,7396
2022-05-11 12:44:07.920318,6589,11,6600
2022-05-11 12:44:08.931063,7621,138,7759
2022-05-11 12:44:09.936486,8531,99,8630
2022-05-11 12:44:10.942691,4194,26,4220
2022-05-11 12:44:11.950005,2736,85,2821
2022-05-11 12:44:12.962934,6678,94,6772
2022-05-11 12:44:13.971296,1934,105,2039
2022-05-11 12:44:14.976316,4634,112,4746
2022-05-11 12:44:15.979677,5582,2,5584
2022-05-11 12:44:16.990663,3385,146,3531
2022-05-11 12:44:18.002061,2041,59,2100
2022-05-11 12:44:18.995135,8111,27,8138
2022-05-11 12:44:20.008730,6191,45,6236
2022-05-11 12:44:21.022596,4801,110,4911
2022-05-11 12:44:22.026632,2361,46,2407
2022-05-11 12:44:23.034020,6580,121,6701
2022-05-11 12:44:24.037064,532,13,545
2022-05-11 12:44:25.046515,1958,57,2015
2022-05-11 12:44:26.061289,4088,143,4231
2022-05-11 12:44:27.067089,8914,18,8932
2022-05-11 12:44:28.076456,980,98,1078
2022-05-11 12:44:29.085533,850,143,993
2022-05-11 12:44:30.089925,6801,134,6935
2022-05-11 12:44:31.099026,7402,19,7421
2022-05-11 12:44:32.109519,8201,40,8241
2022-05-11 12:44:33.118596,2686,23,2709
2022-05-11 12:44:34.117422,1271,19,1290
2022-05-11 12:44:35.127034,8291,70,8361
2022-05-11 12:44:36.124039,2589,56,2645
2022-05-11 12:44:37.134994,1705,22,1727
2022-05-11 12:44:38.144646,8026,59,8085
2022-05-11 12:44:39.158175,4227,38,4265
2022-05-11 12:44:40.161737,8333,17,8350
2022-05-11 12:44:41.169557,8104,48,8152
2022-05-11 12:44:42.175521,1552,59,1611
2022-05-11 12:44:43.190341,277,74,351
2022-05-11 12:44:44.191037,5684,46,5730
2022-05-11 12:44:45.206850,785,17,802
2022-05-11 12:44:46.209286,793,63,856
2022-05-11 12:44:47.220894,5540,135,5675
2022-05-11 12:44:48.232017,1090,91,1181
2022-05-11 12:44:49.237842,6108,136,6244
2022-05-11 12:44:50.242719,7910,112,8022
2022-05-11 12:44:51.238032,4484,88,4572
2022-05-11 12:44:52.252431,2778,9,2787
2022-05-11 12:44:53.263008,7119,94,7213
2022-05-11 12:44:54.269527,4052,94,4146
2022-05-11 12:44:55.282432,5441,115,5556
2022-05-11 12:44:56.293764,418,17,435
2022-05-11 12:44:57.305891,5905,62,5967
2022-05-11 12:44:58.308135,6851,107,6958
2022-05-11 12:44:59.312816,706,103,809
2022-05-11 12:45:00.315073,2630,48,2678
2022-05-11 12:45:01.328207,8862,16,8878
2022-05-11 12:45:02.337953,3767,7,3774
2022-05-11 12:45:03.348332,142,107,249
2022-05-11 12:45:04.354111,6764,2,6766
2022-05-11 12:45:05.357419,7977,52,8029
2022-05-11 12:45:06.359010,7707,25,7732
2022-05-11 12:45:07.376445,6653,90,6743
2022-05-11 12:45:08.381039,6903,91,6994
2022-05-11 12:45:09.388793,3720,60,3780
2022-05-11 12:45:10.400311,181,149,330
2022-05-11 12:45:11.401443,4316,59,4375
2022-05-11 12:45:12.409415,1419,47,1466
2022-05-11 12:45:13.423745,6452,136,6588
2022-05-11 12:45:14.429958,3471,127,3598
2022-05-11 12:45:15.439313,5833,54,5887
2022-05-11 12:45:16.441838,3841,44,3885
2022-05-11 12:45:17.446696,270,115,385
2022-05-11 12:45:18.450721,5801,51,5852
2022-05-11 12:45:19.461773,456,99,555
2022-05-11 12:45:20.469442,2386,14,2400
2022-05-11 12:45:21.470923,1663,126,1789
2022-05-11 12:45:22.478600,8237,57,8294
2022-05-11 12:45:23.485049,6792,94,6886
2022-05-11 12:45:24.487449,1147,47,1194
2022-05-11 12:45:25.503000,4175,135,4310
2022-05-11 12:45:26.519497,4810,52,4862
2022-05-11 12:45:27.524052,6055,49,6104
2022-05-11 12:45:28.532524,5821,144,5965
2022-05-11 12:45:29.534414,2315,52,2367
2022-05-11 12:45:30.549404,6102,78,6180
2022-05-11 12:45:31.564409,5451,14,5465
2022-05-11 12:45:32.564038,4879,112,4991
2022-05-11 12:45:33.573919,755,85,840
2022-05-11 12:45:34.587426,5653,72,5725
2022-05-11 12:45:35.597196,2537,7,2544
2022-05-11 12:45:36.607315,450,35,485
2022-05-11 12:45:37.601483,6693,133,6826
2022-05-11 12:45:38.614189,2296,130,2426
2022-05-11 12:45:39.624742,4561,74,4635
2022-05-11 12:45:40.636909,5538,89,5627
2022-05-11 12:45:41.637525,6340,75,6415
2022-05-11 12:45:42.653206,1162,71,1233
2022-05-11 12:45:43.657276,1766,89,1855
2022-05-11 12:45:44.667963,3139,49,3188
2022-05-11 12:45:45.673969,2512,36,2548
2022-05-11 12:45:46.680045,3584,35,3619
2022-05-11 12:45:47.687971,830,133,963
2022-05-11 12:45:48.699487,4344,31,4375
2022-05-11 12:45:49.707765,7749,16,7765
2022-05-11 12:45:50.721948,513,94,607
2022-05-11 12:45:51.730502,830,28,858
2022-05-11 12:45:52.736022,1533,37,1570
2022-05-11 12:45:53.746363,4612,94,4706
2022-05-11 12:45:54.756281,1088,129,1217
2022-05-11 12:45:55.770331,1010,76,1086
2022-05-11 12:45:56.771864,213,109,322
2022-05-11 12:45:58.798354,8721,118,8839
2022-05-11 12:45:59.806372,8004,26,8030
2022-05-11 12:46:00.812409,2864,17,2881
2022-05-11 12:46:01.828897,8753,116,8869
2022-05-11 12:46:02.832017,2782,19,2801
2022-05-11 12:46:03.846359,981,61,1042
2022-05-11 12:46:04.848910,506,82,588
2022-05-11 12:46:05.854310,4683,1,4684
2022-05-11 12:46:06.862402,3653,127,3780
2022-05-11 12:46:07.869604,8737,133,8870
2022-05-11 12:46:08.874726,3811,121,3932
2022-05-11 12:46:09.881180,682,124,806
2022-05-11 12:46:10.889076,7642,70,7712
2022-05-11 12:46:11.905261,1940,55,1995
2022-05-11 12:46:12.910333,1719,53,1772
2022-05-11 12:46:13.921809,586,69,655
2022-05-11 12:46:14.932844,8295,95,8390
2022-05-11 12:46:15.933114,4630,1,4631
2022-05-11 12:46:16.938340,6075,133,6208
2022-05-11 12:46:17.948593,1209,126,1335
2022-05-11 12:46:18.951081,2343,128,2471
2022-05-11 12:46:19.966716,3666,43,3709
2022-05-11 12:46:20.973476,3900,44,3944
2022-05-11 12:46:21.981544,1867,119,1986
2022-05-11 12:46:22.976587,2561,17,2578
2022-05-11 12:46:23.994704,8604,147,8751
2022-05-11 12:46:24.999099,4134,147,4281
2022-05-11 12:46:26.004170,5492,81,5573
2022-05-11 12:46:27.011162,8754,56,8810
2022-05-11 12:46:28.024714,6434,123,6557
2022-05-11 12:46:29.037082,4966,39,5005
2022-05-11 12:46:30.044912,1265,38,1303
2022-05-11 12:46:31.053462,5004,79,5083
2022-05-11 12:46:32.057486,423,66,489
2022-05-11 12:46:33.061767,8104,33,8137
2022-05-11 12:46:34.076282,8738,51,8789
2022-05-11 12:46:35.086649,1904,120,2024
2022-05-11 12:46:36.095129,2644,45,2689
2022-05-11 12:46:37.096769,3394,143,3537
2022-05-11 12:46:38.092020,679,67,746
2022-05-11 12:46:39.103722,6493,148,6641
2022-05-11 12:46:40.120132,1230,115,1345
2022-05-11 12:46:41.127985,4818,24,4842
2022-05-11 12:46:42.132201,319,83,402
2022-05-11 12:46:43.137138,3975,60,4035
2022-05-11 12:46:44.153814,4526,83,4609
2022-05-11 12:46:45.160107,1221,108,1329
2022-05-11 12:46:46.161305,1072,99,1171
2022-05-11 12:46:47.171893,6383,54,6437
2022-05-11 12:46:48.176299,515,19,534
2022-05-11 12:46:49.185667,1646,8,1654
2022-05-11 12:46:50.191849,3628,118,3746
2022-05-11 12:46:51.197927,3217,26,3243
2022-05-11 12:46:52.205950,3853,134,3987
2022-05-11 12:46:53.209300,6086,117,6203
2022-05-11 12:46:54.215460,7498,92,7590
2022-05-11 12:46:55.231254,2330,84,2414
2022-05-11 12:46:56.237685,3061,74,3135
2022-05-11 12:46:57.249053,2062,147,2209
2022-05-11 12:46:58.255054,1084,17,1101
2022-05-11 12:46:59.269546,7415,5,7420
2022-05-11 12:47:00.275015,6699,100,6799
2022-05-11 12:47:01.280295,5784,46,5830
2022-05-11 12:47:02.291700,4399,134,4533
2022-05-11 12:47:03.298521,4152,1,4153
2022-05-11 12:47:04.304886,6827,37,6864
2022-05-11 12:47:05.308458,989,67,1056
2022-05-11 12:47:06.316469,5728,11,5739
2022-05-11 12:47:07.324076,514,8,522
2022-05-11 12:47:09.340158,1490,9,1499
2022-05-11 12:47:10.349782,6062,107,6169
2022-05-11 12:47:11.350868,8554,14,8568
2022-05-11 12:47:12.368951,2670,121,2791
2022-05-11 12:47:13.372667,4535,93,4628
2022-05-11 12:47:14.387606,1072,80,1152
2022-05-11 12:47:15.390919,660,57,717
2022-05-11 12:47:16.405056,5883,104,5987
2022-05-11 12:47:17.410448,3271,140,3411
2022-05-11 12:47:18.418964,8587,139,8726
2022-05-11 12:47:19.429533,1560,5,1565
2022-05-11 12:47:20.434273,3933,26,3959
2022-05-11 12:47:21.438457,3516,87,3603
2022-05-11 12:47:22.453339,5265,56,5321
2022-05-11 12:47:23.458239,4327,109,4436
2022-05-11 12:47:24.467819,1657,111,1768
2022-05-11 12:47:25.467653,248,48,296
2022-05-11 12:47:26.477393,5112,120,5232
2022-05-11 12:47:27.480390,8367,17,8384
2022-05-11 12:47:28.494767,8785,122,8907
2022-05-11 12:47:29.504810,3622,133,3755
2022-05-11 12:47:30.510365,8297,66,8363
2022-05-11 12:47:31.514077,7831,83,7914
2022-05-11 12:47:32.531340,7467,17,7484
2022-05-11 12:47:33.539286,6846,63,6909
2022-05-11 12:47:34.556228,4698,62,4760
2022-05-11 12:47:35.560708,2718,126,2844
2022-05-11 12:47:36.568828,259,13,272
2022-05-11 12:47:37.573259,7460,30,7490
2022-05-11 12:47:38.574143,6785,136,6921
2022-05-11 12:47:39.585818,5301,108,5409
2022-05-11 12:47:40.593061,8498,123,8621
2022-05-11 12:47:41.597853,369,92,461
2022-05-11 12:47:42.602718,7256,6,7262
2022-05-11 12:47:43.604006,1142,40,1182
2022-05-11 12:47:44.614076,6017,31,6048
2022-05-11 12:47:45.627159,3127,5,3132
2022-05-11 12:47:46.636812,1440,29,1469
2022-05-11 12:47:47.646937,802,141,943
2022-05-11 12:47:48.655126,6060,7,6067
2022-05-11 12:47:49.660004,5711,103,5814
2022-05-11 12:47:50.668964,490,6,496
2022-05-11 12:47:51.673670,7342,26,7368
2022-05-11 12:47:52.678111,4255,14,4269
2022-05-11 12:47:53.688164,5632,97,5729
2022-05-11 12:47:54.681644,5324,42,5366
2022-05-11 12:47:55.701864,2822,54,2876
2022-05-11 12:47:56.716779,8513,5,8518
2022-05-11 12:47:57.724598,8566,82,8648
2022-05-11 12:47:58.731691,7916,17,7933
2022-05-11 12:47:59.739928,4331,70,4401
2022-05-11 12:48:00.753047,267,26,293
2022-05-11 12:48:01.760917,62,7,69
2022-05-11 12:48:02.765802,809,36,845
2022-05-11 12:48:03.778987,3247,93,3340
2022-05-11 12:48:04.786167,3094,101,3195
2022-05-11 12:48:05.792974,4489,65,4554
2022-05-11 12:48:06.800708,5037,34,5071
2022-05-11 12:48:07.805094,8072,14,8086
2022-05-11 12:48:08.806018,3920,93,4013
2022-05-11 12:48:09.804649,950,20,970
2022-05-11 12:48:10.820772,4398,134,4532
2022-05-11 12:48:11.821667,6196,24,6220
2022-05-11 12:48:12.826259,138,113,251
2022-05-11 12:48:13.828943,803,85,888
2022-05-11 12:48:14.842485,5754,21,5775
2022-05-11 12:48:15.855335,6049,136,6185
2022-05-11 12:48:16.869966,4733,2,4735
2022-05-11 12:48:17.878978,6761,17,6778
2022-05-11 12:48:18.883582,4297,150,4447
2022-05-11 12:48:19.898222,3566,93,3659
2022-05-11 12:48:20.905049,8499,23,8522
2022-05-11 12:48:21.907544,8677,27,8704
2022-05-11 12:48:22.913216,183,56,239
2022-05-11 12:48:23.921597,1334,45,1379
2022-05-11 12:48:24.917904,8021,134,8155
2022-05-11 12:48:25.930089,6990,85,7075
2022-05-11 12:48:26.936679,2163,35,2198
2022-05-11 12:48:27.938565,3783,16,3799
2022-05-11 12:48:28.939897,6422,95,6517
2022-05-11 12:48:29.951223,8692,113,8805
2022-05-11 12:48:30.954863,6547,121,6668
2022-05-11 12:48:31.962094,3437,93,3530
2022-05-11 12:48:32.967909,8660,131,8791
2022-05-11 12:48:33.967685,5681,103,5784
2022-05-11 12:48:34.972103,4118,56,4174
2022-05-11 12:48:35.977719,5010,53,5063
2022-05-11 12:48:36.992873,7201,39,7240
2022-05-11 12:48:38.003119,7266,21,7287
2022-05-11 12:48:39.016742,5146,58,5204
2022-05-11 12:48:40.020087,2165,129,2294
2022-05-11 12:48:41.027519,3671,62,3733
2022-05-11 12:48:42.036699,6325,72,6397
2022-05-11 12:48:43.053289,5791,119,5910
2022-05-11 12:48:44.055439,66,97,163
2022-05-11 12:48:45.072460,1527,134,1661
2022-05-11 12:48:46.076700,489,36,525
2022-05-11 12:48:47.085470,6665,129,6794
2022-05-11 12:48:48.091246,6955,67,7022
2022-05-11 12:48:49.106079,4199,77,4276
2022-05-11 12:48:50.107967,6788,108,6896
2022-05-11 12:48:51.114284,5232,3,5235
2022-05-11 12:48:52.123302,8020,148,8168
2022-05-11 12:48:53.134894,7637,8,7645
2022-05-11 12:48:54.136240,5935,41,5976
2022-05-11 12:48:55.145486,2667,39,2706
2022-05-11 12:48:56.148591,434,23,457
2022-05-11 12:48:57.153630,2308,20,2328
2022-05-11 12:48:58.157898,8306,14,8320
2022-05-11 12:48:59.161365,2157,88,2245
2022-05-11 12:49:00.170563,6851,18,6869
2022-05-11 12:49:01.185174,4143,23,4166
2022-05-11 12:49:02.192282,8097,1,8098
2022-05-11 12:49:03.207473,7298,144,7442
2022-05-11 12:49:04.223683,2799,125,2924
2022-05-11 12:49:05.232668,7041,20,7061
2022-05-11 12:49:06.248664,1394,69,1463
2022-05-11 12:49:07.265109,716,13,729
2022-05-11 12:49:08.268306,3217,61,3278
2022-05-11 12:49:09.273144,3892,94,3986
2022-05-11 12:49:10.282429,5573,70,5643
2022-05-11 12:49:11.284423,6312,50,6362
2022-05-11 12:49:12.296275,4476,108,4584
2022-05-11 12:49:13.304435,3344,33,3377
2022-05-11 12:49:14.308162,8338,58,8396
2022-05-11 12:49:15.322316,5353,8,5361
2022-05-11 12:49:16.320111,147,130,277
2022-05-11 12:49:17.332872,6574,50,6624
2022-05-11 12:49:18.340150,5954,37,5991
2022-05-11 12:49:19.344342,3920,34,3954
2022-05-11 12:49:20.353873,4936,52,4988
2022-05-11 12:49:21.356399,8448,150,8598
2022-05-11 12:49:22.363812,4989,36,5025
2022-05-11 12:49:23.368452,7571,6,7577
2022-05-11 12:49:24.372663,1402,25,1427
2022-05-11 12:49:25.385675,5831,21,5852
2022-05-11 12:49:26.387582,1823,78,1901
2022-05-11 12:49:27.409363,153,39,192
2022-05-11 12:49:28.415748,2578,147,2725
2022-05-11 12:49:29.423396,842,137,979
2022-05-11 12:49:30.425818,7158,28,7186
2022-05-11 12:49:31.432203,7715,51,7766
2022-05-11 12:49:32.438802,1486,94,1580
2022-05-11 12:49:33.443614,2007,129,2136
2022-05-11 12:49:34.463366,3915,47,3962
2022-05-11 12:49:35.465222,5187,56,5243
2022-05-11 12:49:36.476881,2113,17,2130
2022-05-11 12:49:37.486861,582,122,704
2022-05-11 12:49:38.493200,6412,40,6452
2022-05-11 12:49:39.500211,7941,8,7949
2022-05-11 12:49:40.516217,7512,14,7526
2022-05-11 12:49:42.530828,4064,142,4206
2022-05-11 12:49:43.532948,5836,18,5854
2022-05-11 12:49:44.542790,1065,32,1097
2022-05-11 12:49:45.545650,3005,21,3026
2022-05-11 12:49:46.557895,4881,57,4938
2022-05-11 12:49:47.572831,168,35,203
2022-05-11 12:49:48.574828,1254,16,1270
2022-05-11 12:49:49.592161,6971,98,7069
2022-05-11 12:49:50.590503,8963,89,9052
2022-05-11 12:49:51.602368,3959,62,4021
2022-05-11 12:49:52.612845,3874,121,3995
2022-05-11 12:49:53.626782,6517,122,6639
2022-05-11 12:49:54.636452,7342,93,7435
2022-05-11 12:49:55.642466,6601,11,6612
2022-05-11 12:49:56.637725,319,98,417
2022-05-11 12:49:57.652993,5748,7,5755
2022-05-11 12:49:58.656714,5702,47,5749
2022-05-11 12:49:59.663221,4752,147,4899
2022-05-11 12:50:00.674941,2950,52,3002
2022-05-11 12:50:01.681174,2887,147,3034
2022-05-11 12:50:02.693307,7346,43,7389
2022-05-11 12:50:03.705425,2514,56,2570
2022-05-11 12:50:04.714345,8430,123,8553
2022-05-11 12:50:05.725249,4173,62,4235
2022-05-11 12:50:06.735399,8336,31,8367
2022-05-11 12:50:07.743480,2308,7,2315
2022-05-11 12:50:08.751470,409,129,538
2022-05-11 12:50:09.765346,7173,127,7300
2022-05-11 12:50:10.766446,829,29,858
2022-05-11 12:50:11.764512,2904,53,2957
2022-05-11 12:50:12.782430,3989,23,4012
2022-05-11 12:50:13.784171,6945,33,6978
2022-05-11 12:50:14.787853,3159,36,3195
2022-05-11 12:50:15.802414,1077,115,1192
2022-05-11 12:50:16.805456,1884,49,1933
2022-05-11 12:50:17.816968,3809,74,3883
2022-05-11 12:50:18.823428,374,9,383
2022-05-11 12:50:19.835452,6046,20,6066
2022-05-11 12:50:20.845137,8362,42,8404
2022-05-11 12:50:21.855555,8347,26,8373
2022-05-11 12:50:22.860688,5529,130,5659
2022-05-11 12:50:23.867364,5910,132,6042
2022-05-11 12:50:24.876799,4327,41,4368
2022-05-11 12:50:25.889576,2909,98,3007
2022-05-11 12:50:26.896439,8375,85,8460
2022-05-11 12:50:27.902447,2891,145,3036
2022-05-11 12:50:28.915484,3980,38,4018
2022-05-11 12:50:29.922107,8923,10,8933
2022-05-11 12:50:30.932304,4814,76,4890
2022-05-11 12:50:31.937276,595,86,681
2022-05-11 12:50:32.941910,1163,12,1175
2022-05-11 12:50:33.949908,1526,123,1649
2022-05-11 12:50:34.958372,4424,42,4466
2022-05-11 12:50:35.956958,5242,64,5306
2022-05-11 12:50:36.970545,3546,148,3694
2022-05-11 12:50:37.972595,3397,128,3525
2022-05-11 12:50:38.980733,6938,10,6948
2022-05-11 12:50:39.986044,2648,150,2798
2022-05-11 12:50:40.991346,8146,37,8183
2022-05-11 12:50:42.007017,3152,1,3153
2022-05-11 12:50:43.012063,3696,48,3744
2022-05-11 12:50:44.018796,497,74,571
2022-05-11 12:50:45.021866,3303,71,3374
2022-05-11 12:50:46.032867,2683,126,2809
2022-05-11 12:50:47.044955,7219,104,7323
2022-05-11 12:50:48.050394,7847,142,7989
2022-05-11 12:50:49.062414,2505,102,2607
2022-05-11 12:50:50.082172,8493,31,8524
2022-05-11 12:50:51.094301,8367,59,8426
2022-05-11 12:50:52.095407,3966,30,3996
2022-05-11 12:50:53.110560,894,109,1003
2022-05-11 12:50:54.119000,2825,82,2907
2022-05-11 12:50:55.128528,7780,32,7812
2022-05-11 12:50:56.127463,2299,113,2412
2022-05-11 12:50:57.139292,4117,39,4156
2022-05-11 12:50:58.146015,2388,1,2389
2022-05-11 12:50:59.152153,5941,18,5959
2022-05-11 12:51:00.159805,2624,96,2720
2022-05-11 12:51:01.169855,2410,7,2417
2022-05-11 12:51:02.178056,2997,97,3094
2022-05-11 12:51:03.182251,8893,123,9016
2022-05-11 12:51:04.194491,8127,123,8250
2022-05-11 12:51:05.207937,8830,102,8932
2022-05-11 12:51:06.209705,8107,129,8236
2022-05-11 12:51:07.217898,5289,82,5371
2022-05-11 12:51:08.222597,2242,62,2304
2022-05-11 12:51:09.237204,3862,55,3917
2022-05-11 12:51:10.250505,4646,73,4719
2022-05-11 12:51:11.262908,2300,5,2305
2022-05-11 12:51:12.269624,1307,97,1404
2022-05-11 12:51:13.266095,5857,30,5887
2022-05-11 12:51:14.286092,8679,8,8687
2022-05-11 12:51:15.290503,8526,119,8645
2022-05-11 12:51:16.300852,8616,118,8734
2022-05-11 12:51:17.299479,962,145,1107
2022-05-11 12:51:18.313774,82,141,223
2022-05-11 12:51:19.317662,6972,60,7032
2022-05-11 12:51:20.325037,2278,44,2322
2022-05-11 12:51:21.332828,989,112,1101
2022-05-11 12:51:22.337049,8118,91,8209
2022-05-11 12:51:23.340269,2143,99,2242
2022-05-11 12:51:24.348817,5246,55,5301
2022-05-11 12:51:25.352407,95,130,225
2022-05-11 12:51:26.362351,7139,105,7244
2022-05-11 12:51:27.367449,5177,20,5197
2022-05-11 12:51:28.362226,7345,55,7400
2022-05-11 12:51:29.371361,5429,44,5473
2022-05-11 12:51:30.378188,4167,73,4240
2022-05-11 12:51:31.385068,4721,94,4815
2022-05-11 12:51:33.396502,6046,26,6072
2022-05-11 12:51:34.408256,5433,25,5458
2022-05-11 12:51:35.413201,1729,96,1825
2022-05-11 12:51:36.420054,2031,10,2041
2022-05-11 12:51:37.424303,981,37,1018
2022-05-11 12:51:38.433682,4904,57,4961
2022-05-11 12:51:39.442118,8676,68,8744
2022-05-11 12:51:40.444168,8448,67,8515
2022-05-11 12:51:41.454534,4381,62,4443
2022-05-11 12:51:42.461590,7009,87,7096
2022-05-11 12:51:43.454324,4558,103,4661
2022-05-11 12:51:44.471954,8527,60,8587
2022-05-11 12:51:45.470644,1513,63,1576
2022-05-11 12:51:46.481080,4948,22,4970
2022-05-11 12:51:47.485410,6882,122,7004
2022-05-11 12:51:48.491281,1173,133,1306
2022-05-11 12:51:49.501127,4060,53,4113
2022-05-11 12:51:50.504157,8286,63,8349
2022-05-11 12:51:51.507845,8975,103,9078
2022-05-11 12:51:52.511506,777,56,833
2022-05-11 12:51:53.520004,2232,137,2369
2022-05-11 12:51:54.523576,6126,47,6173
2022-05-11 12:51:55.525805,1254,93,1347
2022-05-11 12:51:56.530096,5265,48,5313
2022-05-11 12:51:57.534947,295,101,396
2022-05-11 12:51:58.540338,7522,78,7600
2022-05-11 12:51:59.545616,7262,144,7406
2022-05-11 12:52:00.552101,6560,41,6601
2022-05-11 12:52:01.557306,8091,69,8160
2022-05-11 12:52:02.562100,4899,27,4926
2022-05-11 12:52:03.567762,6461,27,6488
2022-05-11 12:52:04.575745,6928,39,6967
2022-05-11 12:52:05.582482,2183,71,2254
2022-05-11 12:52:06.586788,6866,82,6948
2022-05-11 12:52:07.591764,2497,48,2545
2022-05-11 12:52:08.601861,8491,28,8519
2022-05-11 12:52:09.599840,4445,108,4553
2022-05-11 12:52:10.612327,7152,2,7154
2022-05-11 12:52:11.618880,7591,140,7731
2022-05-11 12:52:12.621964,6087,44,6131
2022-05-11 12:52:13.629137,1532,92,1624
2022-05-11 12:52:14.637212,503,97,600
2022-05-11 12:52:15.644939,1259,87,1346
2022-05-11 12:52:16.651376,7336,53,7389
2022-05-11 12:52:17.650693,7248,129,7377
2022-05-11 12:52:18.652405,6426,40,6466
2022-05-11 12:52:19.663288,3126,150,3276
2022-05-11 12:52:20.669823,1462,75,1537
2022-05-11 12:52:21.673838,345,34,379
2022-05-11 12:52:22.683244,2046,122,2168
2022-05-11 12:52:24.698825,4049,62,4111
2022-05-11 12:52:25.712171,1657,69,1726
2022-05-11 12:52:26.713547,6378,150,6528
2022-05-11 12:52:27.720805,8105,16,8121
2022-05-11 12:52:28.724026,7514,59,7573
2022-05-11 12:52:29.728164,1549,102,1651
2022-05-11 12:52:30.732941,6852,133,6985
2022-05-11 12:52:31.740963,3783,54,3837
2022-05-11 12:52:32.745433,4829,116,4945
2022-05-11 12:52:33.748259,6445,141,6586
2022-05-11 12:52:34.757253,8804,110,8914
2022-05-11 12:52:35.761856,1272,104,1376
2022-05-11 12:52:36.764869,4907,48,4955
2022-05-11 12:52:37.773151,346,66,412
2022-05-11 12:52:38.773373,7759,150,7909
2022-05-11 12:52:39.783377,808,79,887
2022-05-11 12:52:40.790907,4734,1,4735
2022-05-11 12:52:41.791432,194,61,255
2022-05-11 12:52:42.800250,3674,138,3812
2022-05-11 12:52:43.809979,6740,55,6795
2022-05-11 12:52:44.806596,1777,58,1835
2022-05-11 12:52:45.817437,8897,103,9000
2022-05-11 12:52:46.825480,3777,22,3799
2022-05-11 12:52:47.830520,5714,73,5787
2022-05-11 12:52:48.836660,3522,55,3577
2022-05-11 12:52:49.837833,7874,20,7894
2022-05-11 12:52:50.844945,7049,2,7051
2022-05-11 12:52:51.848841,8257,32,8289
2022-05-11 12:52:52.855126,5088,131,5219
2022-05-11 12:52:53.860570,1520,94,1614
2022-05-11 12:52:54.868466,2233,39,2272
2022-05-11 12:52:55.874044,7505,112,7617
2022-05-11 12:52:56.879302,7867,18,7885
2022-05-11 12:52:57.885464,456,6,462
2022-05-11 12:52:58.891414,2721,65,2786
2022-05-11 12:52:59.888078,3201,34,3235
2022-05-11 12:53:00.905675,8505,39,8544
2022-05-11 12:53:01.912464,3053,29,3082
2022-05-11 12:53:02.916723,7648,94,7742
2022-05-11 12:53:03.923707,6426,139,6565
2022-05-11 12:53:04.927201,8694,99,8793
2022-05-11 12:53:05.930314,6201,1,6202
2022-05-11 12:53:06.940048,1556,17,1573
2022-05-11 12:53:07.944345,2635,76,2711
2022-05-11 12:53:08.937372,6167,95,6262
2022-05-11 12:53:09.950909,6165,144,6309
2022-05-11 12:53:10.954963,68,62,130
2022-05-11 12:53:11.962340,7689,48,7737
2022-05-11 12:53:12.963515,3669,142,3811
2022-05-11 12:53:13.969511,2940,96,3036
2022-05-11 12:53:14.978340,1600,76,1676
2022-05-11 12:53:15.985190,5954,10,5964
2022-05-11 12:53:16.996041,1333,125,1458
2022-05-11 12:53:17.997107,3751,40,3791
2022-05-11 12:53:19.005077,2495,33,2528
2022-05-11 12:53:20.020081,8932,92,9024
2022-05-11 12:53:21.014404,3748,147,3895
2022-05-11 12:53:22.024242,5572,107,5679
2022-05-11 12:53:23.027667,5585,19,5604
2022-05-11 12:53:24.036726,7724,54,7778
2022-05-11 12:53:25.043280,4402,78,4480
2022-05-11 12:53:26.046599,2448,82,2530
2022-05-11 12:53:27.056705,6135,29,6164
2022-05-11 12:53:28.059312,6704,150,6854
2022-05-11 12:53:29.071084,4412,46,4458
2022-05-11 12:53:30.077287,1230,114,1344
2022-05-11 12:53:31.083604,6517,76,6593
2022-05-11 12:53:32.085196,8927,4,8931
2022-05-11 12:53:33.093038,2652,31,2683
2022-05-11 12:53:34.100746,8298,77,8375
2022-05-11 12:53:35.105393,365,16,381
2022-05-11 12:53:36.109279,1707,124,1831
2022-05-11 12:53:37.113833,7709,124,7833
2022-05-11 12:53:38.119810,8245,27,8272
2022-05-11 12:53:39.130657,6598,27,6625
2022-05-11 12:53:40.130086,6567,120,6687
2022-05-11 12:53:41.139742,6790,113,6903
2022-05-11 12:53:42.142420,5309,6,5315
2022-05-11 12:53:43.150188,2775,32,2807
2022-05-11 12:53:44.154824,3282,1,3283
2022-05-11 12:53:45.162847,4188,74,4262
2022-05-11 12:53:46.163227,4923,32,4955
2022-05-11 12:53:47.177386,845,60,905
2022-05-11 12:53:48.184352,5797,122,5919
2022-05-11 12:53:49.193847,2149,102,2251
2022-05-11 12:53:50.194973,8653,26,8679
2022-05-11 12:53:51.205256,8494,55,8549
2022-05-11 12:53:52.206728,2063,20,2083
2022-05-11 12:53:53.216760,4670,72,4742
2022-05-11 12:53:54.222110,6114,101,6215
2022-05-11 12:53:55.231071,6790,96,6886
2022-05-11 12:53:56.237817,4575,4,4579
2022-05-11 12:53:57.239261,516,94,610
2022-05-11 12:53:58.245780,6984,21,7005
2022-05-11 12:53:59.251577,7525,68,7593
2022-05-11 12:54:00.258701,5771,49,5820
2022-05-11 12:54:01.256557,8707,127,8834
2022-05-11 12:54:02.272279,864,45,909
2022-05-11 12:54:03.272413,8898,46,8944
2022-05-11 12:54:04.270041,2276,48,2324
2022-05-11 12:54:05.282306,4317,23,4340
2022-05-11 12:54:06.286972,1237,55,1292
2022-05-11 12:54:07.289993,8050,77,8127
2022-05-11 12:54:08.294884,6773,48,6821
2022-05-11 12:54:09.302553,6375,111,6486
2022-05-11 12:54:10.310742,2350,65,2415
2022-05-11 12:54:11.318564,790,122,912
2022-05-11 12:54:12.320314,3683,94,3777
2022-05-11 12:54:13.322558,3819,47,3866
2022-05-11 12:54:14.325526,7286,141,7427
2022-05-11 12:54:15.335854,2628,131,2759
2022-05-11 12:54:16.333228,1788,128,1916
2022-05-11 12:54:17.343706,1349,87,1436
2022-05-11 12:54:18.346250,3222,116,3338
2022-05-11 12:54:19.357073,1753,109,1862
2022-05-11 12:54:20.363699,300,17,317
2022-05-11 12:54:21.366678,5089,54,5143
2022-05-11 12:54:22.370506,1835,112,1947
2022-05-11 12:54:23.379974,2781,24,2805
2022-05-11 12:54:24.383457,6245,24,6269
2022-05-11 12:54:25.395133,4282,125,4407
2022-05-11 12:54:26.406929,3721,81,3802
2022-05-11 12:54:27.411464,7536,124,7660
2022-05-11 12:54:28.419702,8201,107,8308
2022-05-11 12:54:29.423731,4691,106,4797
2022-05-11 12:54:30.437064,3800,114,3914
2022-05-11 12:54:31.435296,7430,127,7557
2022-05-11 12:54:32.445257,6515,96,6611
2022-05-11 12:54:33.446692,1408,33,1441
2022-05-11 12:54:34.452532,2600,46,2646
2022-05-11 12:54:35.455140,4663,21,4684
2022-05-11 12:54:36.463301,4080,59,4139
2022-05-11 12:54:37.466272,4754,15,4769
2022-05-11 12:54:38.472473,8808,19,8827
2022-05-11 12:54:39.479314,5363,132,5495
2022-05-11 12:54:40.492435,6481,55,6536
2022-05-11 12:54:41.491382,7168,120,7288
2022-05-11 12:54:42.494999,5243,123,5366
2022-05-11 12:54:43.501368,2912,102,3014
2022-05-11 12:54:44.508729,8773,69,8842
2022-05-11 12:54:45.516896,2903,19,2922
2022-05-11 12:54:46.529396,978,97,1075
2022-05-11 12:54:47.532993,5022,70,5092
2022-05-11 12:54:48.545300,8490,9,8499
2022-05-11 12:54:49.544976,481,3,484
2022-05-11 12:54:50.550431,6908,84,6992
2022-05-11 12:54:51.556393,8936,133,9069
2022-05-11 12:54:52.568030,1425,11,1436
2022-05-11 12:54:53.571227,8060,119,8179
2022-05-11 12:54:54.582227,2091,57,2148
2022-05-11 12:54:55.584368,1553,80,1633
2022-05-11 12:54:56.587706,5642,16,5658
2022-05-11 12:54:57.594435,8079,111,8190
2022-05-11 12:54:58.602219,363,104,467
2022-05-11 12:54:59.608868,1508,140,1648
2022-05-11 12:55:00.617618,1755,9,1764
2022-05-11 12:55:01.619685,5034,88,5122
2022-05-11 12:55:02.625205,8827,134,8961
2022-05-11 12:55:03.633136,6926,2,6928
2022-05-11 12:55:04.638540,186,110,296
2022-05-11 12:55:05.647963,5717,21,5738
2022-05-11 12:55:06.649875,506,48,554
2022-05-11 12:55:07.652575,7263,86,7349
2022-05-11 12:55:08.663180,5156,48,5204
2022-05-11 12:55:09.665367,8162,126,8288
2022-05-11 12:55:10.669943,5598,144,5742
2022-05-11 12:55:11.676004,6822,54,6876
2022-05-11 12:55:12.687771,737,107,844
2022-05-11 12:55:13.681126,7241,100,7341
2022-05-11 12:55:14.692987,354,140,494
2022-05-11 12:55:15.702278,6504,78,6582
2022-05-11 12:55:16.709526,6552,78,6630
2022-05-11 12:55:17.706009,6211,20,6231
2022-05-11 12:55:18.718676,6198,103,6301
2022-05-11 12:55:19.724731,1819,32,1851
2022-05-11 12:55:20.728664,6229,10,6239
2022-05-11 12:55:21.733757,6293,92,6385
2022-05-11 12:55:22.740120,2848,46,2894
2022-05-11 12:55:23.746787,1968,11,1979
2022-05-11 12:55:24.751095,5251,50,5301
2022-05-11 12:55:25.756969,8040,78,8118
2022-05-11 12:55:26.758942,2696,129,2825
2022-05-11 12:55:28.778962,2605,11,2616
2022-05-11 12:55:29.784190,3150,94,3244
2022-05-11 12:55:30.786044,8445,74,8519
2022-05-11 12:55:31.791709,8267,10,8277
2022-05-11 12:55:32.791852,3813,36,3849
2022-05-11 12:55:33.806987,6912,29,6941
2022-05-11 12:55:34.817446,3770,38,3808
2022-05-11 12:55:35.818527,6547,100,6647
2022-05-11 12:55:36.820606,4427,43,4470
2022-05-11 12:55:37.825148,675,29,704
2022-05-11 12:55:38.836743,1202,74,1276
2022-05-11 12:55:39.834381,1948,121,2069
2022-05-11 12:55:40.839150,4787,49,4836
2022-05-11 12:55:41.844344,6387,72,6459
2022-05-11 12:55:42.849701,7128,114,7242
2022-05-11 12:55:43.862489,7925,127,8052
2022-05-11 12:55:44.867361,5750,26,5776
2022-05-11 12:55:45.874952,5735,143,5878
2022-05-11 12:55:46.880508,6461,38,6499
2022-05-11 12:55:47.876133,3393,143,3536
2022-05-11 12:55:48.888985,2710,80,2790
2022-05-11 12:55:49.889481,5102,110,5212
2022-05-11 12:55:50.895612,3072,64,3136
2022-05-11 12:55:51.902935,3635,54,3689
2022-05-11 12:55:52.906554,2006,137,2143
2022-05-11 12:55:53.911472,8923,46,8969
2022-05-11 12:55:54.914128,3521,119,3640
2022-05-11 12:55:55.922194,8114,69,8183
2022-05-11 12:55:56.924309,3439,126,3565
2022-05-11 12:55:57.930240,428,60,488
2022-05-11 12:55:58.936152,2626,92,2718
2022-05-11 12:55:59.939910,4184,108,4292
2022-05-11 12:56:00.943548,5020,121,5141
2022-05-11 12:56:01.953347,8620,141,8761
2022-05-11 12:56:02.957019,6468,133,6601
2022-05-11 12:56:03.965407,7091,66,7157
2022-05-11 12:56:04.978051,684,127,811
2022-05-11 12:56:05.985070,4223,84,4307
2022-05-11 12:56:06.992893,4136,56,4192
2022-05-11 12:56:07.994213,3298,33,3331
2022-05-11 12:56:09.003896,1467,45,1512
2022-05-11 12:56:10.011085,5054,69,5123
2022-05-11 12:56:11.019294,2347,44,2391
2022-05-11 12:56:12.023568,4597,96,4693
2022-05-11 12:56:13.031195,1841,41,1882
2022-05-11 12:56:14.036653,7557,73,7630
2022-05-11 12:56:15.039210,1037,60,1097
2022-05-11 12:56:16.050670,280,5,285
2022-05-11 12:56:17.057682,7008,147,7155
2022-05-11 12:56:18.062780,4065,116,4181
2022-05-11 12:56:19.071508,7793,90,7883
2022-05-11 12:56:20.075079,2785,59,2844
2022-05-11 12:56:21.083795,1369,126,1495
2022-05-11 12:56:22.085871,5963,14,5977
2022-05-11 12:56:23.088124,2114,16,2130
2022-05-11 12:56:24.097510,7963,90,8053
2022-05-11 12:56:25.098945,528,82,610
2022-05-11 12:56:26.108533,2306,94,2400
2022-05-11 12:56:27.118170,4415,28,4443
2022-05-11 12:56:28.116219,3016,44,3060
2022-05-11 12:56:29.127260,31,13,44
2022-05-11 12:56:30.139695,5836,56,5892
2022-05-11 12:56:31.147305,1757,46,1803
2022-05-11 12:56:32.148389,3987,67,4054
2022-05-11 12:56:33.161211,6289,66,6355
2022-05-11 12:56:34.167008,6243,88,6331
2022-05-11 12:56:35.172911,4951,102,5053
2022-05-11 12:56:36.174833,4235,8,4243
2022-05-11 12:56:37.182799,4108,30,4138
2022-05-11 12:56:38.190466,85,66,151
2022-05-11 12:56:39.197554,6412,148,6560
2022-05-11 12:56:40.199472,8883,100,8983
2022-05-11 12:56:41.206552,2722,150,2872
2022-05-11 12:56:42.209811,4307,51,4358
2022-05-11 12:56:43.222210,5405,30,5435
2022-05-11 12:56:44.223874,3032,36,3068
2022-05-11 12:56:45.226687,8728,34,8762
2022-05-11 12:56:46.233988,8068,133,8201
2022-05-11 12:56:47.241061,3924,85,4009
2022-05-11 12:56:48.239054,5840,72,5912
2022-05-11 12:56:49.240697,7788,119,7907
2022-05-11 12:56:50.258123,7700,36,7736
2022-05-11 12:56:51.263671,2376,127,2503
2022-05-11 12:56:52.271021,3407,128,3535
2022-05-11 12:56:53.272878,1879,143,2022
2022-05-11 12:56:54.275448,5172,34,5206
2022-05-11 12:56:55.286621,2213,95,2308
2022-05-11 12:56:56.288486,2549,145,2694
2022-05-11 12:56:57.294496,5383,53,5436
2022-05-11 12:56:58.303348,7347,80,7427
2022-05-11 12:56:59.306557,1239,122,1361
2022-05-11 12:57:00.320363,8367,116,8483
2022-05-11 12:57:01.323363,3311,46,3357
2022-05-11 12:57:02.331996,2011,109,2120
2022-05-11 12:57:03.339165,2330,28,2358
2022-05-11 12:57:04.331945,1134,147,1281
2022-05-11 12:57:05.345569,1528,146,1674
2022-05-11 12:57:06.353577,7722,5,7727
2022-05-11 12:57:07.365360,7355,9,7364
2022-05-11 12:57:08.364551,4434,89,4523
2022-05-11 12:57:09.375528,8010,49,8059
2022-05-11 12:57:10.379226,5116,77,5193
2022-05-11 12:57:11.385206,1802,60,1862
2022-05-11 12:57:12.390249,3130,53,3183
2022-05-11 12:57:13.393586,6627,54,6681
2022-05-11 12:57:14.400469,5289,102,5391
2022-05-11 12:57:15.407955,4107,45,4152
2022-05-11 12:57:16.413284,5490,20,5510
2022-05-11 12:57:17.419411,3441,51,3492
2022-05-11 12:57:18.430665,6467,56,6523
2022-05-11 12:57:19.438537,1654,10,1664
2022-05-11 12:57:20.440206,6721,112,6833
2022-05-11 12:57:21.448429,6638,63,6701
2022-05-11 12:57:22.451360,8450,130,8580
2022-05-11 12:57:23.454190,1857,23,1880
2022-05-11 12:57:24.460845,1745,7,1752
2022-05-11 12:57:25.464879,768,73,841
2022-05-11 12:57:26.468043,6952,57,7009
2022-05-11 12:57:27.473962,180,89,269
2022-05-11 12:57:28.482893,741,139,880
2022-05-11 12:57:29.485112,2710,79,2789
2022-05-11 12:57:30.488392,2810,141,2951
2022-05-11 12:57:31.490106,5000,50,5050
2022-05-11 12:57:32.490420,5602,6,5608
2022-05-11 12:57:33.502001,6715,60,6775
2022-05-11 12:57:34.506485,8653,18,8671
2022-05-11 12:57:35.511276,1097,43,1140
2022-05-11 12:57:36.521008,5635,21,5656
2022-05-11 12:57:37.523616,1391,94,1485
2022-05-11 12:57:38.532803,867,122,989
2022-05-11 12:57:39.540610,7874,89,7963
2022-05-11 12:57:40.545890,8894,80,8974
2022-05-11 12:57:41.543563,8123,94,8217
2022-05-11 12:57:42.555928,6433,108,6541
2022-05-11 12:57:43.562584,5654,82,5736
2022-05-11 12:57:44.574873,566,2,568
2022-05-11 12:57:45.578122,6215,70,6285
2022-05-11 12:57:46.590765,1146,73,1219
2022-05-11 12:57:47.595437,5610,87,5697
2022-05-11 12:57:48.607948,7673,63,7736
2022-05-11 12:57:49.612082,985,29,1014
2022-05-11 12:57:50.617129,868,96,964
2022-05-11 12:57:51.621495,3656,140,3796
2022-05-11 12:57:52.632550,5256,9,5265
2022-05-11 12:57:53.639807,3156,113,3269
2022-05-11 12:57:54.644989,1980,8,1988
2022-05-11 12:57:55.655738,3898,149,4047
2022-05-11 12:57:56.655227,6980,124,7104
2022-05-11 12:57:57.662877,5219,60,5279
2022-05-11 12:57:58.666487,7771,104,7875
2022-05-11 12:58:00.675739,3989,54,4043
2022-05-11 12:58:01.682672,6478,56,6534
2022-05-11 12:58:02.689068,8845,9,8854
2022-05-11 12:58:03.696855,3070,100,3170
2022-05-11 12:58:04.703239,7776,78,7854
2022-05-11 12:58:05.703850,5557,40,5597
2022-05-11 12:58:06.709007,1938,136,2074
2022-05-11 12:58:07.723886,7629,73,7702
2022-05-11 12:58:08.729599,1901,104,2005
2022-05-11 12:58:09.731089,239,32,271
2022-05-11 12:58:10.739180,6620,107,6727
2022-05-11 12:58:11.736391,4806,114,4920
2022-05-11 12:58:12.743062,7787,82,7869
2022-05-11 12:58:13.747278,8961,108,9069
2022-05-11 12:58:14.758399,2702,39,2741
2022-05-11 12:58:15.765924,4269,97,4366
2022-05-11 12:58:16.773779,8223,122,8345
2022-05-11 12:58:17.778554,6848,50,6898
2022-05-11 12:58:18.785647,7309,141,7450
2022-05-11 12:58:19.791425,6034,95,6129
2022-05-11 12:58:20.786478,7675,139,7814
2022-05-11 12:58:21.804068,5288,112,5400
2022-05-11 12:58:22.808370,86,80,166
2022-05-11 12:58:23.810471,8766,28,8794
2022-05-11 12:58:24.815495,1416,9,1425
2022-05-11 12:58:25.820690,4972,21,4993
2022-05-11 12:58:26.836213,8306,107,8413
2022-05-11 12:58:27.838612,3097,47,3144
2022-05-11 12:58:28.843123,4673,132,4805
2022-05-11 12:58:29.852167,2559,111,2670
2022-05-11 12:58:30.859271,5520,26,5546
2022-05-11 12:58:31.865885,2432,144,2576
2022-05-11 12:58:32.870597,8228,105,8333
2022-05-11 12:58:33.874405,5454,96,5550
2022-05-11 12:58:34.885531,2041,134,2175
2022-05-11 12:58:35.881702,7934,121,8055
2022-05-11 12:58:36.894228,3713,140,3853
2022-05-11 12:58:37.901179,8952,119,9071
2022-05-11 12:58:38.902340,7241,125,7366
2022-05-11 12:58:39.908483,8369,100,8469
2022-05-11 12:58:40.912286,5622,150,5772
2022-05-11 12:58:41.913374,683,1,684
2022-05-11 12:58:42.924678,1648,88,1736
2022-05-11 12:58:43.935641,3453,149,3602
2022-05-11 12:58:44.940920,7809,86,7895
2022-05-11 12:58:45.946061,2094,134,2228
2022-05-11 12:58:46.954401,2816,136,2952
2022-05-11 12:58:47.959223,8787,88,8875
2022-05-11 12:58:48.966015,2298,73,2371
2022-05-11 12:58:49.972118,3334,44,3378
2022-05-11 12:58:50.979067,7249,124,7373
2022-05-11 12:58:51.979887,6790,72,6862
2022-05-11 12:58:52.985492,8647,90,8737
2022-05-11 12:58:53.995615,4396,64,4460
2022-05-11 12:58:55.003633,2729,78,2807
2022-05-11 12:58:56.015780,2601,47,2648
2022-05-11 12:58:57.021532,3886,52,3938
2022-05-11 12:58:58.025246,3465,48,3513
2022-05-11 12:58:59.032502,7576,13,7589
2022-05-11 12:59:00.034435,5179,23,5202
2022-05-11 12:59:01.047043,2605,131,2736
2022-05-11 12:59:02.052898,5181,69,5250
2022-05-11 12:59:03.060717,8058,26,8084
2022-05-11 12:59:04.061783,6131,82,6213
2022-05-11 12:59:05.067731,8109,9,8118
2022-05-11 12:59:06.064483,1133,8,1141
2022-05-11 12:59:07.073911,5642,2,5644
2022-05-11 12:59:08.079137,4477,71,4548
2022-05-11 12:59:09.086782,5088,123,5211
2022-05-11 12:59:10.088439,6253,46,6299
2022-05-11 12:59:11.099883,3791,148,3939
2022-05-11 12:59:12.104498,4040,29,4069
2022-05-11 12:59:13.112402,3999,60,4059
2022-05-11 12:59:14.114520,825,13,838
2022-05-11 12:59:15.122931,2319,66,2385
2022-05-11 12:59:16.125254,3184,65,3249
2022-05-11 12:59:17.136398,3560,66,3626
2022-05-11 12:59:18.141324,5352,59,5411
2022-05-11 12:59:19.150623,3455,98,3553
2022-05-11 12:59:20.153448,6739,34,6773
2022-05-11 12:59:21.158076,8205,81,8286
2022-05-11 12:59:22.162903,2254,49,2303
2022-05-11 12:59:23.174172,3930,123,4053
2022-05-11 12:59:24.175377,4262,38,4300
2022-05-11 12:59:25.183602,54,106,160
2022-05-11 12:59:26.189420,791,102,893
2022-05-11 12:59:27.197941,1666,45,1711
2022-05-11 12:59:28.204496,993,60,1053
2022-05-11 12:59:29.207687,6091,37,6128
2022-05-11 12:59:30.214883,3635,4,3639
2022-05-11 12:59:31.220717,8431,66,8497
2022-05-11 12:59:32.222953,4231,28,4259
2022-05-11 12:59:33.225209,4863,12,4875
2022-05-11 12:59:34.229574,7541,80,7621
2022-05-11 12:59:35.233841,8607,136,8743
2022-05-11 12:59:36.241738,3224,122,3346
2022-05-11 12:59:37.235560,7540,8,7548
2022-05-11 12:59:38.245438,8459,94,8553
2022-05-11 12:59:39.245773,855,148,1003
2022-05-11 12:59:40.253137,7338,116,7454
2022-05-11 12:59:41.257305,8879,133,9012
2022-05-11 12:59:42.268963,1733,69,1802
2022-05-11 12:59:43.274426,1320,48,1368
2022-05-11 12:59:44.279719,4566,137,4703
2022-05-11 12:59:45.290353,5916,81,5997
2022-05-11 12:59:46.288677,5155,85,5240
2022-05-11 12:59:47.301115,2746,7,2753
2022-05-11 12:59:48.306909,1608,136,1744
2022-05-11 12:59:49.318067,3880,91,3971
2022-05-11 12:59:50.322493,1466,129,1595
2022-05-11 12:59:51.324188,8763,99,8862
2022-05-11 12:59:52.322263,6127,70,6197
2022-05-11 12:59:53.334042,7359,127,7486
2022-05-11 12:59:54.336645,3338,103,3441
2022-05-11 12:59:55.346164,6063,100,6163
2022-05-11 12:59:56.352856,3806,150,3956
2022-05-11 12:59:57.360122,2140,36,2176
2022-05-11 12:59:58.364664,3195,55,3250
2022-05-11 12:59:59.374551,3854,139,3993
2022-05-11 13:00:00.380205,7262,133,7395
2022-05-11 13:00:01.390330,431,63,494
2022-05-11 13:00:02.393154,5123,116,5239
2022-05-11 13:00:03.406152,8958,142,9100
2022-05-11 13:00:04.409738,4335,148,4483
2022-05-11 13:00:05.414109,4443,44,4487
2022-05-11 13:00:06.422495,6606,102,6708
2022-05-11 13:00:07.427915,1437,131,1568
2022-05-11 13:00:08.435033,219,90,309
2022-05-11 13:00:09.441071,4201,112,4313
2022-05-11 13:00:10.448642,8446,90,8536
2022-05-11 13:00:11.448029,8220,150,8370
2022-05-11 13:00:12.457738,8481,70,8551
2022-05-11 13:00:13.465244,6228,52,6280
2022-05-11 13:00:14.471060,6224,73,6297
2022-05-11 13:00:15.474559,5342,32,5374
2022-05-11 13:00:16.477754,1119,23,1142
2022-05-11 13:00:17.487415,3700,37,3737
2022-05-11 13:00:18.491545,359,5,364
2022-05-11 13:00:19.494183,8731,14,8745
2022-05-11 13:00:20.501557,8555,97,8652
2022-05-11 13:00:21.505653,7450,12,7462
2022-05-11 13:00:22.516027,1752,140,1892
2022-05-11 13:00:23.517424,4568,20,4588
2022-05-11 13:00:24.529546,6169,33,6202
2022-05-11 13:00:25.536804,7606,71,7677
2022-05-11 13:00:26.542746,6892,4,6896
2022-05-11 13:00:27.553260,3751,62,3813
2022-05-11 13:00:28.559097,2612,26,2638
2022-05-11 13:00:29.571799,7310,107,7417
2022-05-11 13:00:30.577643,1493,39,1532
2022-05-11 13:00:31.580605,444,118,562
2022-05-11 13:00:32.590682,6407,146,6553
2022-05-11 13:00:33.594896,8203,134,8337
2022-05-11 13:00:34.600876,5279,126,5405
2022-05-11 13:00:35.606615,1943,69,2012
2022-05-11 13:00:36.611619,6529,21,6550
2022-05-11 13:00:37.620584,4666,14,4680
2022-05-11 13:00:38.626068,3673,118,3791
2022-05-11 13:00:39.630575,3753,123,3876
2022-05-11 13:00:40.635214,5626,72,5698
2022-05-11 13:00:41.644462,3160,149,3309
2022-05-11 13:00:42.652608,989,137,1126
2022-05-11 13:00:43.656674,2848,51,2899
2022-05-11 13:00:44.658631,3806,34,3840
2022-05-11 13:00:45.662375,3919,120,4039
2022-05-11 13:00:46.668280,1248,33,1281
2022-05-11 13:00:47.677120,4529,130,4659
2022-05-11 13:00:48.680719,3435,82,3517
2022-05-11 13:00:49.692150,5259,15,5274
2022-05-11 13:00:50.694454,5342,30,5372
2022-05-11 13:00:51.702447,5291,149,5440
2022-05-11 13:00:52.710005,3894,125,4019
2022-05-11 13:00:53.702523,6357,42,6399
2022-05-11 13:00:54.715120,8444,117,8561
2022-05-11 13:00:55.721837,8034,133,8167
2022-05-11 13:00:56.729724,2318,60,2378
2022-05-11 13:00:57.727643,8648,1,8649
2022-05-11 13:00:58.742167,688,71,759
2022-05-11 13:00:59.747567,2346,18,2364
2022-05-11 13:01:00.749575,4318,130,4448
2022-05-11 13:01:01.759496,1734,15,1749
2022-05-11 13:01:02.763739,3483,138,3621
2022-05-11 13:01:03.770743,5409,39,5448
2022-05-11 13:01:04.774115,5892,57,5949
2022-05-11 13:01:05.784160,4038,108,4146
2022-05-11 13:01:06.784938,8072,82,8154
2022-05-11 13:01:07.791066,8897,47,8944
2022-05-11 13:01:08.785848,2014,114,2128
2022-05-11 13:01:09.799615,48,15,63
2022-05-11 13:01:10.793818,403,91,494
2022-05-11 13:01:11.804522,46,15,61
2022-05-11 13:01:12.813055,3095,136,3231
2022-05-11 13:01:13.815761,3112,33,3145
2022-05-11 13:01:14.825500,7949,60,8009
2022-05-11 13:01:15.832818,539,98,637
2022-05-11 13:01:16.841329,6078,13,6091
2022-05-11 13:01:17.847914,3387,83,3470
2022-05-11 13:01:18.856325,4257,135,4392
2022-05-11 13:01:19.860216,2821,41,2862
2022-05-11 13:01:20.868914,1138,91,1229
2022-05-11 13:01:21.873181,1389,74,1463
2022-05-11 13:01:22.876289,5754,107,5861
2022-05-11 13:01:23.881499,5942,77,6019
2022-05-11 13:01:24.894892,7457,38,7495
2022-05-11 13:01:25.899417,4548,133,4681
2022-05-11 13:01:26.905144,6787,36,6823
2022-05-11 13:01:27.920344,6238,82,6320
2022-05-11 13:01:28.925089,6210,51,6261
2022-05-11 13:01:29.929920,5726,116,5842
2022-05-11 13:01:30.937753,2172,71,2243
2022-05-11 13:01:31.941295,5660,136,5796
2022-05-11 13:01:32.946003,3232,16,3248
2022-05-11 13:01:33.949012,5816,136,5952
2022-05-11 13:01:34.956276,404,33,437
2022-05-11 13:01:35.960243,5358,126,5484
2022-05-11 13:01:36.968327,1596,36,1632
2022-05-11 13:01:37.977843,3346,70,3416
2022-05-11 13:01:38.980526,4530,96,4626
2022-05-11 13:01:39.990891,1408,3,1411
2022-05-11 13:01:40.996253,1588,88,1676
2022-05-11 13:01:41.998476,6520,45,6565
2022-05-11 13:01:43.005471,483,50,533
2022-05-11 13:01:44.010102,5744,25,5769
2022-05-11 13:01:45.016211,2846,64,2910
2022-05-11 13:01:46.028012,1215,66,1281
2022-05-11 13:01:47.035413,1774,46,1820
2022-05-11 13:01:48.039655,1375,122,1497
2022-05-11 13:01:49.044442,1105,12,1117
2022-05-11 13:01:50.053052,3578,43,3621
2022-05-11 13:01:51.058702,5001,61,5062
2022-05-11 13:01:52.067414,8054,64,8118
2022-05-11 13:01:53.069099,1460,55,1515
2022-05-11 13:01:54.073962,4323,110,4433
2022-05-11 13:01:55.089310,6069,148,6217
2022-05-11 13:01:56.087173,6640,73,6713
2022-05-11 13:01:57.094209,8357,33,8390
2022-05-11 13:01:58.103106,3462,98,3560
2022-05-11 13:01:59.105385,4957,140,5097
2022-05-11 13:02:00.113731,5757,87,5844
2022-05-11 13:02:01.121078,2775,15,2790
2022-05-11 13:02:02.126130,484,6,490
2022-05-11 13:02:03.128136,7418,128,7546
2022-05-11 13:02:04.138147,2187,60,2247
2022-05-11 13:02:05.142968,8964,59,9023
2022-05-11 13:02:06.150533,8184,65,8249
2022-05-11 13:02:07.153421,8400,5,8405
2022-05-11 13:02:08.159633,5360,85,5445
2022-05-11 13:02:09.167792,6772,62,6834
2022-05-11 13:02:10.160159,7738,48,7786
2022-05-11 13:02:11.175228,3590,40,3630
2022-05-11 13:02:12.182385,8957,77,9034
2022-05-11 13:02:13.189610,2348,52,2400
2022-05-11 13:02:14.200203,3538,89,3627
2022-05-11 13:02:15.198696,4540,140,4680
2022-05-11 13:02:16.208046,8853,44,8897
2022-05-11 13:02:17.211081,7209,53,7262
2022-05-11 13:02:18.218820,2172,56,2228
2022-05-11 13:02:19.225787,1579,145,1724
2022-05-11 13:02:20.233748,4980,6,4986
2022-05-11 13:02:21.235302,6346,93,6439
2022-05-11 13:02:22.247958,6775,54,6829
2022-05-11 13:02:23.251007,3145,21,3166
2022-05-11 13:02:24.257775,8326,64,8390
2022-05-11 13:02:25.252770,1243,109,1352
2022-05-11 13:02:26.269502,5802,135,5937
2022-05-11 13:02:27.270742,7336,90,7426
2022-05-11 13:02:28.274441,3542,141,3683
2022-05-11 13:02:29.282332,8844,64,8908
2022-05-11 13:02:30.289295,7555,47,7602
2022-05-11 13:02:31.296330,7520,61,7581
2022-05-11 13:02:32.294110,6955,141,7096
2022-05-11 13:02:33.304129,3042,88,3130
2022-05-11 13:02:34.306861,8654,29,8683
2022-05-11 13:02:35.318572,2767,74,2841
2022-05-11 13:02:36.322424,4441,120,4561
2022-05-11 13:02:37.325449,1883,78,1961
2022-05-11 13:02:38.330968,3733,128,3861
2022-05-11 13:02:39.341298,527,69,596
2022-05-11 13:02:40.358206,3752,66,3818
2022-05-11 13:02:41.362905,4102,7,4109
2022-05-11 13:02:42.365496,475,58,533
2022-05-11 13:02:43.380231,6645,46,6691
2022-05-11 13:02:44.385156,3582,71,3653
2022-05-11 13:02:45.394431,2415,36,2451
2022-05-11 13:02:46.397459,1408,14,1422
2022-05-11 13:02:47.404150,3144,1,3145
2022-05-11 13:02:48.415550,8225,80,8305
2022-05-11 13:02:49.421650,2305,5,2310
2022-05-11 13:02:50.429810,453,44,497
2022-05-11 13:02:51.434755,7976,118,8094
2022-05-11 13:02:52.438745,4312,42,4354
2022-05-11 13:02:53.448603,112,145,257
2022-05-11 13:02:54.455259,1175,145,1320
2022-05-11 13:02:55.460435,6412,93,6505
2022-05-11 13:02:56.466364,7074,38,7112
2022-05-11 13:02:57.471437,5920,72,5992
2022-05-11 13:02:58.484556,1168,37,1205
2022-05-11 13:02:59.484556,5037,106,5143
2022-05-11 13:03:00.492812,4635,134,4769
2022-05-11 13:03:02.507070,7837,4,7841
2022-05-11 13:03:03.510522,6329,119,6448
2022-05-11 13:03:04.525959,4973,143,5116
2022-05-11 13:03:05.524604,527,131,658
2022-05-11 13:03:06.533660,6300,7,6307
2022-05-11 13:03:07.540831,4790,81,4871
2022-05-11 13:03:08.545122,8836,82,8918
2022-05-11 13:03:09.551455,5896,64,5960
2022-05-11 13:03:10.559747,3671,41,3712
2022-05-11 13:03:11.560771,2491,30,2521
2022-05-11 13:03:12.561567,4656,121,4777
2022-05-11 13:03:13.572930,3416,7,3423
2022-05-11 13:03:14.578445,2044,74,2118
2022-05-11 13:03:15.583065,8886,60,8946
2022-05-11 13:03:16.589818,5637,140,5777
2022-05-11 13:03:17.598053,5638,55,5693
2022-05-11 13:03:18.609734,5647,77,5724
2022-05-11 13:03:19.604493,3652,80,3732
2022-05-11 13:03:20.613896,819,141,960
2022-05-11 13:03:21.620617,2411,67,2478
2022-05-11 13:03:22.626593,2426,45,2471
2022-05-11 13:03:23.630118,8946,45,8991
2022-05-11 13:03:24.631822,4402,91,4493
2022-05-11 13:03:25.636099,7625,120,7745
2022-05-11 13:03:26.640456,5492,115,5607
2022-05-11 13:03:27.644505,7494,41,7535
2022-05-11 13:03:28.653869,7668,54,7722
2022-05-11 13:03:29.659321,2207,35,2242
2022-05-11 13:03:30.669858,5897,118,6015
2022-05-11 13:03:31.675611,4858,124,4982
2022-05-11 13:03:32.680505,8847,51,8898
2022-05-11 13:03:33.687798,4070,140,4210
2022-05-11 13:03:34.688887,2415,121,2536
2022-05-11 13:03:35.692233,8957,141,9098
2022-05-11 13:03:36.700146,7264,38,7302
2022-05-11 13:03:37.707517,2355,17,2372
2022-05-11 13:03:38.716332,7591,99,7690
2022-05-11 13:03:39.723263,8334,135,8469
2022-05-11 13:03:40.726340,6094,110,6204
2022-05-11 13:03:41.723332,1634,82,1716
2022-05-11 13:03:42.739316,2941,74,3015
2022-05-11 13:03:43.746566,2805,1,2806
2022-05-11 13:03:44.743726,4594,136,4730
2022-05-11 13:03:45.756540,7995,5,8000
2022-05-11 13:03:46.761768,8356,124,8480
2022-05-11 13:03:47.772783,5255,126,5381
2022-05-11 13:03:48.772924,4641,53,4694
2022-05-11 13:03:49.781001,1890,140,2030
2022-05-11 13:03:50.784883,6231,9,6240
2022-05-11 13:03:51.796637,3971,29,4000
2022-05-11 13:03:52.802716,5513,4,5517
2022-05-11 13:03:53.811335,1403,113,1516
2022-05-11 13:03:54.815280,8322,96,8418
2022-05-11 13:03:55.824531,7579,99,7678
2022-05-11 13:03:56.821605,4638,112,4750
2022-05-11 13:03:57.834723,5090,35,5125
2022-05-11 13:03:58.844613,8032,118,8150
2022-05-11 13:03:59.850159,5211,88,5299
2022-05-11 13:04:00.854450,3510,110,3620
2022-05-11 13:04:01.854558,1442,68,1510
2022-05-11 13:04:02.864113,8462,90,8552
2022-05-11 13:04:03.862919,1176,80,1256
2022-05-11 13:04:04.871353,5915,56,5971
2022-05-11 13:04:05.881146,5405,65,5470
2022-05-11 13:04:06.887435,1242,72,1314
2022-05-11 13:04:07.897537,3337,78,3415
2022-05-11 13:04:08.901971,1653,139,1792
2022-05-11 13:04:09.905548,1934,84,2018
2022-05-11 13:04:10.911487,7885,30,7915
2022-05-11 13:04:11.917135,5870,44,5914
2022-05-11 13:04:12.926022,5923,25,5948
2022-05-11 13:04:13.930031,1262,54,1316
2022-05-11 13:04:14.932824,2002,25,2027
2022-05-11 13:04:15.939788,1912,21,1933
2022-05-11 13:04:17.955109,481,48,529
2022-05-11 13:04:18.956106,8549,108,8657
2022-05-11 13:04:19.959634,2243,47,2290
2022-05-11 13:04:20.969375,838,98,936
2022-05-11 13:04:21.980547,8873,115,8988
2022-05-11 13:04:22.979798,2489,138,2627
2022-05-11 13:04:23.983118,4426,43,4469
2022-05-11 13:04:24.986870,789,139,928
2022-05-11 13:04:25.990651,1010,61,1071
2022-05-11 13:04:26.996034,1169,71,1240
2022-05-11 13:04:27.999642,2792,92,2884
2022-05-11 13:04:29.012626,4877,114,4991
2022-05-11 13:04:30.018029,5435,18,5453
2022-05-11 13:04:31.023107,5306,75,5381
2022-05-11 13:04:32.033833,8519,118,8637
2022-05-11 13:04:33.044871,5434,145,5579
2022-05-11 13:04:34.052118,8829,106,8935
2022-05-11 13:04:35.055946,6486,93,6579
2022-05-11 13:04:36.068143,131,64,195
2022-05-11 13:04:37.070999,2817,50,2867
2022-05-11 13:04:38.075737,5267,23,5290
2022-05-11 13:04:39.079645,7045,35,7080
2022-05-11 13:04:40.085582,8119,18,8137
2022-05-11 13:04:41.092442,793,10,803
2022-05-11 13:04:42.098993,5433,120,5553
2022-05-11 13:04:43.100740,2990,61,3051
2022-05-11 13:04:44.110154,7363,69,7432
2022-05-11 13:04:45.115425,3385,51,3436
2022-05-11 13:04:46.118827,418,127,545
2022-05-11 13:04:47.130192,7191,35,7226
2022-05-11 13:04:48.133840,5164,60,5224
2022-05-11 13:04:49.144637,7784,50,7834
2022-05-11 13:04:50.147027,7257,96,7353
2022-05-11 13:04:51.154572,2541,37,2578
2022-05-11 13:04:52.159185,1751,41,1792
2022-05-11 13:04:53.165181,2920,15,2935
2022-05-11 13:04:54.174449,8618,61,8679
2022-05-11 13:04:55.178830,2653,9,2662
2022-05-11 13:04:56.186871,4592,88,4680
2022-05-11 13:04:57.192726,5211,4,5215
2022-05-11 13:04:58.187917,5418,128,5546
2022-05-11 13:04:59.208695,1759,121,1880
2022-05-11 13:05:00.208357,552,125,677
2022-05-11 13:05:01.216896,2246,35,2281
2022-05-11 13:05:02.221201,3859,142,4001
2022-05-11 13:05:03.220884,6745,132,6877
2022-05-11 13:05:04.235306,2254,144,2398
2022-05-11 13:05:05.239016,4922,32,4954
2022-05-11 13:05:06.244944,6532,26,6558
2022-05-11 13:05:07.249665,8309,126,8435
2022-05-11 13:05:08.258608,3308,98,3406
2022-05-11 13:05:09.265399,4107,36,4143
2022-05-11 13:05:10.273571,7180,41,7221
2022-05-11 13:05:11.277857,7041,107,7148
2022-05-11 13:05:12.282721,3594,137,3731
2022-05-11 13:05:13.283018,2269,88,2357
2022-05-11 13:05:14.291265,8099,40,8139
2022-05-11 13:05:15.299381,6163,98,6261
2022-05-11 13:05:16.305860,4133,114,4247
2022-05-11 13:05:17.309547,8510,129,8639
2022-05-11 13:05:18.315972,1382,2,1384
2022-05-11 13:05:19.325673,7918,111,8029
2022-05-11 13:05:20.331257,7909,132,8041
2022-05-11 13:05:21.339953,698,142,840
2022-05-11 13:05:22.341030,1374,117,1491
2022-05-11 13:05:23.351482,6583,106,6689
2022-05-11 13:05:24.358807,1266,79,1345
2022-05-11 13:05:25.366313,8744,10,8754
2022-05-11 13:05:26.370843,8005,45,8050
2022-05-11 13:05:27.373636,5912,29,5941
2022-05-11 13:05:28.381312,5111,38,5149
2022-05-11 13:05:29.390362,8244,24,8268
2022-05-11 13:05:30.394976,6179,18,6197
2022-05-11 13:05:31.394377,5527,30,5557
2022-05-11 13:05:32.405331,5339,105,5444
2022-05-11 13:05:33.409166,5210,132,5342
2022-05-11 13:05:34.417078,1052,121,1173
2022-05-11 13:05:35.424906,7292,22,7314
2022-05-11 13:05:36.436068,5336,115,5451
2022-05-11 13:05:37.437627,5184,97,5281
2022-05-11 13:05:38.449922,8916,61,8977
2022-05-11 13:05:39.459232,5358,18,5376
2022-05-11 13:05:40.462709,398,95,493
2022-05-11 13:05:41.469717,408,49,457
2022-05-11 13:05:42.474879,2535,90,2625
2022-05-11 13:05:43.477602,2695,142,2837
2022-05-11 13:05:44.483352,7703,36,7739
2022-05-11 13:05:45.489738,4793,132,4925
2022-05-11 13:05:46.496226,4884,50,4934
2022-05-11 13:05:47.507331,4510,20,4530
2022-05-11 13:05:48.505103,8537,16,8553
2022-05-11 13:05:49.512855,7294,110,7404
2022-05-11 13:05:50.516297,8596,54,8650
2022-05-11 13:05:51.529882,8344,38,8382
2022-05-11 13:05:52.534028,5168,113,5281
2022-05-11 13:05:53.547763,6637,118,6755
2022-05-11 13:05:54.547779,4365,32,4397
2022-05-11 13:05:55.558882,4842,108,4950
2022-05-11 13:05:56.561322,7322,15,7337
2022-05-11 13:05:57.568171,1013,105,1118
2022-05-11 13:05:58.571497,657,83,740
2022-05-11 13:05:59.572800,8632,68,8700
2022-05-11 13:06:00.583934,1542,22,1564
2022-05-11 13:06:01.590776,8108,66,8174
2022-05-11 13:06:02.600899,88,122,210
2022-05-11 13:06:03.603353,6649,30,6679
2022-05-11 13:06:04.610377,5561,100,5661
2022-05-11 13:06:05.620907,3579,50,3629
2022-05-11 13:06:06.623231,5679,29,5708
2022-05-11 13:06:07.629729,7670,82,7752
2022-05-11 13:06:08.637843,4789,103,4892
2022-05-11 13:06:09.643911,1066,147,1213
2022-05-11 13:06:10.648469,6509,85,6594
2022-05-11 13:06:11.655861,4065,115,4180
2022-05-11 13:06:12.662728,5436,66,5502
2022-05-11 13:06:13.665615,2803,122,2925
2022-05-11 13:06:14.659517,72,112,184
2022-05-11 13:06:15.673687,7341,85,7426
2022-05-11 13:06:16.680004,1797,124,1921
2022-05-11 13:06:17.687778,4064,32,4096
2022-05-11 13:06:18.693628,6350,114,6464
2022-05-11 13:06:19.702237,1232,95,1327
2022-05-11 13:06:20.708591,1038,108,1146
2022-05-11 13:06:21.713736,7468,122,7590
2022-05-11 13:06:22.718878,6740,65,6805
2022-05-11 13:06:23.725642,7630,6,7636
2022-05-11 13:06:24.732727,7457,32,7489
2022-05-11 13:06:25.739246,2386,72,2458
2022-05-11 13:06:26.741332,6319,44,6363
2022-05-11 13:06:27.749415,5455,21,5476
2022-05-11 13:06:28.756909,7881,86,7967
2022-05-11 13:06:29.752763,1960,37,1997
2022-05-11 13:06:30.766496,6568,59,6627
2022-05-11 13:06:31.773360,2496,109,2605
2022-05-11 13:06:32.777380,615,134,749
2022-05-11 13:06:33.795657,1514,18,1532
2022-05-11 13:06:34.794945,6418,95,6513
2022-05-11 13:06:35.810546,8247,137,8384
2022-05-11 13:06:36.813647,3686,1,3687
2022-05-11 13:06:37.828699,2778,99,2877
2022-05-11 13:06:38.834244,6251,18,6269
2022-05-11 13:06:39.840203,7641,56,7697
2022-05-11 13:06:40.841388,6340,100,6440
2022-05-11 13:06:41.848279,4340,44,4384
2022-05-11 13:06:42.857985,4839,112,4951
2022-05-11 13:06:43.862725,5691,20,5711
2022-05-11 13:06:44.869997,6205,137,6342
2022-05-11 13:06:45.869929,5794,4,5798
2022-05-11 13:06:46.878483,2132,22,2154
2022-05-11 13:06:47.887489,6565,100,6665
2022-05-11 13:06:48.891528,3712,35,3747
2022-05-11 13:06:49.907489,5159,3,5162
2022-05-11 13:06:50.912313,7576,87,7663
2022-05-11 13:06:51.922384,1683,59,1742
2022-05-11 13:06:52.928602,3615,39,3654
2022-05-11 13:06:53.933020,7241,59,7300
2022-05-11 13:06:54.936823,287,8,295
2022-05-11 13:06:55.941647,4450,132,4582
2022-05-11 13:06:56.951047,690,149,839
2022-05-11 13:06:57.957358,1556,89,1645
2022-05-11 13:06:58.959279,6455,88,6543
2022-05-11 13:06:59.964855,8750,148,8898
2022-05-11 13:07:00.968903,269,144,413
2022-05-11 13:07:01.971827,4531,72,4603
2022-05-11 13:07:02.982907,8737,51,8788
2022-05-11 13:07:03.990991,2634,107,2741
2022-05-11 13:07:04.994102,6256,25,6281
2022-05-11 13:07:06.004131,512,24,536
2022-05-11 13:07:07.005520,5729,61,5790
2022-05-11 13:07:08.005319,4614,67,4681
2022-05-11 13:07:09.020033,6676,61,6737
2022-05-11 13:07:10.024976,2833,109,2942
2022-05-11 13:07:11.031383,7153,50,7203
2022-05-11 13:07:12.040277,3143,10,3153
2022-05-11 13:07:13.046365,698,33,731
2022-05-11 13:07:14.050576,6199,10,6209
2022-05-11 13:07:15.059342,30,44,74
2022-05-11 13:07:16.063971,1688,83,1771
2022-05-11 13:07:17.081398,3887,20,3907
2022-05-11 13:07:18.087866,4531,80,4611
2022-05-11 13:07:19.089041,2070,72,2142
2022-05-11 13:07:20.094105,4312,122,4434
2022-05-11 13:07:21.099493,3990,49,4039
2022-05-11 13:07:22.105693,5718,48,5766
2022-05-11 13:07:23.117588,4715,119,4834
2022-05-11 13:07:24.126286,3012,79,3091
2022-05-11 13:07:25.125123,5514,15,5529
2022-05-11 13:07:26.129933,329,51,380
2022-05-11 13:07:27.136983,8505,62,8567
2022-05-11 13:07:28.147562,2362,11,2373
2022-05-11 13:07:29.157825,7474,81,7555
2022-05-11 13:07:30.163626,8633,124,8757
2022-05-11 13:07:31.161655,5489,14,5503
2022-05-11 13:07:32.172936,3804,78,3882
2022-05-11 13:07:33.176986,2993,56,3049
2022-05-11 13:07:34.184446,7447,40,7487
2022-05-11 13:07:35.193347,5652,23,5675
2022-05-11 13:07:36.194875,598,87,685
2022-05-11 13:07:37.207119,564,32,596
2022-05-11 13:07:38.211929,6130,23,6153
2022-05-11 13:07:39.226888,6458,146,6604
2022-05-11 13:07:40.224449,6873,57,6930
2022-05-11 13:07:41.232099,690,43,733
2022-05-11 13:07:42.235421,2930,104,3034
2022-05-11 13:07:43.244678,796,146,942
2022-05-11 13:07:44.249980,3323,128,3451
2022-05-11 13:07:45.257124,201,36,237
2022-05-11 13:07:46.248155,1379,82,1461
2022-05-11 13:07:47.263002,7366,80,7446
2022-05-11 13:07:48.265980,7356,99,7455
2022-05-11 13:07:49.270814,6531,127,6658
2022-05-11 13:07:50.276370,5496,63,5559
2022-05-11 13:07:51.284665,786,6,792
2022-05-11 13:07:52.294719,3465,96,3561
2022-05-11 13:07:53.301774,5297,43,5340
2022-05-11 13:07:54.304961,8658,111,8769
2022-05-11 13:07:55.315030,5511,133,5644
2022-05-11 13:07:56.323585,610,5,615
2022-05-11 13:07:57.329228,2873,120,2993
2022-05-11 13:07:58.338362,3347,31,3378
2022-05-11 13:07:59.344977,6161,88,6249
2022-05-11 13:08:00.353514,3999,112,4111
2022-05-11 13:08:01.344274,6622,31,6653
2022-05-11 13:08:02.358866,2674,52,2726
2022-05-11 13:08:03.358862,5915,148,6063
2022-05-11 13:08:04.369577,2770,116,2886
2022-05-11 13:08:05.373719,5241,48,5289
2022-05-11 13:08:06.381951,4411,97,4508
2022-05-11 13:08:07.373681,8362,70,8432
2022-05-11 13:08:08.394574,4205,132,4337
2022-05-11 13:08:09.396242,8696,25,8721
2022-05-11 13:08:10.403567,2955,90,3045
2022-05-11 13:08:11.408334,4965,148,5113
2022-05-11 13:08:12.419087,2223,50,2273
2022-05-11 13:08:13.420001,3438,3,3441
2022-05-11 13:08:14.428721,2925,53,2978
2022-05-11 13:08:15.437963,6,9,15
2022-05-11 13:08:16.443315,3475,135,3610
2022-05-11 13:08:17.441604,4430,104,4534
2022-05-11 13:08:18.450664,3810,9,3819
2022-05-11 13:08:19.457526,8963,61,9024
2022-05-11 13:08:20.468813,8594,144,8738
2022-05-11 13:08:21.473132,6949,107,7056
2022-05-11 13:08:22.481274,2572,20,2592
2022-05-11 13:08:23.482815,2342,125,2467
2022-05-11 13:08:24.491057,6357,60,6417
2022-05-11 13:08:25.497664,4802,135,4937
2022-05-11 13:08:26.506296,4413,100,4513
2022-05-11 13:08:27.509867,5843,5,5848
2022-05-11 13:08:28.513057,6415,66,6481
2022-05-11 13:08:29.523894,4755,142,4897
2022-05-11 13:08:30.531671,1436,88,1524
2022-05-11 13:08:31.535540,1695,59,1754
2022-05-11 13:08:32.541548,2910,147,3057
2022-05-11 13:08:33.545391,4680,11,4691
2022-05-11 13:08:34.555643,1365,126,1491
2022-05-11 13:08:35.563171,197,5,202
2022-05-11 13:08:36.567668,4165,115,4280
2022-05-11 13:08:37.580026,6593,143,6736
2022-05-11 13:08:38.582726,6125,114,6239
2022-05-11 13:08:39.585705,6107,2,6109
2022-05-11 13:08:40.595943,4890,23,4913
2022-05-11 13:08:41.599411,485,84,569
2022-05-11 13:08:42.607365,3569,25,3594
2022-05-11 13:08:43.612888,7000,137,7137
2022-05-11 13:08:44.617854,1234,80,1314
2022-05-11 13:08:45.627094,3038,129,3167
2022-05-11 13:08:46.630708,3696,12,3708
2022-05-11 13:08:47.639004,1419,73,1492
2022-05-11 13:08:48.647636,4976,61,5037
2022-05-11 13:08:49.653066,3978,143,4121
2022-05-11 13:08:50.662027,7774,9,7783
2022-05-11 13:08:51.669906,4845,150,4995
2022-05-11 13:08:52.677550,7278,29,7307
2022-05-11 13:08:53.684302,2748,5,2753
2022-05-11 13:08:54.685488,3481,65,3546
2022-05-11 13:08:55.690982,505,37,542
2022-05-11 13:08:56.702582,2151,101,2252
2022-05-11 13:08:57.711063,7832,144,7976
2022-05-11 13:08:58.717760,5938,46,5984
2022-05-11 13:08:59.725867,4030,76,4106
2022-05-11 13:09:00.729834,1044,150,1194
2022-05-11 13:09:01.738913,5633,119,5752
2022-05-11 13:09:02.731351,4055,21,4076
2022-05-11 13:09:03.743507,5018,118,5136
2022-05-11 13:09:04.749103,5949,30,5979
2022-05-11 13:09:05.756304,452,6,458
2022-05-11 13:09:06.755519,840,26,866
2022-05-11 13:09:07.767755,61,43,104
2022-05-11 13:09:08.770871,3750,119,3869
2022-05-11 13:09:09.776062,5846,48,5894
2022-05-11 13:09:10.782059,5556,10,5566
2022-05-11 13:09:11.789135,5020,134,5154
2022-05-11 13:09:12.795121,6369,49,6418
2022-05-11 13:09:13.802567,8845,54,8899
2022-05-11 13:09:14.803672,507,138,645
2022-05-11 13:09:15.811581,8506,102,8608
2022-05-11 13:09:16.814083,349,4,353
2022-05-11 13:09:17.810745,919,40,959
2022-05-11 13:09:18.826251,7845,11,7856
2022-05-11 13:09:19.833679,4331,149,4480
2022-05-11 13:09:20.844130,970,32,1002
2022-05-11 13:09:21.846608,2409,71,2480
2022-05-11 13:09:22.854411,977,34,1011
2022-05-11 13:09:23.860878,6635,110,6745
2022-05-11 13:09:24.868137,8542,137,8679
2022-05-11 13:09:25.870754,2969,86,3055
2022-05-11 13:09:26.877337,3727,94,3821
2022-05-11 13:09:27.880815,4823,2,4825
2022-05-11 13:09:29.895078,5544,148,5692
2022-05-11 13:09:30.900371,6519,75,6594
2022-05-11 13:09:31.910809,4215,113,4328
2022-05-11 13:09:32.918710,1889,107,1996
2022-05-11 13:09:33.923706,204,128,332
2022-05-11 13:09:34.929704,754,7,761
2022-05-11 13:09:35.940956,6464,60,6524
2022-05-11 13:09:36.948278,8009,57,8066
2022-05-11 13:09:37.952745,755,77,832
2022-05-11 13:09:38.962098,851,104,955
2022-05-11 13:09:39.971351,2026,105,2131
2022-05-11 13:09:40.972474,8156,43,8199
2022-05-11 13:09:41.978165,885,35,920
2022-05-11 13:09:42.988109,7403,2,7405
2022-05-11 13:09:43.994064,8953,41,8994
2022-05-11 13:09:45.001875,5979,134,6113
2022-05-11 13:09:46.013145,2664,136,2800
2022-05-11 13:09:47.015813,5042,31,5073
2022-05-11 13:09:48.019853,1537,123,1660
2022-05-11 13:09:49.023791,6081,47,6128
2022-05-11 13:09:50.032427,8734,69,8803
2022-05-11 13:09:51.037524,6744,12,6756
2022-05-11 13:09:52.048080,6393,108,6501
2022-05-11 13:09:53.053973,3717,63,3780
2022-05-11 13:09:54.055266,1788,45,1833
2022-05-11 13:09:55.061197,1633,9,1642
2022-05-11 13:09:56.062725,365,136,501
2022-05-11 13:09:57.070402,7961,73,8034
2022-05-11 13:09:58.071913,5335,2,5337
2022-05-11 13:09:59.079115,8911,110,9021
2022-05-11 13:10:00.086062,6453,82,6535
2022-05-11 13:10:01.083594,5860,11,5871
2022-05-11 13:10:02.093391,2404,16,2420
2022-05-11 13:10:03.100987,2923,116,3039
2022-05-11 13:10:04.109907,7451,127,7578
2022-05-11 13:10:05.123751,7156,52,7208
2022-05-11 13:10:06.130176,6073,47,6120
2022-05-11 13:10:07.135958,1311,43,1354
2022-05-11 13:10:08.144126,4433,64,4497
2022-05-11 13:10:09.146987,3788,149,3937
2022-05-11 13:10:10.155774,6806,130,6936
2022-05-11 13:10:11.163793,7085,116,7201
2022-05-11 13:10:12.166362,1573,83,1656
2022-05-11 13:10:13.172666,2786,36,2822
2022-05-11 13:10:14.182432,1016,147,1163
2022-05-11 13:10:15.187724,1849,98,1947
2022-05-11 13:10:16.188838,2733,4,2737
2022-05-11 13:10:17.203580,4512,88,4600
2022-05-11 13:10:18.205723,6676,80,6756
2022-05-11 13:10:19.209563,6736,111,6847
2022-05-11 13:10:20.221053,531,150,681
2022-05-11 13:10:21.223211,1274,69,1343
2022-05-11 13:10:22.235052,8596,148,8744
2022-05-11 13:10:23.242996,2184,79,2263
2022-05-11 13:10:24.245838,5536,143,5679
2022-05-11 13:10:25.259090,4192,120,4312
2022-05-11 13:10:26.264150,2732,5,2737
2022-05-11 13:10:27.271609,3609,149,3758
2022-05-11 13:10:28.275706,1726,9,1735
2022-05-11 13:10:29.280412,4214,77,4291
2022-05-11 13:10:30.289933,2037,33,2070
2022-05-11 13:10:31.294346,1090,30,1120
2022-05-11 13:10:32.301918,2854,95,2949
2022-05-11 13:10:33.302945,8811,72,8883
2022-05-11 13:10:34.304996,3923,4,3927
2022-05-11 13:10:35.321038,3967,84,4051
2022-05-11 13:10:36.324607,985,11,996
2022-05-11 13:10:37.332544,293,13,306
2022-05-11 13:10:38.339048,6685,143,6828
2022-05-11 13:10:39.337665,8967,25,8992
2022-05-11 13:10:40.350668,7025,87,7112
2022-05-11 13:10:41.357989,1681,61,1742
2022-05-11 13:10:42.360956,7074,110,7184
2022-05-11 13:10:43.365997,4709,142,4851
2022-05-11 13:10:44.370134,7648,42,7690
2022-05-11 13:10:45.377516,3900,119,4019
2022-05-11 13:10:46.385581,4718,103,4821
2022-05-11 13:10:47.390698,8963,50,9013
2022-05-11 13:10:48.397455,237,35,272
2022-05-11 13:10:49.389295,5126,120,5246
2022-05-11 13:10:50.405081,4178,90,4268
2022-05-11 13:10:51.411145,2642,77,2719
2022-05-11 13:10:52.418976,7124,142,7266
2022-05-11 13:10:53.422441,7646,89,7735
2022-05-11 13:10:54.428235,212,82,294
2022-05-11 13:10:55.432022,6207,111,6318
2022-05-11 13:10:56.437536,3477,106,3583
2022-05-11 13:10:57.445857,4090,99,4189
2022-05-11 13:10:58.451121,5031,82,5113
2022-05-11 13:11:00.455675,705,21,726
2022-05-11 13:11:01.468075,5102,147,5249
2022-05-11 13:11:02.477142,7551,9,7560
2022-05-11 13:11:03.481679,8894,77,8971
2022-05-11 13:11:04.490898,4669,92,4761
2022-05-11 13:11:05.499470,6374,23,6397
2022-05-11 13:11:06.510382,554,48,602
2022-05-11 13:11:07.516083,8612,133,8745
2022-05-11 13:11:08.521093,4593,119,4712
2022-05-11 13:11:09.527721,942,94,1036
2022-05-11 13:11:10.533038,295,100,395
2022-05-11 13:11:11.536208,1078,15,1093
2022-05-11 13:11:12.547987,3501,21,3522
2022-05-11 13:11:13.549849,3067,44,3111
2022-05-11 13:11:14.551986,3957,124,4081
2022-05-11 13:11:15.558301,2598,127,2725
2022-05-11 13:11:16.563366,8990,146,9136
2022-05-11 13:11:17.569546,7257,15,7272
2022-05-11 13:11:18.576360,922,43,965
2022-05-11 13:11:19.582106,5243,12,5255
2022-05-11 13:11:20.589059,4135,89,4224
2022-05-11 13:11:21.594804,6717,9,6726
2022-05-11 13:11:22.603197,1739,74,1813
2022-05-11 13:11:23.607403,5617,18,5635
2022-05-11 13:11:24.613386,6569,111,6680
2022-05-11 13:11:25.612352,5255,10,5265
2022-05-11 13:11:26.625262,948,27,975
2022-05-11 13:11:27.638274,6377,145,6522
2022-05-11 13:11:28.641597,7166,50,7216
2022-05-11 13:11:29.645599,7090,21,7111
2022-05-11 13:11:30.649361,635,5,640
2022-05-11 13:11:31.655224,4155,89,4244
2022-05-11 13:11:32.661192,1384,150,1534
2022-05-11 13:11:33.671881,3104,124,3228
2022-05-11 13:11:34.673903,2422,97,2519
2022-05-11 13:11:35.680999,4839,121,4960
2022-05-11 13:11:36.683205,2520,40,2560
2022-05-11 13:11:37.688282,3775,22,3797
2022-05-11 13:11:38.693820,2734,54,2788
2022-05-11 13:11:39.699613,6750,105,6855
2022-05-11 13:11:40.708420,3266,95,3361
2022-05-11 13:11:41.705605,4755,29,4784
2022-05-11 13:11:42.714309,8649,52,8701
2022-05-11 13:11:43.722914,3980,35,4015
2022-05-11 13:11:44.720784,1504,56,1560
2022-05-11 13:11:45.733708,4900,3,4903
2022-05-11 13:11:46.745549,2772,75,2847
2022-05-11 13:11:47.752691,4100,103,4203
2022-05-11 13:11:48.760098,2373,131,2504
2022-05-11 13:11:49.761427,2210,115,2325
2022-05-11 13:11:50.768804,1815,11,1826
2022-05-11 13:11:51.781320,8029,60,8089
2022-05-11 13:11:52.789486,2933,34,2967
2022-05-11 13:11:53.795571,7738,81,7819
2022-05-11 13:11:54.798406,7363,143,7506
2022-05-11 13:11:55.807939,4631,122,4753
2022-05-11 13:11:56.814104,6765,122,6887
2022-05-11 13:11:57.821646,6661,39,6700
2022-05-11 13:11:58.825675,1014,86,1100
2022-05-11 13:11:59.833298,5869,21,5890
2022-05-11 13:12:00.839600,7993,14,8007
2022-05-11 13:12:01.846886,2271,6,2277
2022-05-11 13:12:02.853311,6975,1,6976
2022-05-11 13:12:03.863190,6251,102,6353
2022-05-11 13:12:04.866334,3140,61,3201
2022-05-11 13:12:05.859408,5786,42,5828
2022-05-11 13:12:06.872657,2603,141,2744
2022-05-11 13:12:07.875622,8549,43,8592
2022-05-11 13:12:08.884488,7591,2,7593
2022-05-11 13:12:09.890382,4579,80,4659
2022-05-11 13:12:10.904981,5951,110,6061
2022-05-11 13:12:11.904358,1888,5,1893
2022-05-11 13:12:12.917349,42,92,134
2022-05-11 13:12:13.917211,992,145,1137
2022-05-11 13:12:14.925966,2944,55,2999
2022-05-11 13:12:15.934631,266,115,381
2022-05-11 13:12:16.939745,4337,140,4477
2022-05-11 13:12:17.956370,1373,95,1468
2022-05-11 13:12:18.963773,1112,119,1231
2022-05-11 13:12:19.974203,2338,47,2385
2022-05-11 13:12:20.966726,8684,1,8685
2022-05-11 13:12:21.984126,2772,148,2920
2022-05-11 13:12:22.993457,5142,131,5273
2022-05-11 13:12:23.999571,3417,126,3543
2022-05-11 13:12:25.002291,2361,133,2494
2022-05-11 13:12:26.010676,2608,12,2620
2022-05-11 13:12:27.016621,6805,75,6880
2022-05-11 13:12:28.031237,1447,135,1582
2022-05-11 13:12:29.030989,6630,86,6716
2022-05-11 13:12:30.049356,1710,39,1749
2022-05-11 13:12:31.061614,1178,58,1236
2022-05-11 13:12:32.072520,7927,115,8042
2022-05-11 13:12:33.078338,2845,38,2883
2022-05-11 13:12:34.082921,3227,27,3254
2022-05-11 13:12:35.091988,6792,27,6819
2022-05-11 13:12:36.104702,5090,145,5235
2022-05-11 13:12:37.117761,3875,144,4019
2022-05-11 13:12:38.123675,734,16,750
2022-05-11 13:12:39.133192,8917,66,8983
2022-05-11 13:12:40.130772,7153,99,7252
2022-05-11 13:12:41.141361,2021,95,2116
2022-05-11 13:12:42.149380,2007,53,2060
2022-05-11 13:12:43.164681,7337,131,7468
2022-05-11 13:12:44.175933,8832,81,8913
2022-05-11 13:12:45.179721,7260,42,7302
2022-05-11 13:12:46.188427,1311,70,1381
2022-05-11 13:12:47.192968,5985,75,6060
2022-05-11 13:12:49.206980,7417,7,7424
2022-05-11 13:12:50.216645,8958,132,9090
2022-05-11 13:12:51.225372,8365,148,8513
2022-05-11 13:12:52.227002,15,88,103
2022-05-11 13:12:53.241989,8743,51,8794
2022-05-11 13:12:54.257313,2923,64,2987
2022-05-11 13:12:55.266260,8709,32,8741
2022-05-11 13:12:56.273892,7724,141,7865
2022-05-11 13:12:57.282717,2294,52,2346
2022-05-11 13:12:58.291937,4775,132,4907
2022-05-11 13:12:59.302612,861,143,1004
2022-05-11 13:13:00.307800,7905,113,8018
2022-05-11 13:13:01.314533,43,65,108
2022-05-11 13:13:02.325694,4974,73,5047
2022-05-11 13:13:03.331062,2207,27,2234
2022-05-11 13:13:04.341486,4348,38,4386
2022-05-11 13:13:05.346114,1328,114,1442
2022-05-11 13:13:06.355660,8340,100,8440
2022-05-11 13:13:07.361891,3318,44,3362
2022-05-11 13:13:08.368447,2615,69,2684
2022-05-11 13:13:09.372932,6091,66,6157
2022-05-11 13:13:10.379540,4724,43,4767
2022-05-11 13:13:11.389882,3156,93,3249
2022-05-11 13:13:12.386648,3525,92,3617
2022-05-11 13:13:13.393159,5415,125,5540
2022-05-11 13:13:14.406902,4162,149,4311
2022-05-11 13:13:15.411774,1179,68,1247
2022-05-11 13:13:16.420681,3479,141,3620
2022-05-11 13:13:17.428426,7079,104,7183
2022-05-11 13:13:18.437987,2027,37,2064
2022-05-11 13:13:19.446751,8773,56,8829
2022-05-11 13:13:20.457067,5889,47,5936
2022-05-11 13:13:21.468846,1903,36,1939
2022-05-11 13:13:22.467551,5022,125,5147
2022-05-11 13:13:23.476720,2592,15,2607
2022-05-11 13:13:24.489139,6698,149,6847
2022-05-11 13:13:25.489249,4092,36,4128
2022-05-11 13:13:26.498517,4696,25,4721
2022-05-11 13:13:28.515063,6987,35,7022
2022-05-11 13:13:29.518010,8418,134,8552
2022-05-11 13:13:30.530933,5697,21,5718
2022-05-11 13:13:31.534698,8789,149,8938
2022-05-11 13:13:32.547166,7751,106,7857
2022-05-11 13:13:33.567544,678,139,817
2022-05-11 13:13:34.565609,651,41,692
2022-05-11 13:13:35.577846,5069,57,5126
2022-05-11 13:13:36.579708,1444,118,1562
2022-05-11 13:13:37.579584,241,20,261
2022-05-11 13:13:38.592719,2245,43,2288
2022-05-11 13:13:39.596010,2294,26,2320
2022-05-11 13:13:40.613885,236,94,330
2022-05-11 13:13:41.628126,179,50,229
2022-05-11 13:13:42.620842,3353,28,3381
2022-05-11 13:13:43.631884,2572,61,2633
2022-05-11 13:13:44.635383,5330,89,5419
2022-05-11 13:13:45.644761,235,143,378
2022-05-11 13:13:46.658831,4935,55,4990
2022-05-11 13:13:47.665618,5105,37,5142
2022-05-11 13:13:48.671144,6873,28,6901
2022-05-11 13:13:49.678955,4889,88,4977
2022-05-11 13:13:50.683756,4920,23,4943
2022-05-11 13:13:51.694720,495,98,593
2022-05-11 13:13:52.688395,2585,21,2606
2022-05-11 13:13:53.707025,8916,92,9008
2022-05-11 13:13:54.709976,1472,80,1552
2022-05-11 13:13:55.719062,3672,14,3686
2022-05-11 13:13:56.723771,3334,64,3398
2022-05-11 13:13:58.740570,5933,53,5986
2022-05-11 13:13:59.752181,473,149,622
2022-05-11 13:14:00.765756,2153,131,2284
2022-05-11 13:14:01.767311,5900,61,5961
2022-05-11 13:14:02.773444,5939,13,5952
2022-05-11 13:14:03.780737,2011,138,2149
2022-05-11 13:14:04.783138,5034,105,5139
2022-05-11 13:14:05.795993,2561,58,2619
2022-05-11 13:14:06.803657,3577,100,3677
2022-05-11 13:14:07.820707,5206,16,5222
2022-05-11 13:14:08.823178,6662,78,6740
2022-05-11 13:14:09.827529,5642,54,5696
2022-05-11 13:14:10.833089,7887,79,7966
2022-05-11 13:14:11.834676,8511,83,8594
2022-05-11 13:14:12.833585,7162,78,7240
2022-05-11 13:14:13.839356,6565,27,6592
2022-05-11 13:14:14.848818,1174,7,1181
2022-05-11 13:14:15.850997,2778,103,2881
2022-05-11 13:14:16.855423,8134,122,8256
2022-05-11 13:14:17.867356,1124,112,1236
2022-05-11 13:14:18.869439,2803,122,2925
2022-05-11 13:14:19.880433,8001,134,8135
2022-05-11 13:14:20.879536,3633,67,3700
2022-05-11 13:14:21.885118,3047,53,3100
2022-05-11 13:14:22.888366,8539,7,8546
2022-05-11 13:14:23.899979,8688,3,8691
2022-05-11 13:14:24.905701,5434,103,5537
2022-05-11 13:14:25.917591,8746,62,8808
2022-05-11 13:14:26.923657,3616,27,3643
2022-05-11 13:14:27.927870,4132,75,4207
2022-05-11 13:14:28.937436,3923,109,4032
2022-05-11 13:14:29.944427,3639,31,3670
2022-05-11 13:14:30.949605,322,6,328
2022-05-11 13:14:31.956183,5160,26,5186
2022-05-11 13:14:32.963145,6260,142,6402
2022-05-11 13:14:33.967059,931,82,1013
2022-05-11 13:14:34.978434,7930,45,7975
2022-05-11 13:14:35.982440,421,61,482
2022-05-11 13:14:36.988247,8492,47,8539
2022-05-11 13:14:37.992424,2581,121,2702
2022-05-11 13:14:38.996576,8897,92,8989
2022-05-11 13:14:39.998407,2186,69,2255
2022-05-11 13:14:41.005560,3569,24,3593
2022-05-11 13:14:42.008418,386,39,425
2022-05-11 13:14:43.014086,1637,86,1723
2022-05-11 13:14:44.014898,7918,21,7939
2022-05-11 13:14:45.030267,2109,24,2133
2022-05-11 13:14:46.036918,2484,142,2626
2022-05-11 13:14:47.041209,2458,98,2556
2022-05-11 13:14:48.046049,2602,42,2644
2022-05-11 13:14:49.052728,8595,133,8728
2022-05-11 13:14:50.058104,6496,56,6552
2022-05-11 13:14:51.068087,40,111,151
2022-05-11 13:14:52.073974,2850,131,2981
2022-05-11 13:14:53.078140,7260,27,7287
2022-05-11 13:14:54.079528,8015,122,8137
2022-05-11 13:14:55.089726,6055,70,6125
2022-05-11 13:14:56.100348,6491,71,6562
2022-05-11 13:14:57.109220,1641,46,1687
2022-05-11 13:14:58.112668,6446,94,6540
2022-05-11 13:14:59.123503,8994,54,9048
2022-05-11 13:15:00.128722,5599,53,5652
2022-05-11 13:15:01.139977,5597,57,5654
2022-05-11 13:15:02.140707,6558,128,6686
2022-05-11 13:15:03.149481,2148,108,2256
2022-05-11 13:15:04.154627,190,149,339
2022-05-11 13:15:05.164763,1053,90,1143
2022-05-11 13:15:06.166233,8809,101,8910
2022-05-11 13:15:07.171892,865,28,893
2022-05-11 13:15:08.181058,5132,65,5197
2022-05-11 13:15:10.183681,3986,46,4032
2022-05-11 13:15:11.193545,7204,38,7242
2022-05-11 13:15:12.194628,8295,15,8310
2022-05-11 13:15:13.206558,6599,126,6725
2022-05-11 13:15:14.217134,862,123,985
2022-05-11 13:15:15.226045,3481,86,3567
2022-05-11 13:15:16.230534,392,121,513
2022-05-11 13:15:17.239435,6993,34,7027
2022-05-11 13:15:18.248126,5638,131,5769
2022-05-11 13:15:19.255233,8517,124,8641
2022-05-11 13:15:20.260444,5148,62,5210
2022-05-11 13:15:21.273157,2249,106,2355
2022-05-11 13:15:22.277191,6245,98,6343
2022-05-11 13:15:23.280004,6865,137,7002
2022-05-11 13:15:24.280713,4861,47,4908
2022-05-11 13:15:25.297177,4623,36,4659
2022-05-11 13:15:26.298754,855,114,969
2022-05-11 13:15:27.303102,4471,100,4571
2022-05-11 13:15:28.314253,1661,42,1703
2022-05-11 13:15:29.322036,6088,13,6101
2022-05-11 13:15:30.330674,5280,97,5377
2022-05-11 13:15:31.327892,1350,84,1434
2022-05-11 13:15:32.337414,4340,33,4373
2022-05-11 13:15:33.345992,5609,146,5755
2022-05-11 13:15:34.353425,3721,15,3736
2022-05-11 13:15:35.359163,3259,22,3281
2022-05-11 13:15:36.370505,7351,13,7364
2022-05-11 13:15:37.372004,1505,137,1642
2022-05-11 13:15:38.380888,2814,86,2900
2022-05-11 13:15:39.385101,233,118,351
2022-05-11 13:15:40.390373,6378,122,6500
2022-05-11 13:15:41.395235,1732,23,1755
2022-05-11 13:15:42.406606,4259,119,4378
2022-05-11 13:15:43.407530,1281,42,1323
2022-05-11 13:15:44.412533,8481,108,8589
2022-05-11 13:15:45.416250,6319,115,6434
2022-05-11 13:15:46.426617,7786,54,7840
2022-05-11 13:15:47.435204,3016,133,3149
2022-05-11 13:15:48.440837,7428,107,7535
2022-05-11 13:15:49.445683,7261,93,7354
2022-05-11 13:15:50.449248,6362,13,6375
2022-05-11 13:15:51.458705,7300,31,7331
2022-05-11 13:15:52.462455,348,84,432
2022-05-11 13:15:53.459914,8991,121,9112
2022-05-11 13:15:54.472685,1662,26,1688
2022-05-11 13:15:55.478438,7757,22,7779
2022-05-11 13:15:56.485378,2935,10,2945
2022-05-11 13:15:57.488878,954,129,1083
2022-05-11 13:15:58.496702,7772,65,7837
2022-05-11 13:15:59.500382,3638,119,3757
2022-05-11 13:16:00.506140,3588,34,3622
2022-05-11 13:16:01.510624,8769,112,8881
2022-05-11 13:16:02.519678,1520,17,1537
2022-05-11 13:16:03.517885,1405,34,1439
2022-05-11 13:16:04.528634,578,5,583
2022-05-11 13:16:05.531050,5197,116,5313
2022-05-11 13:16:06.536035,3347,26,3373
2022-05-11 13:16:07.542416,5671,89,5760
2022-05-11 13:16:08.550444,8866,79,8945
2022-05-11 13:16:09.551579,7087,38,7125
2022-05-11 13:16:10.555731,5162,105,5267
2022-05-11 13:16:11.573979,6663,49,6712
2022-05-11 13:16:12.574454,4428,149,4577
2022-05-11 13:16:13.577891,4057,115,4172
2022-05-11 13:16:14.583056,416,71,487
2022-05-11 13:16:15.589474,4030,138,4168
2022-05-11 13:16:16.595638,3377,72,3449
2022-05-11 13:16:17.606169,1461,17,1478
2022-05-11 13:16:18.609402,3441,26,3467
2022-05-11 13:16:19.614495,8271,24,8295
2022-05-11 13:16:20.618610,1016,45,1061
2022-05-11 13:16:21.624765,7165,103,7268
2022-05-11 13:16:22.632973,7597,22,7619
2022-05-11 13:16:23.638618,6866,26,6892
2022-05-11 13:16:24.649845,24,144,168
2022-05-11 13:16:25.642443,2495,149,2644
2022-05-11 13:16:26.654110,1061,76,1137
2022-05-11 13:16:27.668400,3670,5,3675
2022-05-11 13:16:28.670232,6224,51,6275
2022-05-11 13:16:29.678490,2487,56,2543
2022-05-11 13:16:30.687687,4061,76,4137
2022-05-11 13:16:31.690755,6914,108,7022
2022-05-11 13:16:32.702572,7791,37,7828
2022-05-11 13:16:33.707732,4649,41,4690
2022-05-11 13:16:34.713488,5706,12,5718
2022-05-11 13:16:35.719675,4683,66,4749
2022-05-11 13:16:36.724444,5752,15,5767
2022-05-11 13:16:37.737693,1360,80,1440
2022-05-11 13:16:38.738404,1412,111,1523
2022-05-11 13:16:40.743063,2427,107,2534
2022-05-11 13:16:41.752181,6676,17,6693
2022-05-11 13:16:42.753298,5606,27,5633
2022-05-11 13:16:43.765611,541,94,635
2022-05-11 13:16:44.768959,7972,75,8047
2022-05-11 13:16:45.781953,3797,142,3939
2022-05-11 13:16:46.781692,5617,115,5732
2022-05-11 13:16:47.788714,5757,53,5810
2022-05-11 13:16:48.793016,799,131,930
2022-05-11 13:16:49.800458,3605,88,3693
2022-05-11 13:16:50.801026,7821,102,7923
2022-05-11 13:16:51.814388,2463,115,2578
2022-05-11 13:16:52.816254,3009,101,3110
2022-05-11 13:16:53.824872,7270,124,7394
2022-05-11 13:16:54.825697,8938,90,9028
2022-05-11 13:16:55.831372,6073,20,6093
2022-05-11 13:16:56.835833,6646,95,6741
2022-05-11 13:16:57.843574,7526,76,7602
2022-05-11 13:16:58.856228,6288,78,6366
2022-05-11 13:16:59.860326,6789,1,6790
2022-05-11 13:17:00.868347,2769,34,2803
2022-05-11 13:17:01.877441,7866,114,7980
2022-05-11 13:17:02.877563,1893,11,1904
2022-05-11 13:17:03.885209,1705,8,1713
2022-05-11 13:17:04.895972,4345,123,4468
2022-05-11 13:17:05.902028,6609,131,6740
2022-05-11 13:17:06.902949,5305,52,5357
2022-05-11 13:17:07.913702,5948,143,6091
2022-05-11 13:17:08.921518,4869,25,4894
2022-05-11 13:17:09.928372,3088,64,3152
2022-05-11 13:17:10.935080,207,53,260
2022-05-11 13:17:11.938277,6165,124,6289
2022-05-11 13:17:12.948735,1783,47,1830
2022-05-11 13:17:13.958202,2565,137,2702
2022-05-11 13:17:14.963669,4194,20,4214
2022-05-11 13:17:15.971796,8557,71,8628
2022-05-11 13:17:16.983154,6276,84,6360
2022-05-11 13:17:17.988283,6416,108,6524
2022-05-11 13:17:18.992162,3476,96,3572
2022-05-11 13:17:19.994892,132,22,154
2022-05-11 13:17:21.001701,4237,150,4387
2022-05-11 13:17:22.012836,8020,79,8099
2022-05-11 13:17:23.016939,320,95,415
2022-05-11 13:17:24.027872,2339,110,2449
2022-05-11 13:17:25.029151,5048,5,5053
2022-05-11 13:17:26.035398,5127,92,5219
2022-05-11 13:17:27.039250,33,29,62
2022-05-11 13:17:28.051651,3034,50,3084
2022-05-11 13:17:29.056404,3132,93,3225
2022-05-11 13:17:30.059565,7540,117,7657
2022-05-11 13:17:32.067702,6771,141,6912
2022-05-11 13:17:33.080748,3392,17,3409
2022-05-11 13:17:34.082615,5364,43,5407
2022-05-11 13:17:35.088885,8468,128,8596
2022-05-11 13:17:36.097565,3528,82,3610
2022-05-11 13:17:37.101497,2823,112,2935
2022-05-11 13:17:38.105295,1327,41,1368
2022-05-11 13:17:39.114933,3911,21,3932
2022-05-11 13:17:40.118355,1664,127,1791
2022-05-11 13:17:42.126910,3461,37,3498
2022-05-11 13:17:43.137838,4670,143,4813
2022-05-11 13:17:44.142613,3112,107,3219
2022-05-11 13:17:45.147466,89,24,113
2022-05-11 13:17:46.150946,8113,59,8172
2022-05-11 13:17:47.162258,1373,138,1511
2022-05-11 13:17:48.165724,1311,17,1328
2022-05-11 13:17:49.171970,1745,61,1806
2022-05-11 13:17:50.179912,5636,147,5783
2022-05-11 13:17:51.186539,1217,140,1357
2022-05-11 13:17:52.195590,5135,76,5211
2022-05-11 13:17:53.197245,3517,99,3616
2022-05-11 13:17:54.206678,4860,86,4946
2022-05-11 13:17:55.210074,716,114,830
2022-05-11 13:17:56.218361,6298,118,6416
2022-05-11 13:17:57.211822,3920,65,3985
2022-05-11 13:17:58.223637,8589,16,8605
2022-05-11 13:17:59.232472,3637,22,3659
2022-05-11 13:18:00.234368,4404,21,4425
2022-05-11 13:18:01.240037,3958,22,3980
2022-05-11 13:18:02.248411,8128,139,8267
2022-05-11 13:18:03.250958,2429,91,2520
2022-05-11 13:18:04.256492,4467,117,4584
2022-05-11 13:18:05.263744,4297,100,4397
2022-05-11 13:18:06.270693,8386,147,8533
2022-05-11 13:18:07.276652,6203,101,6304
2022-05-11 13:18:08.279975,7582,32,7614
2022-05-11 13:18:09.286828,3090,116,3206
2022-05-11 13:18:10.292914,8055,32,8087
2022-05-11 13:18:11.302728,5798,117,5915
2022-05-11 13:18:12.294261,133,54,187
2022-05-11 13:18:13.309157,4489,106,4595
2022-05-11 13:18:14.311766,6768,119,6887
2022-05-11 13:18:15.313335,7502,52,7554
2022-05-11 13:18:16.324692,5513,112,5625
2022-05-11 13:18:17.336579,87,85,172
2022-05-11 13:18:18.339945,7575,134,7709
2022-05-11 13:18:19.343894,7494,24,7518
2022-05-11 13:18:20.347159,6928,80,7008
2022-05-11 13:18:21.359119,3542,145,3687
2022-05-11 13:18:22.362182,3699,129,3828
2022-05-11 13:18:23.365072,7745,46,7791
2022-05-11 13:18:24.379316,2174,44,2218
2022-05-11 13:18:25.384201,7248,51,7299
2022-05-11 13:18:26.386777,6952,29,6981
2022-05-11 13:18:27.393222,779,59,838
2022-05-11 13:18:28.402038,8065,33,8098
2022-05-11 13:18:29.404403,4816,62,4878
2022-05-11 13:18:30.415960,258,117,375
2022-05-11 13:18:31.423163,7028,9,7037
2022-05-11 13:18:32.431735,1429,102,1531
2022-05-11 13:18:33.432284,2776,31,2807
2022-05-11 13:18:34.441180,5278,127,5405
2022-05-11 13:18:35.447912,3036,12,3048
2022-05-11 13:18:36.455549,7686,38,7724
2022-05-11 13:18:37.463359,1509,65,1574
2022-05-11 13:18:38.471821,1748,96,1844
2022-05-11 13:18:39.474042,6629,67,6696
2022-05-11 13:18:40.482358,2067,145,2212
2022-05-11 13:18:41.491470,3444,11,3455
2022-05-11 13:18:42.498884,2014,93,2107
2022-05-11 13:18:43.504671,8318,120,8438
2022-05-11 13:18:44.511929,4370,21,4391
2022-05-11 13:18:45.517368,1331,77,1408
2022-05-11 13:18:46.522000,5388,102,5490
2022-05-11 13:18:47.530466,7874,137,8011
2022-05-11 13:18:48.533486,6581,13,6594
2022-05-11 13:18:49.533834,8241,65,8306
2022-05-11 13:18:50.549293,7159,49,7208
2022-05-11 13:18:51.555097,2913,91,3004
2022-05-11 13:18:52.568338,4252,117,4369
2022-05-11 13:18:53.570846,396,63,459
2022-05-11 13:18:54.575999,5051,102,5153
2022-05-11 13:18:55.580974,1808,122,1930
2022-05-11 13:18:56.576364,7349,4,7353
2022-05-11 13:18:57.586683,4296,33,4329
2022-05-11 13:18:58.591349,8434,17,8451
2022-05-11 13:18:59.604464,8610,39,8649
2022-05-11 13:19:00.614392,3402,130,3532
2022-05-11 13:19:01.617778,3981,45,4026
2022-05-11 13:19:02.619329,1585,34,1619
2022-05-11 13:19:03.632106,5044,88,5132
2022-05-11 13:19:04.636842,1086,21,1107
2022-05-11 13:19:05.644058,2977,26,3003
2022-05-11 13:19:06.654385,6267,144,6411
2022-05-11 13:19:07.664103,344,40,384
2022-05-11 13:19:08.676708,5213,8,5221
2022-05-11 13:19:09.679487,5065,22,5087
2022-05-11 13:19:10.685886,749,44,793
2022-05-11 13:19:11.687900,7273,78,7351
2022-05-11 13:19:12.699289,125,1,126
2022-05-11 13:19:13.691436,5372,118,5490
2022-05-11 13:19:14.701169,6463,87,6550
2022-05-11 13:19:15.708252,4405,146,4551
2022-05-11 13:19:17.729444,1323,15,1338
2022-05-11 13:19:18.728618,2298,29,2327
2022-05-11 13:19:19.738822,5486,71,5557
2022-05-11 13:19:20.743854,4666,27,4693
2022-05-11 13:19:21.745338,5223,8,5231
2022-05-11 13:19:22.758334,7227,30,7257
2022-05-11 13:19:23.767269,3011,80,3091
2022-05-11 13:19:24.767753,8859,99,8958
2022-05-11 13:19:25.774727,5934,68,6002
2022-05-11 13:19:26.785615,1124,113,1237
2022-05-11 13:19:27.795847,5950,51,6001
2022-05-11 13:19:28.788903,564,93,657
2022-05-11 13:19:29.803596,5216,13,5229
2022-05-11 13:19:30.809541,5924,27,5951
2022-05-11 13:19:31.820478,4461,58,4519
2022-05-11 13:19:32.824729,5389,69,5458
2022-05-11 13:19:33.832638,4860,123,4983
2022-05-11 13:19:34.832762,3479,115,3594
2022-05-11 13:19:35.839946,6603,40,6643
2022-05-11 13:19:36.848464,7703,14,7717
2022-05-11 13:19:37.862816,8797,55,8852
2022-05-11 13:19:38.865861,3228,1,3229
2022-05-11 13:19:39.877694,3895,17,3912
2022-05-11 13:19:40.880162,1514,16,1530
2022-05-11 13:19:41.884805,5665,132,5797
2022-05-11 13:19:42.899110,203,117,320
2022-05-11 13:19:43.897421,5088,150,5238
2022-05-11 13:19:44.900532,5792,122,5914
2022-05-11 13:19:45.917289,3053,3,3056
2022-05-11 13:19:46.924510,4948,92,5040
2022-05-11 13:19:47.931227,4264,129,4393
2022-05-11 13:19:48.937242,7855,102,7957
2022-05-11 13:19:50.953540,6254,44,6298
2022-05-11 13:19:51.964214,5929,128,6057
2022-05-11 13:19:52.976905,6620,83,6703
2022-05-11 13:19:53.975594,4322,108,4430
2022-05-11 13:19:54.981706,2369,36,2405
2022-05-11 13:19:55.995776,4557,130,4687
2022-05-11 13:19:57.010238,2003,18,2021
2022-05-11 13:19:58.015423,6596,27,6623
2022-05-11 13:19:59.023378,3794,100,3894
2022-05-11 13:20:00.027618,7832,115,7947
2022-05-11 13:20:01.033965,7027,93,7120
2022-05-11 13:20:02.040971,4947,13,4960
2022-05-11 13:20:03.048792,8957,79,9036
2022-05-11 13:20:04.049898,2882,103,2985
2022-05-11 13:20:05.064711,1722,76,1798
2022-05-11 13:20:06.064278,1191,70,1261
2022-05-11 13:20:07.069872,6428,65,6493
2022-05-11 13:20:08.073417,2180,48,2228
2022-05-11 13:20:09.088763,8016,43,8059
2022-05-11 13:20:10.096182,1594,62,1656
2022-05-11 13:20:11.111513,1674,92,1766
2022-05-11 13:20:12.110269,2450,108,2558
2022-05-11 13:20:13.115692,6335,46,6381
2022-05-11 13:20:14.122692,3540,126,3666
2022-05-11 13:20:15.132431,6911,8,6919
2022-05-11 13:20:16.136482,2303,70,2373
2022-05-11 13:20:17.143506,961,33,994
2022-05-11 13:20:18.151710,6866,113,6979
2022-05-11 13:20:19.161845,4246,46,4292
2022-05-11 13:20:20.170343,323,36,359
2022-05-11 13:20:21.178197,457,21,478
2022-05-11 13:20:22.190300,1486,132,1618
2022-05-11 13:20:23.195318,5373,126,5499
2022-05-11 13:20:24.199253,3081,92,3173
2022-05-11 13:20:25.209433,4982,32,5014
2022-05-11 13:20:26.212726,7768,12,7780
2022-05-11 13:20:27.227431,221,40,261
2022-05-11 13:20:28.232863,8399,142,8541
2022-05-11 13:20:29.238230,313,48,361
2022-05-11 13:20:30.247215,1557,19,1576
2022-05-11 13:20:31.261967,1533,26,1559
2022-05-11 13:20:32.274979,3009,50,3059
2022-05-11 13:20:33.282422,7983,15,7998
2022-05-11 13:20:34.288924,3010,106,3116
2022-05-11 13:20:35.303021,3971,129,4100
2022-05-11 13:20:36.305987,5468,85,5553
2022-05-11 13:20:37.309056,608,143,751
2022-05-11 13:20:38.317402,8692,149,8841
2022-05-11 13:20:39.332248,8136,63,8199
2022-05-11 13:20:40.334356,1472,18,1490
2022-05-11 13:20:41.343142,3631,89,3720
2022-05-11 13:20:42.355070,3758,39,3797
2022-05-11 13:20:43.359643,4643,46,4689
2022-05-11 13:20:44.376523,4999,44,5043
2022-05-11 13:20:45.382952,2767,28,2795
2022-05-11 13:20:46.392936,1828,82,1910
2022-05-11 13:20:47.395937,8001,46,8047
2022-05-11 13:20:48.403539,1529,49,1578
2022-05-11 13:20:49.408143,3247,85,3332
2022-05-11 13:20:50.415506,752,89,841
2022-05-11 13:20:51.426936,3699,42,3741
2022-05-11 13:20:52.427053,3587,72,3659
2022-05-11 13:20:53.431513,4987,91,5078
2022-05-11 13:20:54.444772,8242,16,8258
2022-05-11 13:20:55.448989,4892,123,5015
2022-05-11 13:20:56.455874,6008,25,6033
2022-05-11 13:20:57.466714,2431,39,2470
2022-05-11 13:20:58.480245,2010,129,2139
2022-05-11 13:20:59.482881,6484,60,6544
2022-05-11 13:21:00.483906,6122,94,6216
2022-05-11 13:21:01.504384,2157,43,2200
2022-05-11 13:21:02.517787,5069,57,5126
2022-05-11 13:21:03.526789,8421,45,8466
2022-05-11 13:21:04.535171,1601,26,1627
2022-05-11 13:21:05.540539,7471,72,7543
2022-05-11 13:21:06.554992,4636,143,4779
2022-05-11 13:21:07.562411,6353,136,6489
2022-05-11 13:21:08.569921,6850,51,6901
2022-05-11 13:21:09.574000,5259,24,5283
2022-05-11 13:21:10.588704,524,90,614
2022-05-11 13:21:11.602606,402,136,538
2022-05-11 13:21:12.607808,162,33,195
2022-05-11 13:21:13.616707,8725,15,8740
2022-05-11 13:21:14.626256,5450,145,5595
2022-05-11 13:21:15.619909,3971,146,4117
2022-05-11 13:21:16.635333,7722,130,7852
2022-05-11 13:21:17.639648,4479,87,4566
2022-05-11 13:21:18.647677,5948,92,6040
2022-05-11 13:21:19.662132,3517,43,3560
2022-05-11 13:21:20.675048,3955,44,3999
2022-05-11 13:21:21.681661,5865,14,5879
2022-05-11 13:21:22.692908,1142,110,1252
2022-05-11 13:21:23.696430,8294,68,8362
2022-05-11 13:21:24.704677,7323,44,7367
2022-05-11 13:21:25.717359,6803,143,6946
2022-05-11 13:21:26.720437,2713,127,2840
2022-05-11 13:21:27.725303,4848,33,4881
2022-05-11 13:21:28.730179,6079,114,6193
2022-05-11 13:21:29.739324,1375,121,1496
2022-05-11 13:21:30.742438,8643,12,8655
2022-05-11 13:21:31.761654,3332,93,3425
2022-05-11 13:21:32.768515,270,120,390
2022-05-11 13:21:33.774343,5736,53,5789
2022-05-11 13:21:34.778491,8344,123,8467
2022-05-11 13:21:35.795759,280,95,375
2022-05-11 13:21:36.799020,5463,15,5478
2022-05-11 13:21:37.810010,6853,149,7002
2022-05-11 13:21:38.815695,3752,142,3894
2022-05-11 13:21:39.826766,3021,104,3125
2022-05-11 13:21:40.831179,3534,14,3548
2022-05-11 13:21:41.834429,6753,105,6858
2022-05-11 13:21:42.841266,4952,74,5026
2022-05-11 13:21:43.846495,6938,91,7029
2022-05-11 13:21:44.853009,6933,120,7053
2022-05-11 13:21:45.870196,4002,62,4064
2022-05-11 13:21:46.878553,3610,64,3674
2022-05-11 13:21:47.885842,5062,98,5160
2022-05-11 13:21:48.890840,5231,7,5238
2022-05-11 13:21:49.894185,1794,4,1798
2022-05-11 13:21:50.896280,1773,54,1827
2022-05-11 13:21:51.913336,3597,20,3617
2022-05-11 13:21:52.917844,5374,118,5492
2022-05-11 13:21:53.926375,4307,108,4415
2022-05-11 13:21:54.935601,7747,40,7787
2022-05-11 13:21:55.943300,428,93,521
2022-05-11 13:21:56.954510,6749,2,6751
2022-05-11 13:21:57.962772,617,58,675
2022-05-11 13:21:58.965301,3509,110,3619
2022-05-11 13:21:59.974529,4491,110,4601
2022-05-11 13:22:00.980363,5286,49,5335
2022-05-11 13:22:01.994111,8188,54,8242
2022-05-11 13:22:03.001066,4735,146,4881
2022-05-11 13:22:04.014389,6712,27,6739
2022-05-11 13:22:05.026820,5191,117,5308
2022-05-11 13:22:06.036412,6229,38,6267
2022-05-11 13:22:07.043109,8547,134,8681
2022-05-11 13:22:08.053607,6956,42,6998
2022-05-11 13:22:09.053534,2790,126,2916
2022-05-11 13:22:10.064343,3126,136,3262
2022-05-11 13:22:11.065396,1006,71,1077
2022-05-11 13:22:12.069934,2553,71,2624
2022-05-11 13:22:13.078732,8483,9,8492
2022-05-11 13:22:14.085842,438,131,569
2022-05-11 13:22:15.090564,437,6,443
2022-05-11 13:22:16.096620,5115,48,5163
2022-05-11 13:22:17.106518,4167,79,4246
2022-05-11 13:22:18.114823,1102,129,1231
2022-05-11 13:22:19.126678,5720,99,5819
2022-05-11 13:22:20.129842,5763,85,5848
2022-05-11 13:22:21.135251,5226,16,5242
2022-05-11 13:22:22.142811,8210,40,8250
2022-05-11 13:22:23.150706,5309,3,5312
2022-05-11 13:22:24.151190,3066,62,3128
2022-05-11 13:22:25.160480,1987,103,2090
2022-05-11 13:22:26.165713,7284,99,7383
2022-05-11 13:22:27.171929,8940,32,8972
2022-05-11 13:22:28.172898,7941,32,7973
2022-05-11 13:22:29.177257,995,16,1011
2022-05-11 13:22:30.185071,2068,115,2183
2022-05-11 13:22:31.194458,3417,125,3542
2022-05-11 13:22:32.186733,3510,76,3586
2022-05-11 13:22:33.203340,1523,68,1591
2022-05-11 13:22:34.213966,7762,76,7838
2022-05-11 13:22:35.220459,1624,137,1761
2022-05-11 13:22:36.227700,6488,130,6618
2022-05-11 13:22:37.238717,3444,44,3488
2022-05-11 13:22:38.241539,4786,106,4892
2022-05-11 13:22:39.249789,3427,106,3533
2022-05-11 13:22:40.254142,5018,93,5111
2022-05-11 13:22:41.261471,2186,31,2217
2022-05-11 13:22:42.266805,3995,59,4054
2022-05-11 13:22:43.275873,6323,3,6326
2022-05-11 13:22:44.286622,1966,132,2098
2022-05-11 13:22:45.291786,1069,74,1143
2022-05-11 13:22:46.303638,6687,116,6803
2022-05-11 13:22:47.297411,2550,140,2690
2022-05-11 13:22:48.309430,974,7,981
2022-05-11 13:22:49.314055,4464,143,4607
2022-05-11 13:22:50.319518,7185,138,7323
2022-05-11 13:22:51.330087,5898,115,6013
2022-05-11 13:22:52.337241,7057,53,7110
2022-05-11 13:22:53.334497,6523,66,6589
2022-05-11 13:22:54.343444,8055,59,8114
2022-05-11 13:22:55.351328,8156,134,8290
2022-05-11 13:22:56.354192,2737,113,2850
2022-05-11 13:22:57.363362,7227,1,7228
2022-05-11 13:22:58.364973,5337,45,5382
2022-05-11 13:22:59.375582,6382,85,6467
2022-05-11 13:23:00.386082,3841,2,3843
2022-05-11 13:23:01.389201,3178,150,3328
2022-05-11 13:23:02.394193,3362,37,3399
2022-05-11 13:23:03.398342,8691,146,8837
2022-05-11 13:23:04.410361,5552,113,5665
2022-05-11 13:23:05.419169,8799,57,8856
2022-05-11 13:23:06.430442,6134,52,6186
2022-05-11 13:23:07.430841,313,51,364
2022-05-11 13:23:08.447088,204,12,216
2022-05-11 13:23:09.447288,7368,20,7388
2022-05-11 13:23:10.454995,8711,32,8743
2022-05-11 13:23:11.459156,7681,108,7789
2022-05-11 13:23:12.461345,2935,66,3001
2022-05-11 13:23:13.461956,8868,71,8939
2022-05-11 13:23:14.467374,4891,21,4912
2022-05-11 13:23:15.471455,7859,76,7935
2022-05-11 13:23:16.478330,4766,80,4846
2022-05-11 13:23:17.488145,8473,16,8489
2022-05-11 13:23:18.501708,6592,81,6673
2022-05-11 13:23:19.505426,4001,30,4031
2022-05-11 13:23:20.512461,178,136,314
2022-05-11 13:23:21.517438,6136,74,6210
2022-05-11 13:23:22.520408,6881,85,6966
2022-05-11 13:23:23.527603,7895,88,7983
2022-05-11 13:23:24.533150,6651,1,6652
2022-05-11 13:23:25.535091,871,61,932
2022-05-11 13:23:26.543983,1567,129,1696
2022-05-11 13:23:27.547517,1730,148,1878
2022-05-11 13:23:28.554732,7639,68,7707
2022-05-11 13:23:29.557416,8851,42,8893
2022-05-11 13:23:30.562408,1763,48,1811
2022-05-11 13:23:31.570566,4830,23,4853
2022-05-11 13:23:32.572610,17,146,163
2022-05-11 13:23:33.582138,5712,106,5818
2022-05-11 13:23:34.586195,3753,143,3896
2022-05-11 13:23:35.591058,8579,83,8662
2022-05-11 13:23:36.596265,4513,24,4537
2022-05-11 13:23:37.604618,4110,2,4112
2022-05-11 13:23:38.608626,1785,100,1885
2022-05-11 13:23:39.615875,659,16,675
2022-05-11 13:23:40.618215,6845,82,6927
2022-05-11 13:23:41.623238,6709,88,6797
2022-05-11 13:23:42.632604,1480,46,1526
2022-05-11 13:23:43.637178,3296,3,3299
2022-05-11 13:23:44.642102,1014,14,1028
2022-05-11 13:23:45.647290,4075,102,4177
2022-05-11 13:23:46.653089,1738,10,1748
2022-05-11 13:23:47.656547,227,22,249
2022-05-11 13:23:48.653924,6083,147,6230
2022-05-11 13:23:49.670243,6821,104,6925
2022-05-11 13:23:50.679204,94,55,149
2022-05-11 13:23:51.682476,1232,61,1293
2022-05-11 13:23:52.686041,8595,95,8690
2022-05-11 13:23:53.694180,6886,88,6974
2022-05-11 13:23:54.696269,5978,125,6103
2022-05-11 13:23:55.703798,189,122,311
2022-05-11 13:23:56.711070,2608,86,2694
2022-05-11 13:23:57.720369,8565,73,8638
2022-05-11 13:23:58.729845,2102,90,2192
2022-05-11 13:23:59.727118,5005,105,5110
2022-05-11 13:24:00.739832,3034,114,3148
2022-05-11 13:24:02.752689,1327,100,1427
2022-05-11 13:24:03.744191,8211,3,8214
2022-05-11 13:24:04.760043,2642,59,2701
2022-05-11 13:24:05.769883,3439,142,3581
2022-05-11 13:24:06.773088,2602,49,2651
2022-05-11 13:24:07.776526,8160,6,8166
2022-05-11 13:24:08.783836,7430,134,7564
2022-05-11 13:24:09.792779,7322,45,7367
2022-05-11 13:24:10.796303,8657,135,8792
2022-05-11 13:24:11.804457,3481,111,3592
2022-05-11 13:24:12.804949,7485,139,7624
2022-05-11 13:24:13.813144,129,119,248
2022-05-11 13:24:14.817186,7313,55,7368
2022-05-11 13:24:15.827935,2273,88,2361
2022-05-11 13:24:16.830501,3503,94,3597
2022-05-11 13:24:17.840078,438,129,567
2022-05-11 13:24:18.843263,7956,123,8079
2022-05-11 13:24:19.846497,681,8,689
2022-05-11 13:24:20.858505,5707,63,5770
2022-05-11 13:24:21.864252,3140,138,3278
2022-05-11 13:24:22.868202,8199,60,8259
2022-05-11 13:24:23.873100,4574,95,4669
2022-05-11 13:24:24.873458,6872,114,6986
2022-05-11 13:24:25.881975,8909,150,9059
2022-05-11 13:24:26.892478,2335,35,2370
2022-05-11 13:24:27.893465,240,68,308
2022-05-11 13:24:28.904728,3625,50,3675
2022-05-11 13:24:29.913292,5934,10,5944
2022-05-11 13:24:30.918722,115,85,200
2022-05-11 13:24:31.926962,985,5,990
2022-05-11 13:24:32.929419,2188,77,2265
2022-05-11 13:24:33.935185,160,110,270
2022-05-11 13:24:34.946930,8672,41,8713
2022-05-11 13:24:35.958024,4883,135,5018
2022-05-11 13:24:36.963919,6892,42,6934
2022-05-11 13:24:37.967239,2242,79,2321
2022-05-11 13:24:38.973875,8208,73,8281
2022-05-11 13:24:40.986269,314,4,318
2022-05-11 13:24:41.991595,4629,22,4651
2022-05-11 13:24:42.995826,7,26,33
2022-05-11 13:24:44.000381,5194,23,5217
2022-05-11 13:24:45.010985,2650,138,2788
2022-05-11 13:24:46.010024,6622,62,6684
2022-05-11 13:24:47.016657,5897,126,6023
2022-05-11 13:24:48.018625,3319,99,3418
2022-05-11 13:24:49.026574,7034,140,7174
2022-05-11 13:24:50.027613,630,84,714
2022-05-11 13:24:51.033797,5389,150,5539
2022-05-11 13:24:52.039014,1857,102,1959
2022-05-11 13:24:53.044097,7017,52,7069
2022-05-11 13:24:54.048802,138,81,219
2022-05-11 13:24:55.055957,3570,39,3609
2022-05-11 13:24:56.058858,1574,49,1623
2022-05-11 13:24:57.067117,4069,92,4161
2022-05-11 13:24:58.072779,7484,86,7570
2022-05-11 13:24:59.063878,976,25,1001
2022-05-11 13:25:00.080769,4399,115,4514
2022-05-11 13:25:01.088486,8000,68,8068
2022-05-11 13:25:02.087416,2755,126,2881
2022-05-11 13:25:03.093633,4645,147,4792
2022-05-11 13:25:04.100159,5757,72,5829
2022-05-11 13:25:05.099629,7323,13,7336
2022-05-11 13:25:06.113626,713,112,825
2022-05-11 13:25:07.121458,304,92,396
2022-05-11 13:25:08.125043,2544,17,2561
2022-05-11 13:25:09.141659,1757,129,1886
2022-05-11 13:25:10.141563,3512,133,3645
2022-05-11 13:25:11.148442,6373,4,6377
2022-05-11 13:25:12.153953,3664,20,3684
2022-05-11 13:25:13.162572,4815,24,4839
2022-05-11 13:25:14.166485,348,60,408
2022-05-11 13:25:15.175699,5792,102,5894
2022-05-11 13:25:16.173459,2778,121,2899
2022-05-11 13:25:17.176763,2486,133,2619
2022-05-11 13:25:18.187647,1085,33,1118
2022-05-11 13:25:19.198152,4731,118,4849
2022-05-11 13:25:20.192361,340,90,430
2022-05-11 13:25:21.206564,4171,59,4230
2022-05-11 13:25:22.214025,6410,107,6517
2022-05-11 13:25:23.226770,3448,20,3468
2022-05-11 13:25:24.229698,3650,19,3669
2022-05-11 13:25:25.234026,8358,68,8426
2022-05-11 13:25:26.236166,7814,120,7934
2022-05-11 13:25:27.246001,7626,7,7633
2022-05-11 13:25:28.260562,6250,99,6349
2022-05-11 13:25:29.264913,798,22,820
2022-05-11 13:25:30.278796,7793,17,7810
2022-05-11 13:25:31.284809,677,111,788
2022-05-11 13:25:32.295336,2521,101,2622
2022-05-11 13:25:33.297317,3860,41,3901
2022-05-11 13:25:34.301974,1965,17,1982
2022-05-11 13:25:35.300104,4906,131,5037
2022-05-11 13:25:36.305954,405,133,538
2022-05-11 13:25:37.315734,3643,21,3664
2022-05-11 13:25:38.322778,5129,147,5276
2022-05-11 13:25:39.334040,1508,143,1651
2022-05-11 13:25:40.339135,7475,142,7617
2022-05-11 13:25:41.342601,6350,56,6406
2022-05-11 13:25:42.348839,954,2,956
2022-05-11 13:25:43.352375,5129,148,5277
2022-05-11 13:25:44.362569,309,140,449
2022-05-11 13:25:45.365704,4610,83,4693
2022-05-11 13:25:46.372533,5827,59,5886
2022-05-11 13:25:47.373410,2291,20,2311
2022-05-11 13:25:48.385805,6469,31,6500
2022-05-11 13:25:49.390376,6397,145,6542
2022-05-11 13:25:51.408809,7645,122,7767
2022-05-11 13:25:52.416337,5013,73,5086
2022-05-11 13:25:53.409541,467,60,527
2022-05-11 13:25:54.425612,5836,105,5941
2022-05-11 13:25:55.435550,5145,44,5189
2022-05-11 13:25:56.450969,4604,108,4712
2022-05-11 13:25:57.451479,7601,117,7718
2022-05-11 13:25:58.463855,7929,66,7995
2022-05-11 13:25:59.465726,2014,103,2117
2022-05-11 13:26:00.464490,911,8,919
2022-05-11 13:26:01.473173,2299,98,2397
2022-05-11 13:26:02.480167,3338,41,3379
2022-05-11 13:26:03.484432,933,114,1047
2022-05-11 13:26:04.490472,1045,48,1093
2022-05-11 13:26:05.502373,5476,62,5538
2022-05-11 13:26:06.508284,4338,131,4469
2022-05-11 13:26:07.511474,5352,148,5500
2022-05-11 13:26:08.514499,5135,91,5226
2022-05-11 13:26:09.522857,2930,32,2962
2022-05-11 13:26:10.529060,5797,118,5915
2022-05-11 13:26:11.533307,989,108,1097
2022-05-11 13:26:12.536169,7370,13,7383
2022-05-11 13:26:13.550864,5501,94,5595
2022-05-11 13:26:14.552450,3299,20,3319
2022-05-11 13:26:15.558518,4050,137,4187
2022-05-11 13:26:16.561102,455,103,558
2022-05-11 13:26:17.567486,866,31,897
2022-05-11 13:26:18.574020,1454,28,1482
2022-05-11 13:26:19.582028,7615,90,7705
2022-05-11 13:26:20.593999,8362,72,8434
2022-05-11 13:26:21.594486,5688,84,5772
2022-05-11 13:26:22.600222,3987,23,4010
2022-05-11 13:26:23.603617,1791,114,1905
2022-05-11 13:26:24.607305,4224,2,4226
2022-05-11 13:26:25.615271,3567,117,3684
2022-05-11 13:26:26.619618,8415,143,8558
2022-05-11 13:26:27.625472,295,49,344
2022-05-11 13:26:28.629509,2164,67,2231
2022-05-11 13:26:29.640232,6856,69,6925
2022-05-11 13:26:30.641494,5856,32,5888
2022-05-11 13:26:31.649312,2642,8,2650
2022-05-11 13:26:32.654468,4138,54,4192
2022-05-11 13:26:33.662259,6178,81,6259
2022-05-11 13:26:34.668023,5501,91,5592
2022-05-11 13:26:35.675891,352,27,379
2022-05-11 13:26:36.671319,3977,3,3980
2022-05-11 13:26:37.683183,911,122,1033
2022-05-11 13:26:38.685668,3470,20,3490
2022-05-11 13:26:39.696499,1352,15,1367
2022-05-11 13:26:40.701838,4388,65,4453
2022-05-11 13:26:41.714128,6317,103,6420
2022-05-11 13:26:42.714134,3500,140,3640
2022-05-11 13:26:43.716311,6163,80,6243
2022-05-11 13:26:44.719352,2988,66,3054
2022-05-11 13:26:45.727605,5013,118,5131
2022-05-11 13:26:46.732965,7282,137,7419
2022-05-11 13:26:47.746251,2969,121,3090
2022-05-11 13:26:48.745841,7472,59,7531
2022-05-11 13:26:49.752802,3326,135,3461
2022-05-11 13:26:50.761914,7841,55,7896
2022-05-11 13:26:51.754403,3557,71,3628
2022-05-11 13:26:52.765570,3085,111,3196
2022-05-11 13:26:53.775980,1969,106,2075
2022-05-11 13:26:54.784112,6254,146,6400
2022-05-11 13:26:55.793094,1260,137,1397
2022-05-11 13:26:56.795599,4467,38,4505
2022-05-11 13:26:57.798193,8699,117,8816
2022-05-11 13:26:58.807987,2095,78,2173
2022-05-11 13:26:59.814450,5570,129,5699
2022-05-11 13:27:00.819383,4751,94,4845
2022-05-11 13:27:01.826592,1626,100,1726
2022-05-11 13:27:02.833299,8379,45,8424
2022-05-11 13:27:03.840298,8593,117,8710
2022-05-11 13:27:04.841622,8755,22,8777
2022-05-11 13:27:05.849528,3989,85,4074
2022-05-11 13:27:06.860897,3006,91,3097
2022-05-11 13:27:07.863408,828,3,831
2022-05-11 13:27:08.866830,4251,24,4275
2022-05-11 13:27:09.873922,4194,2,4196
2022-05-11 13:27:10.881465,5718,139,5857
2022-05-11 13:27:11.886037,4743,15,4758
2022-05-11 13:27:12.892008,7826,65,7891
2022-05-11 13:27:13.913320,6708,136,6844
2022-05-11 13:27:14.919082,2910,89,2999
2022-05-11 13:27:15.930014,5575,2,5577
2022-05-11 13:27:16.935661,448,127,575
2022-05-11 13:27:17.943777,7348,45,7393
2022-05-11 13:27:18.958215,1670,101,1771
2022-05-11 13:27:19.971088,5011,55,5066
2022-05-11 13:27:20.982359,5486,94,5580
2022-05-11 13:27:21.989684,6832,123,6955
2022-05-11 13:27:23.000576,6466,140,6606
2022-05-11 13:27:24.007896,5487,10,5497
2022-05-11 13:27:25.008347,6453,20,6473
2022-05-11 13:27:26.017399,2835,86,2921
2022-05-11 13:27:27.030336,5498,149,5647
2022-05-11 13:27:28.033952,4516,114,4630
2022-05-11 13:27:29.044898,8271,9,8280
2022-05-11 13:27:30.048554,7768,144,7912
2022-05-11 13:27:31.062224,6245,124,6369
2022-05-11 13:27:32.071537,3561,121,3682
2022-05-11 13:27:33.077482,4821,116,4937
2022-05-11 13:27:34.082777,4094,16,4110
2022-05-11 13:27:35.096529,3081,66,3147
2022-05-11 13:27:36.100999,8,86,94
2022-05-11 13:27:37.110094,8318,3,8321
2022-05-11 13:27:38.123681,2249,103,2352
2022-05-11 13:27:39.134231,2709,79,2788
2022-05-11 13:27:40.137034,2672,11,2683
2022-05-11 13:27:41.151998,2716,33,2749
2022-05-11 13:27:42.150951,5865,38,5903
2022-05-11 13:27:43.163623,5496,123,5619
2022-05-11 13:27:44.171684,7859,136,7995
2022-05-11 13:27:45.187362,2020,83,2103
2022-05-11 13:27:46.190449,2850,55,2905
2022-05-11 13:27:47.197180,2250,122,2372
2022-05-11 13:27:48.206994,3386,101,3487
2022-05-11 13:27:49.212108,670,61,731
2022-05-11 13:27:50.218407,3064,9,3073
2022-05-11 13:27:51.228116,7056,12,7068
2022-05-11 13:27:52.232420,3768,114,3882
2022-05-11 13:27:53.241339,4580,111,4691
2022-05-11 13:27:54.248150,2445,46,2491
2022-05-11 13:27:55.253336,7577,121,7698
2022-05-11 13:27:56.261603,8005,33,8038
2022-05-11 13:27:57.272296,2371,19,2390
2022-05-11 13:27:58.280441,7283,87,7370
2022-05-11 13:27:59.284861,1605,74,1679
2022-05-11 13:28:00.296945,3924,54,3978
2022-05-11 13:28:01.300125,3235,148,3383
2022-05-11 13:28:02.304766,8141,26,8167
2022-05-11 13:28:03.312225,5310,72,5382
2022-05-11 13:28:04.322425,2013,63,2076
2022-05-11 13:28:05.335103,763,119,882
2022-05-11 13:28:06.341596,7423,116,7539
2022-05-11 13:28:07.352194,2920,134,3054
2022-05-11 13:28:08.354290,8804,113,8917
2022-05-11 13:28:09.364865,4664,18,4682
2022-05-11 13:28:10.373892,5077,149,5226
2022-05-11 13:28:11.377215,2305,122,2427
2022-05-11 13:28:12.379095,4320,42,4362
2022-05-11 13:28:13.383839,5170,5,5175
2022-05-11 13:28:14.395547,691,7,698
2022-05-11 13:28:15.398183,6445,31,6476
2022-05-11 13:28:16.408486,3880,99,3979
2022-05-11 13:28:17.408440,4495,20,4515
2022-05-11 13:28:18.413398,2112,42,2154
2022-05-11 13:28:19.421224,8141,88,8229
2022-05-11 13:28:20.428754,6922,48,6970
2022-05-11 13:28:21.437516,2119,82,2201
2022-05-11 13:28:22.444752,7434,58,7492
2022-05-11 13:28:23.437504,3087,49,3136
2022-05-11 13:28:24.451166,724,26,750
2022-05-11 13:28:25.459817,2190,48,2238
2022-05-11 13:28:26.459985,6623,23,6646
2022-05-11 13:28:27.468170,2649,89,2738
2022-05-11 13:28:28.475421,4065,71,4136
2022-05-11 13:28:29.480348,4747,105,4852
2022-05-11 13:28:30.487471,7312,133,7445
2022-05-11 13:28:31.494063,1449,104,1553
2022-05-11 13:28:32.500170,2485,130,2615
2022-05-11 13:28:33.508940,4832,84,4916
2022-05-11 13:28:34.515428,7971,15,7986
2022-05-11 13:28:35.521369,5793,53,5846
2022-05-11 13:28:36.528903,2679,28,2707
2022-05-11 13:28:37.530446,1549,43,1592
2022-05-11 13:28:38.529072,4139,35,4174
2022-05-11 13:28:39.534952,4038,115,4153
2022-05-11 13:28:40.546976,5930,66,5996
2022-05-11 13:28:41.550709,3816,89,3905
2022-05-11 13:28:42.557377,536,116,652
2022-05-11 13:28:43.566088,1450,98,1548
2022-05-11 13:28:44.573527,4405,105,4510
2022-05-11 13:28:45.580603,4240,23,4263
2022-05-11 13:28:46.584379,974,80,1054
2022-05-11 13:28:47.592198,5444,53,5497
2022-05-11 13:28:48.598935,7453,26,7479
2022-05-11 13:28:49.605060,6363,91,6454
2022-05-11 13:28:50.606965,1296,55,1351
2022-05-11 13:28:51.617723,400,37,437
2022-05-11 13:28:52.622439,7999,74,8073
2022-05-11 13:28:53.627151,297,100,397
2022-05-11 13:28:54.636025,3550,69,3619
2022-05-11 13:28:55.641531,1563,19,1582
2022-05-11 13:28:56.646275,3244,97,3341
2022-05-11 13:28:57.655166,2910,128,3038
2022-05-11 13:28:58.661349,856,143,999
2022-05-11 13:28:59.665129,215,48,263
2022-05-11 13:29:00.667594,1080,70,1150
2022-05-11 13:29:01.669734,3752,128,3880
2022-05-11 13:29:02.679062,8930,87,9017
2022-05-11 13:29:03.683583,3565,113,3678
2022-05-11 13:29:04.693431,1918,33,1951
2022-05-11 13:29:05.700559,2985,69,3054
2022-05-11 13:29:06.705629,4851,119,4970
2022-05-11 13:29:07.711703,2772,117,2889
2022-05-11 13:29:08.721602,3840,125,3965
2022-05-11 13:29:09.723576,7824,33,7857
2022-05-11 13:29:10.734218,6684,29,6713
2022-05-11 13:29:11.748570,1824,45,1869
2022-05-11 13:29:12.745557,6143,59,6202
2022-05-11 13:29:13.750088,2819,79,2898
2022-05-11 13:29:14.758615,2232,118,2350
2022-05-11 13:29:15.765488,8462,15,8477
2022-05-11 13:29:16.770966,5174,147,5321
2022-05-11 13:29:17.777535,4799,44,4843
2022-05-11 13:29:18.780862,6949,130,7079
2022-05-11 13:29:19.789342,4099,41,4140
2022-05-11 13:29:20.795797,7492,37,7529
2022-05-11 13:29:21.800115,270,105,375
2022-05-11 13:29:22.806821,2066,74,2140
2022-05-11 13:29:23.808787,7939,139,8078
2022-05-11 13:29:24.811270,6657,107,6764
2022-05-11 13:29:25.818486,6821,75,6896
2022-05-11 13:29:26.818744,5088,104,5192
2022-05-11 13:29:27.831319,1245,97,1342
2022-05-11 13:29:28.834164,1831,112,1943
2022-05-11 13:29:29.844029,7648,98,7746
2022-05-11 13:29:30.848563,6224,98,6322
2022-05-11 13:29:31.855281,8193,31,8224
2022-05-11 13:29:32.864933,5549,113,5662
2022-05-11 13:29:33.870065,1065,72,1137
2022-05-11 13:29:34.876065,3148,103,3251
2022-05-11 13:29:35.878797,2737,74,2811
2022-05-11 13:29:36.882737,5726,125,5851
2022-05-11 13:29:37.893184,5125,96,5221
2022-05-11 13:29:38.898336,4622,50,4672
2022-05-11 13:29:39.893285,8113,2,8115
2022-05-11 13:29:40.905076,7323,97,7420
2022-05-11 13:29:41.912347,479,28,507
2022-05-11 13:29:42.914683,1983,96,2079
2022-05-11 13:29:43.919776,4710,96,4806
2022-05-11 13:29:44.930521,2137,114,2251
2022-05-11 13:29:45.936185,1281,19,1300
2022-05-11 13:29:46.937439,8706,122,8828
2022-05-11 13:29:47.941091,3476,149,3625
2022-05-11 13:29:48.949310,4656,17,4673
2022-05-11 13:29:49.954801,4530,31,4561
2022-05-11 13:29:50.959229,4334,93,4427
2022-05-11 13:29:51.963756,1462,73,1535
2022-05-11 13:29:52.971083,4344,126,4470
2022-05-11 13:29:53.979385,6095,125,6220
2022-05-11 13:29:54.974369,6650,85,6735
2022-05-11 13:29:55.987031,7606,52,7658
2022-05-11 13:29:56.997486,810,25,835
2022-05-11 13:29:57.997113,6955,13,6968
2022-05-11 13:29:59.006819,7042,114,7156
2022-05-11 13:30:00.008316,7727,38,7765
2022-05-11 13:30:01.020305,3621,99,3720
2022-05-11 13:30:02.020075,4674,37,4711
2022-05-11 13:30:03.029387,2242,113,2355
2022-05-11 13:30:04.033332,5846,71,5917
2022-05-11 13:30:05.042139,90,22,112
2022-05-11 13:30:06.051112,3645,106,3751
2022-05-11 13:30:07.054703,19,61,80
2022-05-11 13:30:08.064324,6294,62,6356
2022-05-11 13:30:09.070028,3807,28,3835
2022-05-11 13:30:10.071209,3989,148,4137
2022-05-11 13:30:11.081442,5346,24,5370
2022-05-11 13:30:12.078902,8853,65,8918
2022-05-11 13:30:13.083153,398,51,449
2022-05-11 13:30:14.086798,746,56,802
2022-05-11 13:30:15.093089,4722,16,4738
2022-05-11 13:30:16.096540,5131,137,5268
2022-05-11 13:30:17.105866,1096,41,1137
2022-05-11 13:30:18.107475,8066,69,8135
2022-05-11 13:30:19.116051,2225,43,2268
2022-05-11 13:30:20.122298,7451,113,7564
2022-05-11 13:30:21.129882,7379,133,7512
2022-05-11 13:30:22.132504,4835,37,4872
2022-05-11 13:30:23.139546,8426,19,8445
2022-05-11 13:30:24.146388,4594,90,4684
2022-05-11 13:30:25.153182,6150,83,6233
2022-05-11 13:30:26.161095,5849,95,5944
2022-05-11 13:30:27.172377,130,43,173
2022-05-11 13:30:28.170674,4143,74,4217
2022-05-11 13:30:29.177858,2015,96,2111
2022-05-11 13:30:30.184359,5461,90,5551
2022-05-11 13:30:31.191761,1104,3,1107
2022-05-11 13:30:32.193511,5363,72,5435
2022-05-11 13:30:33.202281,6856,107,6963
2022-05-11 13:30:34.204915,4988,142,5130
2022-05-11 13:30:35.211494,2736,69,2805
2022-05-11 13:30:36.217952,66,14,80
2022-05-11 13:30:38.226095,8645,100,8745
2022-05-11 13:30:39.234370,1915,26,1941
2022-05-11 13:30:40.236370,6734,36,6770
2022-05-11 13:30:41.244857,2048,1,2049
2022-05-11 13:30:42.249061,1075,86,1161
2022-05-11 13:30:43.255631,5303,92,5395
2022-05-11 13:30:44.261538,1964,82,2046
2022-05-11 13:30:45.271174,4008,103,4111
2022-05-11 13:30:46.282121,5539,99,5638
2022-05-11 13:30:47.291743,3851,22,3873
2022-05-11 13:30:48.291507,6535,99,6634
2022-05-11 13:30:49.297577,1508,120,1628
2022-05-11 13:30:50.307216,5738,4,5742
2022-05-11 13:30:51.315864,183,30,213
2022-05-11 13:30:52.324788,6971,131,7102
2022-05-11 13:30:53.329768,7405,149,7554
2022-05-11 13:30:54.336201,3654,73,3727
2022-05-11 13:30:55.343643,4459,37,4496
2022-05-11 13:30:56.343237,435,117,552
2022-05-11 13:30:57.353927,8172,105,8277
2022-05-11 13:30:58.355127,2905,14,2919
2022-05-11 13:30:59.361308,3779,147,3926
2022-05-11 13:31:00.368520,6236,97,6333
2022-05-11 13:31:01.377314,7762,90,7852
2022-05-11 13:31:02.383211,5291,72,5363
2022-05-11 13:31:03.391821,395,120,515
2022-05-11 13:31:04.398228,3005,116,3121
2022-05-11 13:31:05.399142,1866,94,1960
2022-05-11 13:31:06.406179,2336,132,2468
2022-05-11 13:31:07.407781,7068,135,7203
2022-05-11 13:31:08.411785,731,25,756
2022-05-11 13:31:09.419353,6252,101,6353
2022-05-11 13:31:10.424931,1379,149,1528
2022-05-11 13:31:11.421725,4879,19,4898
2022-05-11 13:31:12.433056,2685,101,2786
2022-05-11 13:31:13.440419,2773,111,2884
2022-05-11 13:31:14.445159,5039,117,5156
2022-05-11 13:31:15.455516,2580,3,2583
2022-05-11 13:31:16.457033,3038,113,3151
2022-05-11 13:31:17.461453,916,13,929
2022-05-11 13:31:18.471159,4923,119,5042
2022-05-11 13:31:19.476233,7639,110,7749
2022-05-11 13:31:20.483433,277,75,352
2022-05-11 13:31:21.490337,185,95,280
2022-05-11 13:31:22.492694,5124,39,5163
2022-05-11 13:31:23.498280,2157,150,2307
2022-05-11 13:31:24.509041,4416,109,4525
2022-05-11 13:31:25.512650,8102,18,8120
2022-05-11 13:31:26.516291,7025,52,7077
2022-05-11 13:31:27.525668,1421,70,1491
2022-05-11 13:31:28.535783,535,103,638
2022-05-11 13:31:29.540475,3668,42,3710
2022-05-11 13:31:30.548648,4493,77,4570
2022-05-11 13:31:31.553358,3610,69,3679
2022-05-11 13:31:32.560941,6205,13,6218
2022-05-11 13:31:33.567837,6206,51,6257
2022-05-11 13:31:34.573825,4054,102,4156
2022-05-11 13:31:35.582171,3458,24,3482
2022-05-11 13:31:36.586047,4006,9,4015
2022-05-11 13:31:37.589287,6647,15,6662
2022-05-11 13:31:38.598464,4198,22,4220
2022-05-11 13:31:39.601299,2246,119,2365
2022-05-11 13:31:40.605808,4846,138,4984
2022-05-11 13:31:41.611825,1893,103,1996
2022-05-11 13:31:42.617938,4645,83,4728
2022-05-11 13:31:43.626544,3501,57,3558
2022-05-11 13:31:44.630915,6787,72,6859
2022-05-11 13:31:45.631648,5632,98,5730
2022-05-11 13:31:46.647090,5246,1,5247
2022-05-11 13:31:47.647693,2054,135,2189
2022-05-11 13:31:48.649883,7588,54,7642
2022-05-11 13:31:49.662541,1668,150,1818
2022-05-11 13:31:50.661755,5499,52,5551
2022-05-11 13:31:51.671308,4893,112,5005
2022-05-11 13:31:52.675114,1010,121,1131
2022-05-11 13:31:53.676902,3037,17,3054
2022-05-11 13:31:54.685905,74,126,200
2022-05-11 13:31:55.683886,5897,103,6000
2022-05-11 13:31:56.698507,8622,20,8642
2022-05-11 13:31:57.703590,8034,62,8096
2022-05-11 13:31:58.706533,3168,140,3308
2022-05-11 13:31:59.712842,5492,50,5542
2022-05-11 13:32:00.716169,5752,52,5804
2022-05-11 13:32:01.728751,2003,114,2117
2022-05-11 13:32:02.736073,6551,79,6630
2022-05-11 13:32:03.744860,2700,61,2761
2022-05-11 13:32:04.747797,2058,33,2091
2022-05-11 13:32:05.755778,5796,28,5824
2022-05-11 13:32:06.755461,5006,2,5008
2022-05-11 13:32:07.764563,6642,7,6649
2022-05-11 13:32:08.772739,3387,38,3425
2022-05-11 13:32:09.777777,3282,51,3333
2022-05-11 13:32:10.781607,6288,145,6433
2022-05-11 13:32:11.791062,4034,69,4103
2022-05-11 13:32:12.794629,7668,63,7731
2022-05-11 13:32:13.799280,6857,20,6877
2022-05-11 13:32:14.806935,6242,5,6247
2022-05-11 13:32:15.810873,8291,85,8376
2022-05-11 13:32:16.823474,3235,22,3257
2022-05-11 13:32:18.832948,1484,97,1581
2022-05-11 13:32:19.840382,5375,24,5399
2022-05-11 13:32:20.846860,690,5,695
2022-05-11 13:32:21.853769,7722,145,7867
2022-05-11 13:32:22.862898,4519,96,4615
2022-05-11 13:32:23.869639,2066,47,2113
2022-05-11 13:32:24.871309,5069,62,5131
2022-05-11 13:32:25.878190,4347,24,4371
2022-05-11 13:32:26.888868,8308,107,8415
2022-05-11 13:32:27.881289,4182,6,4188
2022-05-11 13:32:28.894790,5016,92,5108
2022-05-11 13:32:29.898936,7771,84,7855
2022-05-11 13:32:30.904277,2657,106,2763
2022-05-11 13:32:31.913554,6508,123,6631
2022-05-11 13:32:32.917959,5387,18,5405
2022-05-11 13:32:33.924723,1306,40,1346
2022-05-11 13:32:34.933516,5838,4,5842
2022-05-11 13:32:35.940961,4014,91,4105
2022-05-11 13:32:36.950218,4873,62,4935
2022-05-11 13:32:37.955705,8650,118,8768
2022-05-11 13:32:38.962750,1837,64,1901
2022-05-11 13:32:39.968777,6168,14,6182
2022-05-11 13:32:40.978527,7759,16,7775
2022-05-11 13:32:41.981586,5115,130,5245
2022-05-11 13:32:42.974603,3570,40,3610
2022-05-11 13:32:43.988618,7113,104,7217
2022-05-11 13:32:44.991835,8912,6,8918
2022-05-11 13:32:45.995616,8020,20,8040
2022-05-11 13:32:47.001691,2504,128,2632
2022-05-11 13:32:48.008334,793,50,843
2022-05-11 13:32:49.013698,3194,16,3210
2022-05-11 13:32:50.009465,5415,17,5432
2022-05-11 13:32:51.020675,5939,147,6086
2022-05-11 13:32:52.029409,2741,71,2812
2022-05-11 13:32:53.036837,427,30,457
2022-05-11 13:32:54.037752,6096,54,6150
2022-05-11 13:32:55.048782,4074,121,4195
2022-05-11 13:32:56.051410,3001,93,3094
2022-05-11 13:32:57.057024,2264,77,2341
2022-05-11 13:32:58.064962,4087,84,4171
2022-05-11 13:32:59.069938,1750,147,1897
2022-05-11 13:33:00.073899,8239,116,8355
2022-05-11 13:33:01.079960,309,83,392
2022-05-11 13:33:02.084827,4523,34,4557
2022-05-11 13:33:03.084205,5336,12,5348
2022-05-11 13:33:04.092029,4718,63,4781
2022-05-11 13:33:05.101355,5009,80,5089
2022-05-11 13:33:06.104729,2810,16,2826
2022-05-11 13:33:08.112452,8393,103,8496
2022-05-11 13:33:09.117987,1937,47,1984
2022-05-11 13:33:10.130367,2947,130,3077
2022-05-11 13:33:11.136707,6044,81,6125
2022-05-11 13:33:12.139261,3794,8,3802
2022-05-11 13:33:13.143373,5258,104,5362
2022-05-11 13:33:14.154026,6098,135,6233
2022-05-11 13:33:15.152481,3462,56,3518
2022-05-11 13:33:16.160444,3348,127,3475
2022-05-11 13:33:17.163434,2836,101,2937
2022-05-11 13:33:18.170367,2754,9,2763
2022-05-11 13:33:19.172716,2350,38,2388
2022-05-11 13:33:20.182351,8873,87,8960
2022-05-11 13:33:21.184352,5395,60,5455
2022-05-11 13:33:22.183869,5048,44,5092
2022-05-11 13:33:23.193413,6231,31,6262
2022-05-11 13:33:24.201533,8112,104,8216
2022-05-11 13:33:25.201466,2803,16,2819
2022-05-11 13:33:26.207091,3300,42,3342
2022-05-11 13:33:27.211089,7196,126,7322
2022-05-11 13:33:28.215292,3120,82,3202
2022-05-11 13:33:29.228356,3153,2,3155
2022-05-11 13:33:30.235120,5552,70,5622
2022-05-11 13:33:31.242872,875,20,895
2022-05-11 13:33:32.250392,6620,44,6664
2022-05-11 13:33:33.265445,6739,63,6802
2022-05-11 13:33:34.272607,1419,15,1434
2022-05-11 13:33:35.275101,8431,92,8523
2022-05-11 13:33:36.280483,5593,78,5671
2022-05-11 13:33:37.280622,8349,121,8470
2022-05-11 13:33:38.287982,3001,90,3091
2022-05-11 13:33:39.299121,2639,13,2652
2022-05-11 13:33:40.302249,8521,75,8596
2022-05-11 13:33:41.308717,3269,77,3346
2022-05-11 13:33:42.314307,4266,55,4321
2022-05-11 13:33:43.322034,3722,124,3846
2022-05-11 13:33:44.319933,5446,10,5456
2022-05-11 13:33:45.328581,5852,38,5890
2022-05-11 13:33:46.339999,744,12,756
2022-05-11 13:33:47.346893,1694,30,1724
2022-05-11 13:33:48.352105,7364,71,7435
2022-05-11 13:33:49.357503,7370,108,7478
2022-05-11 13:33:51.368704,588,84,672
2022-05-11 13:33:52.380606,1877,81,1958
2022-05-11 13:33:53.388419,2093,94,2187
2022-05-11 13:33:54.396138,7461,68,7529
2022-05-11 13:33:55.397995,3572,134,3706
2022-05-11 13:33:56.401461,5758,61,5819
2022-05-11 13:33:57.409403,2383,61,2444
2022-05-11 13:33:58.414608,6345,54,6399
2022-05-11 13:33:59.410003,5246,70,5316
2022-05-11 13:34:00.423960,5810,114,5924
2022-05-11 13:34:01.428281,84,74,158
2022-05-11 13:34:02.439073,8878,33,8911
2022-05-11 13:34:03.438414,8713,83,8796
2022-05-11 13:34:04.442661,8973,34,9007
2022-05-11 13:34:05.447371,3903,54,3957
2022-05-11 13:34:06.452378,6596,101,6697
2022-05-11 13:34:07.464247,1124,17,1141
2022-05-11 13:34:08.467851,4572,3,4575
2022-05-11 13:34:09.472561,3580,93,3673
2022-05-11 13:34:10.488508,8466,46,8512
2022-05-11 13:34:11.492138,8046,107,8153
2022-05-11 13:34:12.488487,8436,70,8506
2022-05-11 13:34:13.487999,5378,96,5474
2022-05-11 13:34:14.499168,2558,116,2674
2022-05-11 13:34:15.504936,6522,126,6648
2022-05-11 13:34:16.509125,5625,44,5669
2022-05-11 13:34:17.515952,1276,28,1304
2022-05-11 13:34:18.521751,17,78,95
2022-05-11 13:34:19.531645,3655,148,3803
2022-05-11 13:34:20.534861,7982,132,8114
2022-05-11 13:34:21.541331,7280,34,7314
2022-05-11 13:34:22.548088,4414,147,4561
2022-05-11 13:34:23.557635,7317,87,7404
2022-05-11 13:34:24.567377,3282,144,3426
2022-05-11 13:34:25.570583,5857,65,5922
2022-05-11 13:34:26.581521,921,101,1022
2022-05-11 13:34:27.583559,6510,14,6524
2022-05-11 13:34:28.591984,4187,17,4204
2022-05-11 13:34:29.596373,8918,16,8934
2022-05-11 13:34:30.600406,5254,97,5351
2022-05-11 13:34:31.610322,6486,86,6572
2022-05-11 13:34:32.619947,7820,56,7876
2022-05-11 13:34:33.631881,203,110,313
2022-05-11 13:34:34.636277,832,65,897
2022-05-11 13:34:35.640207,4181,29,4210
2022-05-11 13:34:36.653489,3625,94,3719
2022-05-11 13:34:37.654288,6677,99,6776
2022-05-11 13:34:38.659099,789,24,813
2022-05-11 13:34:39.664776,702,129,831
2022-05-11 13:34:40.668171,2070,52,2122
2022-05-11 13:34:41.679393,6923,53,6976
2022-05-11 13:34:42.690205,7880,94,7974
2022-05-11 13:34:43.699294,7420,117,7537
2022-05-11 13:34:44.701272,7921,98,8019
2022-05-11 13:34:45.708617,2074,110,2184
2022-05-11 13:34:46.711496,832,116,948
2022-05-11 13:34:47.719009,5329,44,5373
2022-05-11 13:34:48.721760,6077,40,6117
2022-05-11 13:34:49.729976,1068,103,1171
2022-05-11 13:34:50.732392,5119,146,5265
2022-05-11 13:34:51.738883,4152,25,4177
2022-05-11 13:34:52.743997,1108,85,1193
2022-05-11 13:34:53.752868,7914,125,8039
2022-05-11 13:34:54.756427,1110,73,1183
2022-05-11 13:34:55.763977,3801,71,3872
2022-05-11 13:34:56.767502,252,100,352
2022-05-11 13:34:57.773560,1643,8,1651
2022-05-11 13:34:58.775208,427,62,489
2022-05-11 13:34:59.779919,1011,36,1047
2022-05-11 13:35:00.781059,2222,81,2303
2022-05-11 13:35:01.792414,95,119,214
2022-05-11 13:35:02.803379,2693,39,2732
2022-05-11 13:35:03.814457,3348,113,3461
2022-05-11 13:35:04.809985,6537,49,6586
2022-05-11 13:35:05.818515,1235,40,1275
2022-05-11 13:35:06.824969,5387,18,5405
2022-05-11 13:35:07.830335,7528,109,7637
2022-05-11 13:35:08.834400,8432,149,8581
2022-05-11 13:35:09.840398,1740,48,1788
2022-05-11 13:35:10.849590,8252,1,8253
2022-05-11 13:35:11.878953,7191,116,7307
2022-05-11 13:35:12.853200,92,138,230
2022-05-11 13:35:13.862141,8083,81,8164
2022-05-11 13:35:14.867067,7278,104,7382
2022-05-11 13:35:15.859313,1012,131,1143
2022-05-11 13:35:16.872943,6841,93,6934
2022-05-11 13:35:17.881302,1942,86,2028
2022-05-11 13:35:18.881266,56,4,60
2022-05-11 13:35:19.892079,7149,74,7223
2022-05-11 13:35:20.903520,7158,35,7193
2022-05-11 13:35:21.907220,8951,125,9076
2022-05-11 13:35:22.915621,2407,43,2450
2022-05-11 13:35:23.920122,5528,148,5676
2022-05-11 13:35:24.932005,60,75,135
2022-05-11 13:35:25.937459,2664,78,2742
2022-05-11 13:35:26.950225,8323,64,8387
2022-05-11 13:35:27.960600,7490,31,7521
2022-05-11 13:35:28.966839,2911,81,2992
2022-05-11 13:35:29.976076,2296,31,2327
2022-05-11 13:35:30.985756,1179,51,1230
2022-05-11 13:35:31.992213,6714,76,6790
2022-05-11 13:35:33.002332,4067,58,4125
2022-05-11 13:35:34.009095,5891,86,5977
2022-05-11 13:35:35.015820,8468,17,8485
2022-05-11 13:35:36.025934,4715,101,4816
2022-05-11 13:35:37.032828,120,145,265
2022-05-11 13:35:38.038177,2498,66,2564
2022-05-11 13:35:39.042349,7310,90,7400
2022-05-11 13:35:40.053078,3538,113,3651
2022-05-11 13:35:41.062548,8593,132,8725
2022-05-11 13:35:42.067568,1043,48,1091
2022-05-11 13:35:43.073094,558,73,631
2022-05-11 13:35:44.076703,4402,145,4547
2022-05-11 13:35:45.087105,1629,8,1637
2022-05-11 13:35:46.096187,4751,141,4892
2022-05-11 13:35:47.105131,4823,74,4897
2022-05-11 13:35:48.121275,6177,142,6319
2022-05-11 13:35:49.122401,4577,81,4658
2022-05-11 13:35:50.127363,1668,93,1761
2022-05-11 13:35:51.138966,3251,130,3381
2022-05-11 13:35:52.137310,6720,126,6846
2022-05-11 13:35:53.149163,5852,65,5917
2022-05-11 13:35:54.153493,7891,49,7940
2022-05-11 13:35:55.161536,5897,145,6042
2022-05-11 13:35:56.172295,2626,43,2669
2022-05-11 13:35:57.181051,1345,15,1360
2022-05-11 13:35:58.186538,164,119,283
2022-05-11 13:35:59.199253,5543,104,5647
2022-05-11 13:36:00.209418,5337,97,5434
2022-05-11 13:36:01.217095,7837,30,7867
2022-05-11 13:36:02.226470,4323,70,4393
2022-05-11 13:36:03.229335,4744,132,4876
2022-05-11 13:36:04.240141,7126,38,7164
2022-05-11 13:36:05.247904,1507,131,1638
2022-05-11 13:36:06.257530,8452,1,8453
2022-05-11 13:36:07.267735,3656,19,3675
2022-05-11 13:36:08.270018,4788,91,4879
2022-05-11 13:36:09.283420,246,88,334
2022-05-11 13:36:10.293032,1506,47,1553
2022-05-11 13:36:11.303539,3461,24,3485
2022-05-11 13:36:12.308138,8091,14,8105
2022-05-11 13:36:13.306886,4466,81,4547
2022-05-11 13:36:14.319017,6928,124,7052
2022-05-11 13:36:15.324266,2210,28,2238
2022-05-11 13:36:16.332060,3207,4,3211
2022-05-11 13:36:17.339172,8899,79,8978
2022-05-11 13:36:18.341617,7157,83,7240
2022-05-11 13:36:19.357022,830,128,958
2022-05-11 13:36:20.368552,3403,121,3524
2022-05-11 13:36:21.363055,1176,148,1324
2022-05-11 13:36:22.376255,6162,102,6264
2022-05-11 13:36:23.373186,2349,22,2371
2022-05-11 13:36:24.386874,6983,6,6989
2022-05-11 13:36:25.398139,8706,88,8794
2022-05-11 13:36:26.406156,7665,76,7741
2022-05-11 13:36:27.416585,3888,120,4008
2022-05-11 13:36:28.416938,8963,110,9073
2022-05-11 13:36:29.429526,3602,107,3709
2022-05-11 13:36:30.447037,3880,149,4029
2022-05-11 13:36:31.452669,5421,86,5507
2022-05-11 13:36:32.445519,4544,26,4570
2022-05-11 13:36:33.461087,5827,117,5944
2022-05-11 13:36:35.466878,243,50,293
2022-05-11 13:36:36.479104,5316,69,5385
2022-05-11 13:36:37.488089,8380,4,8384
2022-05-11 13:36:38.493363,2683,58,2741
2022-05-11 13:36:39.501000,888,85,973
2022-05-11 13:36:40.512970,8333,143,8476
2022-05-11 13:36:41.520988,1977,103,2080
2022-05-11 13:36:42.527361,5932,27,5959
2022-05-11 13:36:43.536406,4638,61,4699
2022-05-11 13:36:44.546362,2131,54,2185
2022-05-11 13:36:45.552725,7004,62,7066
2022-05-11 13:36:46.556839,30,42,72
2022-05-11 13:36:47.549814,5010,143,5153
2022-05-11 13:36:48.565361,5873,97,5970
2022-05-11 13:36:49.575023,8612,15,8627
2022-05-11 13:36:50.580678,7097,90,7187
2022-05-11 13:36:51.580178,5942,21,5963
2022-05-11 13:36:52.591498,2947,34,2981
2022-05-11 13:36:53.603067,2183,17,2200
2022-05-11 13:36:54.614014,1696,23,1719
2022-05-11 13:36:55.622032,380,35,415
2022-05-11 13:36:56.629786,7299,85,7384
2022-05-11 13:36:57.636566,1229,87,1316
2022-05-11 13:36:58.641921,4745,59,4804
2022-05-11 13:36:59.654013,2626,75,2701
2022-05-11 13:37:00.660380,3392,106,3498
2022-05-11 13:37:01.666580,7845,141,7986
2022-05-11 13:37:02.658110,4464,124,4588
2022-05-11 13:37:03.672846,3047,102,3149
2022-05-11 13:37:04.678948,4139,116,4255
2022-05-11 13:37:05.687986,5340,97,5437
2022-05-11 13:37:06.698342,8245,18,8263
2022-05-11 13:37:07.709877,3136,87,3223
2022-05-11 13:37:08.715943,3575,81,3656
2022-05-11 13:37:09.724159,6382,57,6439
2022-05-11 13:37:10.726762,4047,140,4187
2022-05-11 13:37:11.734209,6750,144,6894
2022-05-11 13:37:12.739285,1129,65,1194
2022-05-11 13:37:13.745000,7369,80,7449
2022-05-11 13:37:14.753767,2887,45,2932
2022-05-11 13:37:15.763504,4514,100,4614
2022-05-11 13:37:16.768270,1871,124,1995
2022-05-11 13:37:17.776232,7012,53,7065
2022-05-11 13:37:18.784778,1770,64,1834
2022-05-11 13:37:19.789531,2508,65,2573
2022-05-11 13:37:20.794516,2679,2,2681
2022-05-11 13:37:21.799666,8739,94,8833
2022-05-11 13:37:22.821766,1496,61,1557
2022-05-11 13:37:23.830901,1775,78,1853
2022-05-11 13:37:24.837496,4584,65,4649
2022-05-11 13:37:25.834760,1637,75,1712
2022-05-11 13:37:26.846598,496,81,577
2022-05-11 13:37:27.847324,5034,81,5115
2022-05-11 13:37:28.853214,2084,36,2120
2022-05-11 13:37:29.865538,8560,97,8657
2022-05-11 13:37:30.875703,4355,65,4420
2022-05-11 13:37:31.883465,2602,86,2688
2022-05-11 13:37:32.889035,641,6,647
2022-05-11 13:37:33.893789,147,70,217
2022-05-11 13:37:34.901822,2681,134,2815
2022-05-11 13:37:35.914577,821,54,875
2022-05-11 13:37:36.929732,4101,52,4153
2022-05-11 13:37:37.945727,8879,28,8907
2022-05-11 13:37:38.955284,1119,34,1153
2022-05-11 13:37:39.964262,6915,84,6999
2022-05-11 13:37:40.971627,823,122,945
2022-05-11 13:38:16.401989,929,82,1011
2022-05-11 13:38:17.341046,6491,106,6597
2022-05-11 13:38:18.340054,1374,19,1393
2022-05-11 13:38:19.343502,5621,60,5681
2022-05-11 13:38:20.352142,8595,29,8624
2022-05-11 13:38:21.354734,3481,42,3523
2022-05-11 13:38:22.358123,912,123,1035
2022-05-11 13:38:23.365999,6874,54,6928
2022-05-11 13:38:24.378821,6650,116,6766
2022-05-11 13:38:25.387516,5262,130,5392
2022-05-11 13:38:26.394265,8504,37,8541
2022-05-11 13:38:27.400204,3460,19,3479
2022-05-11 13:38:28.412757,253,50,303
2022-05-11 13:38:29.414363,3814,49,3863
2022-05-11 13:38:30.420275,6507,107,6614
2022-05-11 13:38:31.430203,820,17,837
2022-05-11 13:38:32.438298,3851,50,3901
2022-05-11 13:38:33.445624,3628,130,3758
2022-05-11 13:38:34.450472,4354,134,4488
2022-05-11 13:38:35.458243,1771,97,1868
2022-05-11 13:38:36.462290,5021,59,5080
2022-05-11 13:38:37.469679,2332,24,2356
2022-05-11 13:38:38.463373,2897,44,2941
2022-05-11 13:38:39.482087,3704,54,3758
2022-05-11 13:38:40.489290,5340,115,5455
2022-05-11 13:38:41.493602,2317,101,2418
2022-05-11 13:38:42.501302,6936,58,6994
2022-05-11 13:38:43.512065,4006,17,4023
2022-05-11 13:38:44.512712,7325,134,7459
2022-05-11 13:38:45.519315,4742,29,4771
2022-05-11 13:38:46.522985,8636,11,8647
2022-05-11 13:38:48.547284,8957,47,9004
2022-05-11 13:38:49.558108,1388,73,1461
2022-05-11 13:38:50.562397,8283,87,8370
2022-05-11 13:38:51.564350,3452,144,3596
2022-05-11 13:38:52.566889,8192,48,8240
2022-05-11 13:38:53.571871,7711,51,7762
2022-05-11 13:38:54.577249,650,73,723
2022-05-11 13:38:55.582867,5975,18,5993
2022-05-11 13:38:56.595938,6569,28,6597
2022-05-11 13:38:57.605920,2597,92,2689
2022-05-11 13:38:58.604869,3228,67,3295
2022-05-11 13:38:59.615725,4871,98,4969
2022-05-11 13:39:00.617159,4631,59,4690
2022-05-11 13:39:01.632750,1297,119,1416
2022-05-11 13:39:02.637826,142,124,266
2022-05-11 13:39:03.648108,7439,65,7504
2022-05-11 13:39:04.654813,1718,49,1767
2022-05-11 13:39:05.657399,3302,55,3357
2022-05-11 13:39:06.656299,5538,26,5564
2022-05-11 13:39:07.670072,1646,150,1796
2022-05-11 13:39:08.674630,4502,136,4638
2022-05-11 13:39:09.683914,6627,145,6772
2022-05-11 13:39:10.688697,4218,40,4258
2022-05-11 13:39:11.695639,654,75,729
2022-05-11 13:39:12.703442,6493,108,6601
2022-05-11 13:39:13.714728,3158,13,3171
2022-05-11 13:39:14.726153,5836,142,5978
2022-05-11 13:39:16.731878,492,126,618
2022-05-11 13:39:17.745102,8078,105,8183
2022-05-11 13:39:18.750571,4268,132,4400
2022-05-11 13:39:19.754609,1532,82,1614
2022-05-11 13:39:20.755550,7306,109,7415
2022-05-11 13:39:21.757916,7050,42,7092
2022-05-11 13:39:22.775579,7691,81,7772
2022-05-11 13:39:23.776553,2205,99,2304
2022-05-11 13:39:24.790225,6282,9,6291
2022-05-11 13:39:25.802779,3437,135,3572
2022-05-11 13:39:26.806112,5021,98,5119
2022-05-11 13:39:27.809974,3971,35,4006
2022-05-11 13:39:28.818203,2533,41,2574
2022-05-11 13:39:29.821338,2613,104,2717
2022-05-11 13:39:30.826545,7036,21,7057
2022-05-11 13:39:31.834989,2018,24,2042
2022-05-11 13:39:32.840487,7065,47,7112
2022-05-11 13:39:33.847581,6126,75,6201
2022-05-11 13:39:34.852789,6285,119,6404
2022-05-11 13:39:35.860720,6491,71,6562
2022-05-11 13:39:36.869564,1953,103,2056
2022-05-11 13:39:37.876778,7248,35,7283
2022-05-11 13:39:38.885237,7397,124,7521
2022-05-11 13:39:39.888570,2376,29,2405
2022-05-11 13:39:40.894710,2357,102,2459
2022-05-11 13:39:41.900843,7460,20,7480
2022-05-11 13:39:42.912811,3776,22,3798
2022-05-11 13:39:43.921263,8203,94,8297
2022-05-11 13:39:44.930676,1241,94,1335
2022-05-11 13:39:45.931801,2094,125,2219
2022-05-11 13:39:46.943280,79,116,195
2022-05-11 13:39:47.945078,6101,82,6183
2022-05-11 13:39:48.957608,3914,17,3931
2022-05-11 13:39:49.964100,6831,139,6970
2022-05-11 13:39:50.973732,7450,48,7498
2022-05-11 13:39:51.980209,3522,13,3535
2022-05-11 13:39:52.978542,87,98,185
2022-05-11 13:39:53.983539,8776,18,8794
2022-05-11 13:39:54.986081,3447,138,3585
2022-05-11 13:39:55.999718,5839,85,5924
2022-05-11 13:39:57.005192,4492,62,4554
2022-05-11 13:39:58.016140,3960,98,4058
2022-05-11 13:39:59.029435,293,149,442
2022-05-11 13:40:00.035651,3177,82,3259
2022-05-11 13:40:01.047110,1255,21,1276
2022-05-11 13:40:02.058925,3375,118,3493
2022-05-11 13:40:03.062215,1078,37,1115
2022-05-11 13:40:04.071142,1225,64,1289
2022-05-11 13:40:05.086004,3604,86,3690
2022-05-11 13:40:06.089331,6503,43,6546
2022-05-11 13:40:07.094951,7329,145,7474
2022-05-11 13:40:08.098594,4362,135,4497
2022-05-11 13:40:09.107231,6336,97,6433
2022-05-11 13:40:10.098991,8395,149,8544
2022-05-11 13:40:11.110883,665,107,772
2022-05-11 13:40:12.133800,4739,79,4818
2022-05-11 13:40:13.133212,843,20,863
2022-05-11 13:40:14.137226,3667,50,3717
2022-05-11 13:40:15.149225,8171,23,8194
2022-05-11 13:40:16.149204,4923,143,5066
2022-05-11 13:40:17.158494,7095,138,7233
2022-05-11 13:40:18.160325,4270,31,4301
2022-05-11 13:40:19.171616,4754,142,4896
2022-05-11 13:40:20.177575,5307,66,5373
2022-05-11 13:40:21.169696,4786,62,4848
2022-05-11 13:40:22.180089,3747,22,3769
2022-05-11 13:40:23.197586,5277,90,5367
2022-05-11 13:40:24.199325,6121,42,6163
2022-05-11 13:40:25.205271,7977,111,8088
2022-05-11 13:40:26.200277,4184,57,4241
2022-05-11 13:40:27.209210,5534,35,5569
2022-05-11 13:40:28.220293,5925,70,5995
2022-05-11 13:40:29.231021,74,35,109
2022-05-11 13:40:30.235634,7628,82,7710
2022-05-11 13:40:31.242550,6802,127,6929
2022-05-11 13:40:32.269286,7371,92,7463
2022-05-11 13:40:33.268376,4507,5,4512
2022-05-11 13:40:34.267909,6310,142,6452
2022-05-11 13:40:35.277650,3563,97,3660
2022-05-11 13:40:36.283418,4967,117,5084
2022-05-11 13:40:37.286164,1915,101,2016
2022-05-11 13:40:38.286340,234,147,381
2022-05-11 13:40:39.291107,5852,62,5914
2022-05-11 13:40:40.297615,1922,77,1999
2022-05-11 13:40:41.307171,1040,30,1070
2022-05-11 13:40:42.311463,2041,102,2143
2022-05-11 13:40:43.316070,8943,110,9053
2022-05-11 13:40:44.322151,3871,10,3881
2022-05-11 13:40:45.332141,1412,103,1515
2022-05-11 13:40:46.332834,911,85,996
2022-05-11 13:40:47.337832,361,64,425
2022-05-11 13:40:48.338959,2155,42,2197
2022-05-11 13:40:49.344826,1400,17,1417
2022-05-11 13:40:50.348773,5083,35,5118
2022-05-11 13:40:51.352864,3251,59,3310
2022-05-11 13:40:52.356628,8251,61,8312
2022-05-11 13:40:53.365987,8256,45,8301
2022-05-11 13:40:54.369518,8864,84,8948
2022-05-11 13:40:55.376711,1062,110,1172
2022-05-11 13:40:56.378563,2215,145,2360
2022-05-11 13:40:57.382280,5694,67,5761
2022-05-11 13:40:58.391606,725,97,822
2022-05-11 13:40:59.396677,5914,1,5915
2022-05-11 13:41:00.398598,5471,32,5503
2022-05-11 13:41:01.405536,7578,80,7658
2022-05-11 13:41:02.410966,7152,116,7268
2022-05-11 13:41:03.420299,4274,1,4275
2022-05-11 13:41:04.428448,3874,121,3995
2022-05-11 13:41:05.436583,1788,57,1845
2022-05-11 13:41:06.435841,3378,68,3446
2022-05-11 13:41:07.444206,7509,122,7631
2022-05-11 13:41:08.450528,756,105,861
2022-05-11 13:41:09.457445,7320,38,7358
2022-05-11 13:41:10.460930,3136,93,3229
2022-05-11 13:41:11.459201,8984,101,9085
2022-05-11 13:41:12.466202,5881,125,6006
2022-05-11 13:41:13.477297,2080,6,2086
2022-05-11 13:41:14.479804,5289,85,5374
2022-05-11 13:41:15.487116,7910,123,8033
2022-05-11 13:41:16.487089,8843,114,8957
2022-05-11 13:41:17.495526,808,38,846
2022-05-11 13:41:18.505534,7068,39,7107
2022-05-11 13:41:19.511378,4582,3,4585
2022-05-11 13:41:20.524185,8735,97,8832
2022-05-11 13:41:21.524944,6081,142,6223
2022-05-11 13:41:22.528691,2758,90,2848
2022-05-11 13:41:23.532755,3919,29,3948
2022-05-11 13:41:24.536516,994,9,1003
2022-05-11 13:41:25.540022,7803,42,7845
2022-05-11 13:41:26.539327,1872,117,1989
2022-05-11 13:41:27.546103,7176,114,7290
2022-05-11 13:41:28.551434,3004,8,3012
2022-05-11 13:41:29.556800,1672,31,1703
2022-05-11 13:41:30.561300,5470,35,5505
2022-05-11 13:41:31.565319,3784,22,3806
2022-05-11 13:41:32.569763,3157,91,3248
2022-05-11 13:41:33.576578,4704,54,4758
2022-05-11 13:41:34.578739,6229,125,6354
2022-05-11 13:41:35.585393,3795,103,3898
2022-05-11 13:41:36.587713,8672,22,8694
2022-05-11 13:41:37.596380,1885,63,1948
2022-05-11 13:41:38.606114,7493,66,7559
2022-05-11 13:41:39.614665,2688,27,2715
2022-05-11 13:41:40.622383,7025,41,7066
2022-05-11 13:41:41.622979,4209,134,4343
2022-05-11 13:41:42.631734,3765,7,3772
2022-05-11 13:41:43.634384,5027,68,5095
2022-05-11 13:41:44.640408,7957,102,8059
2022-05-11 13:41:45.645855,6459,138,6597
2022-05-11 13:41:46.649477,8201,138,8339
2022-05-11 13:41:47.657628,304,121,425
2022-05-11 13:41:48.660132,7877,56,7933
2022-05-11 13:41:49.666183,8939,97,9036
2022-05-11 13:41:50.671567,470,37,507
2022-05-11 13:41:51.678813,143,20,163
2022-05-11 13:41:52.682180,375,19,394
2022-05-11 13:41:53.693076,6782,9,6791
2022-05-11 13:41:54.692827,4614,69,4683
2022-05-11 13:41:55.704546,7032,50,7082
2022-05-11 13:41:56.705532,2162,44,2206
2022-05-11 13:41:57.709311,110,143,253
2022-05-11 13:41:58.714245,1275,129,1404
2022-05-11 13:41:59.724192,7787,65,7852
2022-05-11 13:42:00.728779,275,84,359
2022-05-11 13:42:01.738858,6845,148,6993
2022-05-11 13:42:02.742864,7199,80,7279
2022-05-11 13:42:03.748677,7752,139,7891
2022-05-11 13:42:04.757100,2630,147,2777
2022-05-11 13:42:05.760594,1288,70,1358
2022-05-11 13:42:06.763823,7595,108,7703
2022-05-11 13:42:07.771499,3218,63,3281
2022-05-11 13:42:08.779030,7446,48,7494
2022-05-11 13:42:09.787861,8433,5,8438
2022-05-11 13:42:10.795709,7217,95,7312
2022-05-11 13:42:11.805017,694,146,840
2022-05-11 13:42:12.803347,8736,133,8869
2022-05-11 13:42:13.810358,4367,58,4425
2022-05-11 13:42:14.815963,6509,28,6537
2022-05-11 13:42:15.823492,4562,19,4581
2022-05-11 13:42:16.832359,8817,70,8887
2022-05-11 13:42:17.837002,6049,41,6090
2022-05-11 13:42:18.840190,4949,126,5075
2022-05-11 13:42:19.844158,8663,148,8811
2022-05-11 13:42:20.851521,3314,7,3321
2022-05-11 13:42:21.859367,581,99,680
2022-05-11 13:42:22.864106,4313,81,4394
2022-05-11 13:42:23.868391,5815,118,5933
2022-05-11 13:42:24.869631,1042,106,1148
2022-05-11 13:42:25.881204,8639,31,8670
2022-05-11 13:42:26.888228,4379,17,4396
2022-05-11 13:42:27.882221,8929,147,9076
2022-05-11 13:42:28.893838,3256,56,3312
2022-05-11 13:42:29.898722,5330,52,5382
2022-05-11 13:42:30.907659,4853,110,4963
2022-05-11 13:42:31.913285,3836,64,3900
2022-05-11 13:42:32.916106,1033,28,1061
2022-05-11 13:42:33.921574,7360,111,7471
2022-05-11 13:42:34.927124,4222,30,4252
2022-05-11 13:42:35.935318,7482,115,7597
2022-05-11 13:42:36.940684,7874,112,7986
2022-05-11 13:42:37.945108,3928,134,4062
2022-05-11 13:42:38.949538,4836,67,4903
2022-05-11 13:42:39.960144,2510,4,2514
2022-05-11 13:42:40.964320,618,122,740
2022-05-11 13:42:41.971221,5355,115,5470
2022-05-11 13:42:42.967348,6717,32,6749
2022-05-11 13:42:43.976985,1363,142,1505
2022-05-11 13:42:44.981106,5531,54,5585
2022-05-11 13:42:45.987237,4960,99,5059
2022-05-11 13:42:46.990320,2308,13,2321
2022-05-11 13:42:47.995413,8280,81,8361
2022-05-11 13:42:48.997727,4348,104,4452
2022-05-11 13:42:50.008167,6223,2,6225
2022-05-11 13:42:51.012155,640,23,663
2022-05-11 13:42:52.014564,2606,33,2639
2022-05-11 13:42:53.024199,5898,16,5914
2022-05-11 13:42:54.024478,7780,112,7892
2022-05-11 13:42:55.030667,1947,89,2036
2022-05-11 13:42:56.037151,8140,144,8284
2022-05-11 13:42:57.042384,3992,8,4000
2022-05-11 13:42:58.044985,567,145,712
2022-05-11 13:42:59.048345,358,64,422
2022-05-11 13:43:00.053686,2803,99,2902
2022-05-11 13:43:01.067138,1019,2,1021
2022-05-11 13:43:02.067967,1997,133,2130
2022-05-11 13:43:03.073319,7970,135,8105
2022-05-11 13:43:04.079235,4536,19,4555
2022-05-11 13:43:05.088083,1852,104,1956
2022-05-11 13:43:06.091805,3235,3,3238
2022-05-11 13:43:07.096591,1087,132,1219
2022-05-11 13:43:08.104422,5406,52,5458
2022-05-11 13:43:09.110862,1520,138,1658
2022-05-11 13:43:10.115298,7210,94,7304
2022-05-11 13:43:11.123355,3369,9,3378
2022-05-11 13:43:12.126799,1926,72,1998
2022-05-11 13:43:13.131471,1029,15,1044
2022-05-11 13:43:14.137633,5809,27,5836
2022-05-11 13:43:15.138280,4326,26,4352
2022-05-11 13:43:16.141904,1539,3,1542
2022-05-11 13:43:17.145241,785,47,832
2022-05-11 13:43:18.148289,8290,115,8405
2022-05-11 13:43:19.153320,8258,46,8304
2022-05-11 13:43:20.154551,2530,43,2573
2022-05-11 13:43:21.164326,1900,58,1958
2022-05-11 13:43:22.167407,8358,20,8378
2022-05-11 13:43:23.175584,1379,110,1489
2022-05-11 13:43:24.181234,3817,85,3902
2022-05-11 13:43:25.191512,7972,3,7975
2022-05-11 13:43:26.193349,5774,18,5792
2022-05-11 13:43:27.202267,6315,42,6357
2022-05-11 13:43:28.207146,5336,33,5369
2022-05-11 13:43:29.210024,4455,24,4479
2022-05-11 13:43:30.218288,257,31,288
2022-05-11 13:43:31.227648,6928,99,7027
2022-05-11 13:43:32.231116,1554,101,1655
2022-05-11 13:43:33.240312,4461,105,4566
2022-05-11 13:43:34.246178,2105,26,2131
2022-05-11 13:43:35.249263,21,83,104
2022-05-11 13:43:36.260458,3008,145,3153
2022-05-11 13:43:37.274473,1626,104,1730
2022-05-11 13:43:38.278463,3648,15,3663
2022-05-11 13:43:39.276115,7852,138,7990
2022-05-11 13:43:40.284213,7836,113,7949
2022-05-11 13:43:41.287861,932,96,1028
2022-05-11 13:43:42.290467,1933,132,2065
2022-05-11 13:43:43.296729,2164,140,2304
2022-05-11 13:43:44.294705,5424,70,5494
2022-05-11 13:43:45.300913,6842,133,6975
2022-05-11 13:43:46.305223,8467,41,8508
2022-05-11 13:43:47.306652,5435,91,5526
2022-05-11 13:43:48.313205,4060,92,4152
2022-05-11 13:43:49.319681,5387,18,5405
2022-05-11 13:43:50.326808,8590,79,8669
2022-05-11 13:43:51.330159,2970,57,3027
2022-05-11 13:43:52.336847,4283,58,4341
2022-05-11 13:43:53.338609,4859,92,4951
2022-05-11 13:43:54.335881,127,48,175
2022-05-11 13:43:55.343648,4588,45,4633
2022-05-11 13:43:56.348226,395,81,476
2022-05-11 13:43:57.359534,3862,62,3924
2022-05-11 13:43:58.364101,8795,123,8918
2022-05-11 13:43:59.370534,8999,124,9123
2022-05-11 13:44:00.375849,258,109,367
2022-05-11 13:44:01.380790,6559,8,6567
2022-05-11 13:44:02.392768,7483,7,7490
2022-05-11 13:44:03.400780,7005,57,7062
2022-05-11 13:44:04.405500,7304,87,7391
2022-05-11 13:44:05.411114,8974,24,8998
2022-05-11 13:44:06.419488,7359,50,7409
2022-05-11 13:44:07.423239,8680,119,8799
2022-05-11 13:44:08.429111,6910,45,6955
2022-05-11 13:44:09.439105,8401,86,8487
2022-05-11 13:44:10.443253,304,105,409
2022-05-11 13:44:11.453864,5478,44,5522
2022-05-11 13:44:12.459204,5332,136,5468
2022-05-11 13:44:13.462813,565,29,594
2022-05-11 13:44:14.469524,4571,140,4711
2022-05-11 13:44:15.476241,2830,18,2848
2022-05-11 13:44:16.483943,5023,43,5066
2022-05-11 13:44:17.490036,425,81,506
2022-05-11 13:44:18.494779,2929,99,3028
2022-05-11 13:44:19.503080,217,67,284
2022-05-11 13:44:20.515752,4716,66,4782
2022-05-11 13:44:21.518047,7108,124,7232
2022-05-11 13:44:22.525326,4800,23,4823
2022-05-11 13:44:23.529948,747,126,873
2022-05-11 13:44:24.534389,1582,83,1665
2022-05-11 13:44:25.548664,2116,21,2137
2022-05-11 13:44:26.548567,4545,89,4634
2022-05-11 13:44:27.556912,3700,145,3845
2022-05-11 13:44:28.560503,5356,108,5464
2022-05-11 13:44:29.566140,7332,110,7442
2022-05-11 13:44:30.568122,4417,22,4439
2022-05-11 13:44:31.576169,5015,44,5059
2022-05-11 13:44:32.580753,2280,7,2287
2022-05-11 13:44:33.587765,8611,75,8686
2022-05-11 13:44:34.592005,5226,75,5301
2022-05-11 13:44:35.600675,6512,102,6614
2022-05-11 13:44:36.601868,6171,101,6272
2022-05-11 13:44:37.607068,3150,5,3155
2022-05-11 13:44:38.611857,2827,36,2863
2022-05-11 13:44:39.620419,1598,141,1739
2022-05-11 13:44:40.623648,4073,34,4107
2022-05-11 13:44:41.631620,725,127,852
2022-05-11 13:44:42.637820,4727,8,4735
2022-05-11 13:44:43.644949,4940,57,4997
2022-05-11 13:44:44.651779,7721,139,7860
2022-05-11 13:44:45.646394,8664,129,8793
2022-05-11 13:44:46.651750,1014,56,1070
2022-05-11 13:44:47.659689,310,65,375
2022-05-11 13:44:48.663451,7694,119,7813
2022-05-11 13:44:49.667791,6358,41,6399
2022-05-11 13:44:50.671793,7108,93,7201
2022-05-11 13:44:51.675230,5040,9,5049
2022-05-11 13:44:52.677444,1642,53,1695
2022-05-11 13:44:53.685954,5604,141,5745
2022-05-11 13:44:54.688142,58,56,114
2022-05-11 13:44:55.695537,5502,1,5503
2022-05-11 13:44:56.697905,6090,122,6212
2022-05-11 13:44:57.702565,6822,43,6865
2022-05-11 13:44:58.708908,1439,52,1491
2022-05-11 13:44:59.709241,2285,56,2341
2022-05-11 13:45:00.711409,1211,95,1306
2022-05-11 13:45:01.719942,7896,100,7996
2022-05-11 13:45:02.723824,1825,107,1932
2022-05-11 13:45:03.722119,1759,136,1895
2022-05-11 13:45:04.731626,4666,27,4693
2022-05-11 13:45:05.738521,969,137,1106
2022-05-11 13:45:06.742555,8093,111,8204
2022-05-11 13:45:07.746231,4927,44,4971
2022-05-11 13:45:08.753696,6596,33,6629
2022-05-11 13:45:09.761858,1077,8,1085
2022-05-11 13:45:10.769951,1725,50,1775
2022-05-11 13:45:11.772870,6934,3,6937
2022-05-11 13:45:12.773469,4828,149,4977
2022-05-11 13:45:13.780155,4318,36,4354
2022-05-11 13:45:14.783861,8471,60,8531
2022-05-11 13:45:15.791420,8878,144,9022
2022-05-11 13:45:16.798533,2445,124,2569
2022-05-11 13:45:17.806819,4714,66,4780
2022-05-11 13:45:18.803229,7780,33,7813
2022-05-11 13:45:19.810220,5188,109,5297
2022-05-11 13:45:20.813175,6510,46,6556
2022-05-11 13:45:21.820498,2537,109,2646
2022-05-11 13:45:22.827428,4289,58,4347
2022-05-11 13:45:23.822584,3499,14,3513
2022-05-11 13:45:24.831629,5740,105,5845
2022-05-11 13:45:25.840147,8190,72,8262
2022-05-11 13:45:26.847719,1545,85,1630
2022-05-11 13:45:27.851567,1524,57,1581
2022-05-11 13:45:28.852669,6316,135,6451
2022-05-11 13:45:29.858573,7877,37,7914
2022-05-11 13:45:30.866866,4828,98,4926
2022-05-11 13:45:31.873723,7207,127,7334
2022-05-11 13:45:32.881873,2338,57,2395
2022-05-11 13:45:33.886470,7603,7,7610
2022-05-11 13:45:34.891088,7861,119,7980
2022-05-11 13:45:35.895073,8455,145,8600
2022-05-11 13:45:36.900478,4457,5,4462
2022-05-11 13:45:37.903272,4195,105,4300
2022-05-11 13:45:38.909332,5768,120,5888
2022-05-11 13:45:39.915406,8363,40,8403
2022-05-11 13:45:40.919726,3706,129,3835
2022-05-11 13:45:41.922518,7427,27,7454
2022-05-11 13:45:42.929350,3193,127,3320
2022-05-11 13:45:43.936143,572,14,586
2022-05-11 13:45:44.939204,2118,103,2221
2022-05-11 13:45:46.948842,1649,69,1718
2022-05-11 13:45:47.961872,6060,116,6176
2022-05-11 13:45:48.964323,1109,127,1236
2022-05-11 13:45:49.972623,362,110,472
2022-05-11 13:45:50.975962,8244,108,8352
2022-05-11 13:45:51.980118,3490,39,3529
2022-05-11 13:45:52.982717,6050,84,6134
2022-05-11 13:45:53.992397,5495,132,5627
2022-05-11 13:45:54.996955,2147,30,2177
2022-05-11 13:45:56.008031,5372,31,5403
2022-05-11 13:45:57.007766,1206,56,1262
2022-05-11 13:45:58.012626,6278,123,6401
2022-05-11 13:45:59.017257,6736,23,6759
2022-05-11 13:46:00.024350,5255,69,5324
2022-05-11 13:46:01.029071,4275,49,4324
2022-05-11 13:46:02.029173,7023,43,7066
2022-05-11 13:46:03.045485,7528,128,7656
2022-05-11 13:46:04.050290,4397,53,4450
2022-05-11 13:46:05.053345,874,84,958
2022-05-11 13:46:06.062901,7333,14,7347
2022-05-11 13:46:07.067737,1183,61,1244
2022-05-11 13:46:08.071254,4725,50,4775
2022-05-11 13:46:09.079596,3515,48,3563
2022-05-11 13:46:10.080092,7686,92,7778
2022-05-11 13:46:11.095329,6393,86,6479
2022-05-11 13:46:12.101546,5534,126,5660
2022-05-11 13:46:13.106257,2184,75,2259
2022-05-11 13:46:14.112051,5834,117,5951
2022-05-11 13:46:15.116965,4604,67,4671
2022-05-11 13:46:16.122690,2746,78,2824
2022-05-11 13:46:17.125437,1659,150,1809
2022-05-11 13:46:18.132750,2128,23,2151
2022-05-11 13:46:19.142503,5908,57,5965
2022-05-11 13:46:20.147204,6872,19,6891
2022-05-11 13:46:21.161243,8847,48,8895
2022-05-11 13:46:22.168206,3828,115,3943
2022-05-11 13:46:23.168021,6244,24,6268
2022-05-11 13:46:24.182371,5774,148,5922
2022-05-11 13:46:25.183400,6673,149,6822
2022-05-11 13:46:26.186080,5845,76,5921
2022-05-11 13:46:27.195317,884,119,1003
2022-05-11 13:46:28.201484,6642,23,6665
2022-05-11 13:46:29.211089,192,77,269
2022-05-11 13:46:30.214299,1833,38,1871
2022-05-11 13:46:31.223495,8624,39,8663
2022-05-11 13:46:32.227558,1066,144,1210
2022-05-11 13:46:33.230802,7237,88,7325
2022-05-11 13:46:34.234770,2472,95,2567
2022-05-11 13:46:35.240148,583,66,649
2022-05-11 13:46:36.246434,3145,99,3244
2022-05-11 13:46:37.259246,3582,101,3683
2022-05-11 13:46:38.264334,6149,118,6267
2022-05-11 13:46:39.272732,119,82,201
2022-05-11 13:46:40.277313,7495,53,7548
2022-05-11 13:46:41.281597,1969,107,2076
2022-05-11 13:46:42.288216,1809,23,1832
2022-05-11 13:46:43.293761,3317,146,3463
2022-05-11 13:46:44.297843,3546,129,3675
2022-05-11 13:46:45.308104,7556,29,7585
2022-05-11 13:46:46.317638,3622,119,3741
2022-05-11 13:46:47.317905,3027,56,3083
2022-05-11 13:46:48.322280,4513,119,4632
2022-05-11 13:46:49.327621,8258,49,8307
2022-05-11 13:46:50.331994,2493,78,2571
2022-05-11 13:46:51.341188,6178,143,6321
2022-05-11 13:46:52.348556,7197,103,7300
2022-05-11 13:46:53.353466,5368,27,5395
2022-05-11 13:46:54.361279,4145,150,4295
2022-05-11 13:46:55.368533,8780,28,8808
2022-05-11 13:46:56.374615,8770,147,8917
2022-05-11 13:46:57.378611,8545,1,8546
2022-05-11 13:46:59.384599,4972,13,4985
2022-05-11 13:47:00.390024,338,129,467
2022-05-11 13:47:01.392751,5061,4,5065
2022-05-11 13:47:02.399558,1221,73,1294
2022-05-11 13:47:03.399418,3812,108,3920
2022-05-11 13:47:04.406945,3422,134,3556
2022-05-11 13:47:05.413809,7540,133,7673
2022-05-11 13:47:06.415366,4914,39,4953
2022-05-11 13:47:07.423920,3461,116,3577
2022-05-11 13:47:08.426088,817,80,897
2022-05-11 13:47:09.433348,6179,8,6187
2022-05-11 13:47:10.437295,1298,99,1397
2022-05-11 13:47:11.444666,6671,58,6729
2022-05-11 13:47:12.451918,1949,148,2097
2022-05-11 13:47:13.460969,7358,59,7417
2022-05-11 13:47:14.465355,4296,59,4355
2022-05-11 13:47:15.467605,591,110,701
2022-05-11 13:47:16.478814,3853,33,3886
2022-05-11 13:47:17.486630,5945,140,6085
2022-05-11 13:47:18.481345,4345,3,4348
2022-05-11 13:47:19.490808,1465,64,1529
2022-05-11 13:47:20.498625,4619,110,4729
2022-05-11 13:47:21.506361,8476,138,8614
2022-05-11 13:47:22.518877,7609,109,7718
2022-05-11 13:47:23.518534,3177,103,3280
2022-05-11 13:47:24.522700,6739,138,6877
2022-05-11 13:47:25.526795,742,70,812
2022-05-11 13:47:26.534478,2185,58,2243
2022-05-11 13:47:27.533829,5618,44,5662
2022-05-11 13:47:28.541386,2696,72,2768
2022-05-11 13:47:29.546875,2922,83,3005
2022-05-11 13:47:30.546338,1604,91,1695
2022-05-11 13:47:31.553410,6298,100,6398
2022-05-11 13:47:32.562348,7076,86,7162
2022-05-11 13:47:33.568595,2449,42,2491
2022-05-11 13:47:34.576754,1232,108,1340
2022-05-11 13:47:35.582617,7493,103,7596
2022-05-11 13:47:36.589420,6738,11,6749
2022-05-11 13:47:37.592836,7206,20,7226
2022-05-11 13:47:38.598740,4655,70,4725
2022-05-11 13:47:39.605921,2675,24,2699
2022-05-11 13:47:40.609639,4498,12,4510
2022-05-11 13:47:41.618285,6847,19,6866
2022-05-11 13:47:42.623441,7197,113,7310
2022-05-11 13:47:43.632508,5231,123,5354
2022-05-11 13:47:44.642807,6563,36,6599
2022-05-11 13:47:45.648996,6363,2,6365
2022-05-11 13:47:46.652312,1721,19,1740
2022-05-11 13:47:47.654492,2459,18,2477
2022-05-11 13:47:48.661315,7267,34,7301
2022-05-11 13:47:49.665220,3766,40,3806
2022-05-11 13:47:50.667943,6263,88,6351
2022-05-11 13:47:51.675092,6515,85,6600
2022-05-11 13:47:52.676986,7955,9,7964
2022-05-11 13:47:53.684802,4992,74,5066
2022-05-11 13:47:54.689863,8968,147,9115
2022-05-11 13:47:55.695117,4153,60,4213
2022-05-11 13:47:56.699753,2823,116,2939
2022-05-11 13:47:57.707454,4603,69,4672
2022-05-11 13:47:58.716439,1971,143,2114
2022-05-11 13:47:59.723092,5386,73,5459
2022-05-11 13:48:00.723494,3700,61,3761
2022-05-11 13:48:01.727660,3569,110,3679
2022-05-11 13:48:02.739501,6354,141,6495
2022-05-11 13:48:03.742419,8586,60,8646
2022-05-11 13:48:04.747531,4405,142,4547
2022-05-11 13:48:05.748636,7892,149,8041
2022-05-11 13:48:06.753619,6846,14,6860
2022-05-11 13:48:07.757896,7785,119,7904
2022-05-11 13:48:08.762307,7399,94,7493
2022-05-11 13:48:09.766187,5858,111,5969
2022-05-11 13:48:10.774306,6583,148,6731
2022-05-11 13:48:11.780948,495,90,585
2022-05-11 13:48:12.791505,6407,143,6550
2022-05-11 13:48:13.792855,7667,148,7815
2022-05-11 13:48:14.799004,5807,5,5812
2022-05-11 13:48:15.806572,2559,68,2627
2022-05-11 13:48:16.809383,169,53,222
2022-05-11 13:48:17.815626,3099,70,3169
2022-05-11 13:48:18.824707,8131,65,8196
2022-05-11 13:48:19.820701,6033,72,6105
2022-05-11 13:48:20.830313,75,9,84
2022-05-11 13:48:21.836537,1286,73,1359
2022-05-11 13:48:22.840653,1983,24,2007
2022-05-11 13:48:23.849246,842,15,857
2022-05-11 13:48:24.854738,5241,84,5325
2022-05-11 13:48:25.860147,6239,64,6303
2022-05-11 13:48:26.863047,1861,23,1884
2022-05-11 13:48:27.870339,2548,104,2652
2022-05-11 13:48:28.883618,7803,108,7911
2022-05-11 13:48:29.891970,6674,98,6772
2022-05-11 13:48:30.897194,6165,145,6310
2022-05-11 13:48:31.901036,8586,42,8628
2022-05-11 13:48:32.904625,8670,37,8707
2022-05-11 13:48:33.908990,3050,21,3071
2022-05-11 13:48:34.909268,6003,85,6088
2022-05-11 13:48:35.915723,3272,77,3349
2022-05-11 13:48:36.919621,7408,127,7535
2022-05-11 13:48:37.920896,2374,50,2424
2022-05-11 13:48:38.926501,1627,37,1664
2022-05-11 13:48:39.929978,1800,56,1856
2022-05-11 13:48:40.936434,5225,141,5366
2022-05-11 13:48:41.935568,5219,68,5287
2022-05-11 13:48:42.944368,789,122,911
2022-05-11 13:48:43.947769,7237,12,7249
2022-05-11 13:48:44.955425,5806,50,5856
2022-05-11 13:48:45.957414,5862,109,5971
2022-05-11 13:48:46.963332,6770,18,6788
2022-05-11 13:48:47.969597,5422,118,5540
2022-05-11 13:48:48.972186,90,145,235
2022-05-11 13:48:49.978304,1405,53,1458
2022-05-11 13:48:50.981025,7414,113,7527
2022-05-11 13:48:51.986925,7357,25,7382
2022-05-11 13:48:52.990347,704,50,754
2022-05-11 13:48:53.994271,1524,124,1648
2022-05-11 13:48:54.994850,2856,44,2900
2022-05-11 13:48:55.999439,8981,42,9023
2022-05-11 13:48:57.006386,275,21,296
2022-05-11 13:48:58.010711,8030,27,8057
2022-05-11 13:48:59.014223,252,102,354
2022-05-11 13:49:00.017826,5490,57,5547
2022-05-11 13:49:01.020761,2790,42,2832
2022-05-11 13:49:02.026680,677,10,687
2022-05-11 13:49:03.030405,2793,26,2819
2022-05-11 13:49:04.037193,1452,139,1591
2022-05-11 13:49:05.044012,4477,35,4512
2022-05-11 13:49:06.043600,884,112,996
2022-05-11 13:49:07.049790,1314,43,1357
2022-05-11 13:49:08.058367,4521,60,4581
2022-05-11 13:49:09.060659,2516,25,2541
2022-05-11 13:49:10.072949,2732,72,2804
2022-05-11 13:49:11.080571,4623,128,4751
2022-05-11 13:49:12.088725,5860,80,5940
2022-05-11 13:49:13.092051,3839,88,3927
2022-05-11 13:49:14.097845,477,14,491
2022-05-11 13:49:15.096887,317,26,343
2022-05-11 13:49:16.102801,3741,75,3816
2022-05-11 13:49:17.105834,1496,144,1640
2022-05-11 13:49:18.110377,8503,103,8606
2022-05-11 13:49:19.120063,5234,132,5366
2022-05-11 13:49:20.126124,5147,125,5272
2022-05-11 13:49:21.126576,4929,68,4997
2022-05-11 13:49:22.134505,7241,25,7266
2022-05-11 13:49:23.142730,3517,127,3644
2022-05-11 13:49:24.145455,3507,2,3509
2022-05-11 13:49:25.155029,1251,73,1324
2022-05-11 13:49:26.162312,5989,21,6010
2022-05-11 13:49:27.165143,1090,148,1238
2022-05-11 13:49:28.172504,8454,27,8481
2022-05-11 13:49:29.175751,5324,83,5407
2022-05-11 13:49:30.178981,7829,122,7951
2022-05-11 13:49:31.188185,1088,62,1150
2022-05-11 13:49:32.192145,7137,144,7281
2022-05-11 13:49:33.199988,4502,7,4509
2022-05-11 13:49:34.205593,3507,43,3550
2022-05-11 13:49:35.215669,2593,22,2615
2022-05-11 13:49:36.211188,820,40,860
2022-05-11 13:49:37.218889,7281,30,7311
2022-05-11 13:49:38.223657,5010,55,5065
2022-05-11 13:49:39.228772,3199,12,3211
2022-05-11 13:49:40.233298,3720,33,3753
2022-05-11 13:49:41.242340,4510,56,4566
2022-05-11 13:49:42.254068,8796,76,8872
2022-05-11 13:49:43.262470,4892,40,4932
2022-05-11 13:49:44.262876,2145,131,2276
2022-05-11 13:49:45.273742,2541,122,2663
2022-05-11 13:49:46.277984,8851,129,8980
2022-05-11 13:49:47.280614,959,5,964
2022-05-11 13:49:48.288323,2643,88,2731
2022-05-11 13:49:49.289182,8859,72,8931
2022-05-11 13:49:50.294998,7070,40,7110
2022-05-11 13:49:51.300765,4086,89,4175
2022-05-11 13:49:52.306900,1601,109,1710
2022-05-11 13:49:53.307841,1903,18,1921
2022-05-11 13:49:54.313881,8957,102,9059
2022-05-11 13:49:56.329165,4722,17,4739
2022-05-11 13:49:57.332882,3405,125,3530
2022-05-11 13:49:58.336341,8811,110,8921
2022-05-11 13:49:59.341441,4709,52,4761
2022-05-11 13:50:00.344935,6336,100,6436
2022-05-11 13:50:01.350140,272,149,421
2022-05-11 13:50:02.352690,7908,89,7997
2022-05-11 13:50:03.360593,7091,35,7126
2022-05-11 13:50:04.366350,8679,34,8713
2022-05-11 13:50:05.373362,7995,135,8130
2022-05-11 13:50:06.382147,6494,102,6596
2022-05-11 13:50:07.390337,2660,64,2724
2022-05-11 13:50:08.391859,2590,17,2607
2022-05-11 13:50:09.396736,7840,147,7987
2022-05-11 13:50:10.406681,7706,128,7834
2022-05-11 13:50:11.413429,2798,110,2908
2022-05-11 13:50:12.417789,1518,6,1524
2022-05-11 13:50:13.427309,7807,136,7943
2022-05-11 13:50:14.428104,5265,85,5350
2022-05-11 13:50:15.434381,6635,95,6730
2022-05-11 13:50:16.430576,6105,23,6128
2022-05-11 13:50:17.441469,418,109,527
2022-05-11 13:50:18.443327,4426,118,4544
2022-05-11 13:50:19.449153,4433,119,4552
2022-05-11 13:50:20.456596,29,113,142
2022-05-11 13:50:21.460446,8556,104,8660
2022-05-11 13:50:22.461489,4366,38,4404
2022-05-11 13:50:23.466699,7066,31,7097
2022-05-11 13:50:24.474132,3479,64,3543
2022-05-11 13:50:25.487062,7711,2,7713
2022-05-11 13:50:26.486133,4436,27,4463
2022-05-11 13:50:27.493348,1528,6,1534
2022-05-11 13:50:28.499330,3468,14,3482
2022-05-11 13:50:29.503666,394,8,402
2022-05-11 13:50:30.507901,8969,29,8998
2022-05-11 13:50:31.511637,3269,93,3362
2022-05-11 13:50:32.513920,3075,122,3197
2022-05-11 13:50:33.521478,3524,143,3667
2022-05-11 13:50:34.525228,3841,16,3857
2022-05-11 13:50:35.533932,5279,91,5370
2022-05-11 13:50:36.543019,2655,9,2664
2022-05-11 13:50:37.543341,643,106,749
2022-05-11 13:50:38.553630,7012,105,7117
2022-05-11 13:50:39.559013,2917,57,2974
2022-05-11 13:50:40.564129,736,144,880
2022-05-11 13:50:41.567662,4855,99,4954
2022-05-11 13:50:42.573936,6096,93,6189
2022-05-11 13:50:43.577067,6594,75,6669
2022-05-11 13:50:44.580430,8483,132,8615
2022-05-11 13:50:45.591484,5303,52,5355
2022-05-11 13:50:46.602453,3719,142,3861
2022-05-11 13:50:47.603909,4296,108,4404
2022-05-11 13:50:48.604427,5758,47,5805
2022-05-11 13:50:49.612768,3819,9,3828
2022-05-11 13:50:50.614955,4349,87,4436
2022-05-11 13:50:51.616506,760,92,852
2022-05-11 13:50:52.615561,4269,80,4349
2022-05-11 13:50:53.631015,2232,102,2334
2022-05-11 13:50:54.635803,6860,120,6980
2022-05-11 13:50:55.643603,3461,136,3597
2022-05-11 13:50:56.648560,8786,15,8801
2022-05-11 13:50:57.653509,2255,102,2357
2022-05-11 13:50:58.659410,8855,11,8866
2022-05-11 13:50:59.661457,1943,132,2075
2022-05-11 13:51:00.669833,2078,124,2202
2022-05-11 13:51:01.676818,4776,66,4842
2022-05-11 13:51:02.680801,7375,23,7398
2022-05-11 13:51:03.692683,4053,93,4146
2022-05-11 13:51:04.696808,5527,35,5562
2022-05-11 13:51:05.696726,5167,17,5184
2022-05-11 13:51:06.708078,5732,108,5840
2022-05-11 13:51:07.707793,2644,78,2722
2022-05-11 13:51:08.713252,3100,55,3155
2022-05-11 13:51:09.720640,5740,20,5760
2022-05-11 13:51:10.721833,3762,96,3858
2022-05-11 13:51:11.729721,2883,112,2995
2022-05-11 13:51:12.737527,674,28,702
2022-05-11 13:51:13.749255,3714,1,3715
2022-05-11 13:51:14.748114,1298,53,1351
2022-05-11 13:51:15.761169,6417,60,6477
2022-05-11 13:51:16.753731,3715,59,3774
2022-05-11 13:51:17.761295,490,25,515
2022-05-11 13:51:18.765385,4528,113,4641
2022-05-11 13:51:19.774417,2755,99,2854
2022-05-11 13:51:20.775467,745,119,864
2022-05-11 13:51:21.786810,1937,41,1978
2022-05-11 13:51:22.794721,5115,133,5248
2022-05-11 13:51:23.803968,8773,98,8871
2022-05-11 13:51:24.808848,8027,122,8149
2022-05-11 13:51:25.814360,4696,148,4844
2022-05-11 13:51:26.817038,1123,124,1247
2022-05-11 13:51:27.823319,4345,57,4402
2022-05-11 13:51:28.832093,6951,129,7080
2022-05-11 13:51:29.835023,7782,52,7834
2022-05-11 13:51:30.841297,3877,56,3933
2022-05-11 13:51:31.844485,6182,134,6316
2022-05-11 13:51:32.851198,1849,102,1951
2022-05-11 13:51:33.860881,888,96,984
2022-05-11 13:51:34.865733,8632,12,8644
2022-05-11 13:51:35.867952,874,128,1002
2022-05-11 13:51:36.875928,2820,36,2856
2022-05-11 13:51:37.877744,6971,105,7076
2022-05-11 13:51:38.877132,2873,61,2934
2022-05-11 13:51:39.881481,2510,71,2581
2022-05-11 13:51:40.886938,6652,35,6687
2022-05-11 13:51:41.892337,7518,5,7523
2022-05-11 13:51:42.905885,7389,77,7466
2022-05-11 13:51:43.901379,3279,87,3366
2022-05-11 13:51:44.911117,3329,149,3478
2022-05-11 13:51:45.913083,4435,69,4504
2022-05-11 13:51:46.920850,421,121,542
2022-05-11 13:51:47.922743,6913,50,6963
2022-05-11 13:51:48.931605,2767,125,2892
2022-05-11 13:51:49.936261,6138,73,6211
2022-05-11 13:51:50.942790,5312,64,5376
2022-05-11 13:51:51.945402,7880,7,7887
2022-05-11 13:51:52.957009,5088,122,5210
2022-05-11 13:51:53.954252,2178,95,2273
2022-05-11 13:51:54.967396,8608,45,8653
2022-05-11 13:51:55.969761,2349,27,2376
2022-05-11 13:51:56.977819,4499,136,4635
2022-05-11 13:51:57.987699,5555,28,5583
2022-05-11 13:51:58.989959,3021,7,3028
2022-05-11 13:51:59.995333,4382,63,4445
2022-05-11 13:52:01.003244,3076,130,3206
2022-05-11 13:52:02.006790,7078,134,7212
2022-05-11 13:52:03.011719,3556,93,3649
2022-05-11 13:52:04.014738,7728,45,7773
2022-05-11 13:52:05.021855,1942,48,1990
2022-05-11 13:52:06.026942,6740,84,6824
2022-05-11 13:52:07.029026,866,73,939
2022-05-11 13:52:08.035400,28,32,60
2022-05-11 13:52:09.038435,3565,109,3674
2022-05-11 13:52:10.041877,6101,31,6132
2022-05-11 13:52:11.048794,1316,79,1395
2022-05-11 13:52:12.057481,8347,9,8356
2022-05-11 13:52:13.063796,2023,28,2051
2022-05-11 13:52:14.072242,2230,86,2316
2022-05-11 13:52:15.078110,1821,93,1914
2022-05-11 13:52:16.084580,3622,63,3685
2022-05-11 13:52:17.091335,5279,130,5409
2022-05-11 13:52:18.096329,4550,4,4554
2022-05-11 13:52:19.101040,7597,63,7660
2022-05-11 13:52:20.101495,8899,57,8956
2022-05-11 13:52:21.108845,8230,15,8245
2022-05-11 13:52:22.115417,6130,132,6262
2022-05-11 13:52:23.120906,7707,113,7820
2022-05-11 13:52:24.121868,8005,34,8039
2022-05-11 13:52:25.138837,3021,137,3158
2022-05-11 13:52:26.148106,3120,82,3202
2022-05-11 13:52:27.146990,3062,50,3112
2022-05-11 13:52:28.149746,7013,100,7113
2022-05-11 13:52:29.153932,4157,54,4211
2022-05-11 13:52:30.157335,7733,124,7857
2022-05-11 13:52:31.165366,7667,7,7674
2022-05-11 13:52:32.168002,3299,15,3314
2022-05-11 13:52:33.171260,8221,101,8322
2022-05-11 13:52:34.178788,1036,69,1105
2022-05-11 13:52:35.190317,5050,12,5062
2022-05-11 13:52:36.193155,4198,50,4248
2022-05-11 13:52:37.199053,4792,55,4847
2022-05-11 13:52:38.204568,4851,14,4865
2022-05-11 13:52:39.208755,676,102,778
2022-05-11 13:52:40.212183,1049,142,1191
2022-05-11 13:52:41.224743,3267,51,3318
2022-05-11 13:52:42.226701,5048,55,5103
2022-05-11 13:52:43.228860,5385,99,5484
2022-05-11 13:52:44.239678,1816,115,1931
2022-05-11 13:52:45.241743,8088,3,8091
2022-05-11 13:52:46.246579,4968,39,5007
2022-05-11 13:52:47.252519,5390,139,5529
2022-05-11 13:52:48.259553,6345,1,6346
2022-05-11 13:52:49.265645,8245,15,8260
2022-05-11 13:52:50.275126,8090,107,8197
2022-05-11 13:52:51.279308,8668,13,8681
2022-05-11 13:52:52.288036,881,56,937
2022-05-11 13:52:53.292490,8405,62,8467
2022-05-11 13:52:54.303393,4361,121,4482
2022-05-11 13:52:55.297659,5468,77,5545
2022-05-11 13:52:56.305506,3300,53,3353
2022-05-11 13:52:57.312446,7844,105,7949
2022-05-11 13:52:58.314391,8307,9,8316
2022-05-11 13:52:59.316672,4965,69,5034
2022-05-11 13:53:00.323295,7899,150,8049
2022-05-11 13:53:01.327341,6215,142,6357
2022-05-11 13:53:02.330500,5930,48,5978
2022-05-11 13:53:03.335695,5199,122,5321
2022-05-11 13:53:04.342592,7102,44,7146
2022-05-11 13:53:05.345592,2819,66,2885
2022-05-11 13:53:06.352261,7501,112,7613
2022-05-11 13:53:07.352689,1042,72,1114
2022-05-11 13:53:08.363519,8497,99,8596
2022-05-11 13:53:09.371716,7827,136,7963
2022-05-11 13:53:10.369392,6458,79,6537
2022-05-11 13:53:11.381275,6010,74,6084
2022-05-11 13:53:12.387660,4859,88,4947
2022-05-11 13:53:13.392431,672,85,757
2022-05-11 13:53:14.397087,73,85,158
2022-05-11 13:53:15.405553,8368,21,8389
2022-05-11 13:53:16.411037,8688,33,8721
2022-05-11 13:53:17.415110,3914,65,3979
2022-05-11 13:53:18.420245,3609,57,3666
2022-05-11 13:53:19.425303,2545,1,2546
2022-05-11 13:53:20.432148,691,10,701
2022-05-11 13:53:21.437336,2366,13,2379
2022-05-11 13:53:22.441725,5985,143,6128
2022-05-11 13:53:23.443167,1798,42,1840
2022-05-11 13:53:24.451212,2392,71,2463
2022-05-11 13:53:25.456570,6017,28,6045
2022-05-11 13:53:26.455731,1511,44,1555
2022-05-11 13:53:27.465354,3174,64,3238
2022-05-11 13:53:28.472514,7319,1,7320
2022-05-11 13:53:29.471945,5166,52,5218
2022-05-11 13:53:30.481659,2091,136,2227
2022-05-11 13:53:31.480602,6804,133,6937
2022-05-11 13:53:32.489065,8028,66,8094
2022-05-11 13:53:33.491210,1041,96,1137
2022-05-11 13:53:34.495479,6513,89,6602
2022-05-11 13:53:35.499901,8390,122,8512
2022-05-11 13:53:36.503715,3286,75,3361
2022-05-11 13:53:37.508505,1906,122,2028
2022-05-11 13:53:38.512503,6824,68,6892
2022-05-11 13:53:39.520231,6085,87,6172
2022-05-11 13:53:40.531433,2200,25,2225
2022-05-11 13:53:41.535210,6415,99,6514
2022-05-11 13:53:42.539212,1760,138,1898
2022-05-11 13:53:43.545489,6739,34,6773
2022-05-11 13:53:44.547495,8334,32,8366
2022-05-11 13:53:45.553306,2277,137,2414
2022-05-11 13:53:46.555035,1799,95,1894
2022-05-11 13:53:47.560388,6938,8,6946
2022-05-11 13:53:48.568734,2718,46,2764
2022-05-11 13:53:49.573468,8474,136,8610
2022-05-11 13:53:50.577013,8387,29,8416
2022-05-11 13:53:51.583905,6630,88,6718
2022-05-11 13:53:52.593453,5708,97,5805
2022-05-11 13:53:53.598281,310,100,410
2022-05-11 13:53:54.605841,4736,64,4800
2022-05-11 13:53:55.615007,7803,31,7834
2022-05-11 13:53:56.619012,8687,81,8768
2022-05-11 13:53:57.626159,413,113,526
2022-05-11 13:53:58.628588,1865,79,1944
2022-05-11 13:53:59.633396,8541,2,8543
2022-05-11 13:54:00.640852,5571,11,5582
2022-05-11 13:54:01.642583,987,78,1065
2022-05-11 13:54:02.649083,1226,25,1251
2022-05-11 13:54:03.652324,2478,105,2583
2022-05-11 13:54:04.658089,4396,128,4524
2022-05-11 13:54:05.664131,3868,136,4004
2022-05-11 13:54:06.671287,1453,64,1517
2022-05-11 13:54:07.675660,6216,90,6306
2022-05-11 13:54:08.682031,6772,92,6864
2022-05-11 13:54:09.687195,8865,54,8919
2022-05-11 13:54:10.694095,1593,145,1738
2022-05-11 13:54:11.692654,8826,11,8837
2022-05-11 13:54:12.703428,6644,109,6753
2022-05-11 13:54:13.705540,1641,148,1789
2022-05-11 13:54:14.708292,7355,28,7383
2022-05-11 13:54:15.723015,5800,56,5856
2022-05-11 13:54:16.726952,7760,143,7903
2022-05-11 13:54:17.730438,5263,43,5306
2022-05-11 13:54:18.742209,3354,22,3376
2022-05-11 13:54:19.745334,8627,131,8758
2022-05-11 13:54:20.748979,7112,46,7158
2022-05-11 13:54:21.754622,3991,108,4099
2022-05-11 13:54:22.761918,4108,132,4240
2022-05-11 13:54:23.770304,6878,138,7016
2022-05-11 13:54:24.773206,7355,16,7371
2022-05-11 13:54:25.779419,6458,141,6599
2022-05-11 13:54:26.791982,8624,147,8771
2022-05-11 13:54:27.790289,8480,48,8528
2022-05-11 13:54:28.795883,1256,56,1312
2022-05-11 13:54:29.799969,7633,129,7762
2022-05-11 13:54:30.807330,19,149,168
2022-05-11 13:54:31.811443,90,141,231
2022-05-11 13:54:32.816572,8032,149,8181
2022-05-11 13:54:33.825259,8626,56,8682
2022-05-11 13:54:34.827987,4760,51,4811
2022-05-11 13:54:35.834034,2490,13,2503
2022-05-11 13:54:36.835100,3183,96,3279
2022-05-11 13:54:37.842440,7559,147,7706
2022-05-11 13:54:38.850923,2208,23,2231
2022-05-11 13:54:39.857142,6876,125,7001
2022-05-11 13:54:40.864351,47,73,120
2022-05-11 13:54:41.873853,8146,144,8290
2022-05-11 13:54:42.871697,4235,52,4287
2022-05-11 13:54:43.879352,3958,3,3961
2022-05-11 13:54:44.886004,1450,107,1557
2022-05-11 13:54:45.888244,6472,84,6556
2022-05-11 13:54:46.894829,6691,107,6798
2022-05-11 13:54:47.896915,7997,51,8048
2022-05-11 13:54:48.902509,5529,64,5593
2022-05-11 13:54:49.906494,8338,106,8444
2022-05-11 13:54:50.916105,1361,136,1497
2022-05-11 13:54:51.918327,557,10,567
2022-05-11 13:54:52.924400,7874,79,7953
2022-05-11 13:54:53.927209,7756,27,7783
2022-05-11 13:54:54.931226,4929,132,5061
2022-05-11 13:54:55.935952,1936,61,1997
2022-05-11 13:54:56.942906,6920,104,7024
2022-05-11 13:54:57.952117,3020,150,3170
2022-05-11 13:54:58.959806,2088,5,2093
2022-05-11 13:54:59.958923,860,60,920
2022-05-11 13:55:00.962908,8101,93,8194
2022-05-11 13:55:01.968215,186,144,330
2022-05-11 13:55:02.976432,8394,57,8451
2022-05-11 13:55:03.979353,4590,133,4723
2022-05-11 13:55:04.984268,4616,106,4722
2022-05-11 13:55:05.987000,8171,27,8198
2022-05-11 13:55:06.993543,5130,114,5244
2022-05-11 13:55:07.998293,4297,136,4433
2022-05-11 13:55:09.004701,2019,132,2151
2022-05-11 13:55:10.008458,5001,35,5036
2022-05-11 13:55:11.013879,4041,40,4081
2022-05-11 13:55:12.014053,2962,115,3077
2022-05-11 13:55:13.015963,5404,146,5550
2022-05-11 13:55:14.024755,7897,28,7925
2022-05-11 13:55:15.025900,1276,43,1319
2022-05-11 13:55:16.032019,8113,144,8257
2022-05-11 13:55:17.035643,6182,81,6263
2022-05-11 13:55:18.038643,4651,144,4795
2022-05-11 13:55:19.044349,3400,44,3444
2022-05-11 13:55:20.052059,8666,10,8676
2022-05-11 13:55:21.058594,3401,57,3458
2022-05-11 13:55:22.062648,5318,111,5429
2022-05-11 13:55:23.071214,6744,30,6774
2022-05-11 13:55:24.080190,2746,27,2773
2022-05-11 13:55:25.085420,4315,140,4455
2022-05-11 13:55:26.083058,2548,66,2614
2022-05-11 13:55:27.091795,5251,108,5359
2022-05-11 13:55:28.088712,7173,88,7261
2022-05-11 13:55:29.097784,6369,89,6458
2022-05-11 13:55:30.099565,5294,46,5340
2022-05-11 13:55:31.104669,3269,91,3360
2022-05-11 13:55:32.111350,6244,48,6292
2022-05-11 13:55:33.117593,3203,120,3323
2022-05-11 13:55:34.144106,4420,109,4529
2022-05-11 13:55:35.141277,5436,51,5487
2022-05-11 13:55:36.144506,1853,74,1927
2022-05-11 13:55:37.146198,1638,127,1765
2022-05-11 13:55:38.155379,5545,93,5638
2022-05-11 13:55:39.160540,1985,31,2016
2022-05-11 13:55:40.166050,7077,100,7177
2022-05-11 13:55:41.172315,3920,36,3956
2022-05-11 13:55:42.178359,5955,146,6101
2022-05-11 13:55:43.182267,24,45,69
2022-05-11 13:55:44.186417,2657,50,2707
2022-05-11 13:55:45.186686,3894,75,3969
2022-05-11 13:55:46.192283,631,68,699
2022-05-11 13:55:47.198985,6165,108,6273
2022-05-11 13:55:48.203421,7793,133,7926
2022-05-11 13:55:49.208381,6621,49,6670
2022-05-11 13:55:50.216978,1162,62,1224
2022-05-11 13:55:51.219984,1084,121,1205
2022-05-11 13:55:52.227886,7137,117,7254
2022-05-11 13:55:53.230465,181,13,194
2022-05-11 13:55:54.235668,5243,62,5305
2022-05-11 13:55:55.242178,8099,15,8114
2022-05-11 13:55:56.251073,8441,122,8563
2022-05-11 13:55:57.261848,1090,18,1108
2022-05-11 13:55:58.259575,4022,54,4076
2022-05-11 13:55:59.270088,8958,130,9088
2022-05-11 13:56:00.272259,2301,75,2376
2022-05-11 13:56:01.280596,6895,61,6956
2022-05-11 13:56:02.287664,48,45,93
2022-05-11 13:56:03.291270,4424,98,4522
2022-05-11 13:56:04.295282,2819,102,2921
2022-05-11 13:56:05.299302,5842,42,5884
2022-05-11 13:56:06.308605,8804,47,8851
2022-05-11 13:56:07.310707,2160,56,2216
2022-05-11 13:56:08.314642,3022,65,3087
2022-05-11 13:56:09.320530,1044,41,1085
2022-05-11 13:56:10.323194,8392,52,8444
2022-05-11 13:56:11.326241,4499,122,4621
2022-05-11 13:56:12.328947,6928,137,7065
2022-05-11 13:56:13.335034,3435,66,3501
2022-05-11 13:56:14.337245,3212,54,3266
2022-05-11 13:56:15.343212,2336,71,2407
2022-05-11 13:56:16.349804,695,101,796
2022-05-11 13:56:17.360016,7849,85,7934
2022-05-11 13:56:18.357112,2769,90,2859
2022-05-11 13:56:19.370449,7665,64,7729
2022-05-11 13:56:20.375178,6630,39,6669
2022-05-11 13:56:21.381055,7581,108,7689
2022-05-11 13:56:22.389387,3007,17,3024
2022-05-11 13:56:23.399938,8744,90,8834
2022-05-11 13:56:24.406119,354,150,504
2022-05-11 13:56:25.408694,842,117,959
2022-05-11 13:56:26.416188,4384,74,4458
2022-05-11 13:56:27.422724,3292,95,3387
2022-05-11 13:56:28.422077,2035,89,2124
2022-05-11 13:56:29.421753,5471,27,5498
2022-05-11 13:56:31.438148,4682,31,4713
2022-05-11 13:56:32.442159,1546,94,1640
2022-05-11 13:56:33.450508,5395,91,5486
2022-05-11 13:56:34.453822,1688,114,1802
2022-05-11 13:56:35.461242,1839,98,1937
2022-05-11 13:56:36.463288,1473,78,1551
2022-05-11 13:56:37.472644,589,130,719
2022-05-11 13:56:38.475284,7227,133,7360
2022-05-11 13:56:39.482273,1203,60,1263
2022-05-11 13:56:40.485774,4593,126,4719
2022-05-11 13:56:41.490826,8647,93,8740
2022-05-11 13:56:42.494106,3042,144,3186
2022-05-11 13:56:43.498522,50,118,168
2022-05-11 13:56:44.497529,5855,86,5941
2022-05-11 13:56:45.505851,5830,148,5978
2022-05-11 13:56:46.516899,4110,129,4239
2022-05-11 13:56:47.519911,1183,4,1187
2022-05-11 13:56:48.527661,300,118,418
2022-05-11 13:56:49.534756,6481,62,6543
2022-05-11 13:56:50.537768,8190,126,8316
2022-05-11 13:56:51.543655,1469,112,1581
2022-05-11 13:56:52.548815,2682,75,2757
2022-05-11 13:56:53.550161,1605,3,1608
2022-05-11 13:56:54.554888,2151,112,2263
2022-05-11 13:56:55.563972,5220,57,5277
2022-05-11 13:56:56.567766,1982,141,2123
2022-05-11 13:56:57.568033,1574,45,1619
2022-05-11 13:56:58.577262,6020,7,6027
2022-05-11 13:56:59.586605,4888,49,4937
2022-05-11 13:57:00.588916,2301,110,2411
2022-05-11 13:57:01.591950,6438,78,6516
2022-05-11 13:57:02.592947,4378,75,4453
2022-05-11 13:57:03.598560,1002,133,1135
2022-05-11 13:57:04.605235,3464,67,3531
2022-05-11 13:57:05.608211,230,83,313
2022-05-11 13:57:06.612899,8989,52,9041
2022-05-11 13:57:07.616906,321,24,345
2022-05-11 13:57:08.623849,656,110,766
2022-05-11 13:57:09.626384,4470,14,4484
2022-05-11 13:57:10.635174,7323,62,7385
2022-05-11 13:57:11.642006,3464,41,3505
2022-05-11 13:57:12.646157,8259,28,8287
2022-05-11 13:57:13.654946,1221,140,1361
2022-05-11 13:57:14.659912,7781,20,7801
2022-05-11 13:57:15.662443,6095,8,6103
2022-05-11 13:57:16.667793,6297,108,6405
2022-05-11 13:57:17.672463,2428,118,2546
2022-05-11 13:57:18.675008,2041,84,2125
2022-05-11 13:57:19.682508,3924,24,3948
2022-05-11 13:57:20.686593,8301,1,8302
2022-05-11 13:57:21.695143,4724,19,4743
2022-05-11 13:57:22.701657,5306,15,5321
2022-05-11 13:57:23.707292,4522,6,4528
2022-05-11 13:57:24.712677,4212,21,4233
2022-05-11 13:57:25.718161,5095,70,5165
2022-05-11 13:57:26.719086,5056,130,5186
2022-05-11 13:57:27.726020,7177,86,7263
2022-05-11 13:57:28.729833,4495,113,4608
2022-05-11 13:57:29.732726,6599,81,6680
2022-05-11 13:57:30.735436,7247,42,7289
2022-05-11 13:57:31.742240,3950,63,4013
2022-05-11 13:57:32.747809,5089,71,5160
2022-05-11 13:57:33.751524,2850,19,2869
2022-05-11 13:57:34.758547,4407,147,4554
2022-05-11 13:57:35.763212,917,41,958
2022-05-11 13:57:36.772208,6491,117,6608
2022-05-11 13:57:37.774232,7932,29,7961
2022-05-11 13:57:38.778901,7949,90,8039
2022-05-11 13:57:39.788105,756,93,849
2022-05-11 13:57:40.789057,5624,92,5716
2022-05-11 13:57:41.794117,1209,75,1284
2022-05-11 13:57:42.799455,5086,149,5235
2022-05-11 13:57:43.808418,8062,139,8201
2022-05-11 13:57:44.810987,2948,116,3064
2022-05-11 13:57:45.808752,7055,125,7180
2022-05-11 13:57:46.818627,7166,19,7185
2022-05-11 13:57:47.821998,6333,76,6409
2022-05-11 13:57:48.826366,40,25,65
2022-05-11 13:57:49.830543,5480,126,5606
2022-05-11 13:57:50.837072,3533,55,3588
2022-05-11 13:57:51.844928,5941,91,6032
2022-05-11 13:57:52.846355,433,44,477
2022-05-11 13:57:53.851735,135,5,140
2022-05-11 13:57:54.856298,4594,132,4726
2022-05-11 13:57:55.864498,5314,14,5328
2022-05-11 13:57:56.871195,1995,65,2060
2022-05-11 13:57:57.875062,1726,91,1817
2022-05-11 13:57:58.881340,8319,75,8394
2022-05-11 13:57:59.892613,6009,93,6102
2022-05-11 13:58:00.889450,4949,102,5051
2022-05-11 13:58:01.896556,8395,78,8473
2022-05-11 13:58:02.904810,2703,94,2797
2022-05-11 13:58:03.905835,4193,150,4343
2022-05-11 13:58:04.912013,3698,123,3821
2022-05-11 13:58:05.918391,1717,5,1722
2022-05-11 13:58:06.924858,953,79,1032
2022-05-11 13:58:07.927950,7371,46,7417
2022-05-11 13:58:08.934040,6091,85,6176
2022-05-11 13:58:09.945930,5978,94,6072
2022-05-11 13:58:10.947726,7657,52,7709
2022-05-11 13:58:11.952548,7150,140,7290
2022-05-11 13:58:12.952362,2653,74,2727
2022-05-11 13:58:13.965763,8170,122,8292
2022-05-11 13:58:14.973891,6827,93,6920
2022-05-11 13:58:15.977620,7946,94,8040
2022-05-11 13:58:16.979672,7270,31,7301
2022-05-11 13:58:17.989173,1050,105,1155
2022-05-11 13:58:18.991143,8607,25,8632
2022-05-11 13:58:19.993512,2399,117,2516
2022-05-11 13:58:21.003080,2100,115,2215
2022-05-11 13:58:22.007520,925,107,1032
2022-05-11 13:58:23.010254,5163,55,5218
2022-05-11 13:58:24.015018,1283,45,1328
2022-05-11 13:58:25.021473,6526,71,6597
2022-05-11 13:58:26.032442,6340,136,6476
2022-05-11 13:58:27.034598,4823,50,4873
2022-05-11 13:58:28.038263,5694,118,5812
2022-05-11 13:58:29.045183,7768,20,7788
2022-05-11 13:58:30.048523,420,137,557
2022-05-11 13:58:31.054314,3660,83,3743
2022-05-11 13:58:32.057120,4061,78,4139
2022-05-11 13:58:33.063600,5238,46,5284
2022-05-11 13:58:34.067917,6415,25,6440
2022-05-11 13:58:35.072832,7930,41,7971
2022-05-11 13:58:36.075775,7795,47,7842
2022-05-11 13:58:37.079703,948,9,957
2022-05-11 13:58:38.089545,7420,142,7562
2022-05-11 13:58:39.094528,5649,106,5755
2022-05-11 13:58:40.097489,7562,20,7582
2022-05-11 13:58:41.099597,5823,61,5884
2022-05-11 13:58:42.104391,2254,93,2347
2022-05-11 13:58:43.113634,5297,121,5418
2022-05-11 13:58:44.120586,2001,21,2022
2022-05-11 13:58:45.130640,2070,90,2160
2022-05-11 13:58:46.137809,1643,137,1780
2022-05-11 13:58:47.135598,1500,26,1526
2022-05-11 13:58:48.142786,2859,10,2869
2022-05-11 13:58:49.149128,3014,102,3116
2022-05-11 13:58:50.158703,6137,7,6144
2022-05-11 13:58:51.163286,2894,101,2995
2022-05-11 13:58:52.170622,1200,55,1255
2022-05-11 13:58:53.185188,3640,142,3782
2022-05-11 13:58:54.187934,4980,7,4987
2022-05-11 13:58:55.193314,7735,146,7881
2022-05-11 13:58:56.200257,1725,21,1746
2022-05-11 13:58:57.205981,6772,110,6882
2022-05-11 13:58:58.210696,5525,9,5534
2022-05-11 13:58:59.212691,4646,146,4792
2022-05-11 13:59:00.218886,2724,11,2735
2022-05-11 13:59:01.222955,5564,58,5622
2022-05-11 13:59:02.217957,6541,112,6653
2022-05-11 13:59:03.227310,3501,25,3526
2022-05-11 13:59:04.233810,1402,48,1450
2022-05-11 13:59:05.238201,4631,88,4719
2022-05-11 13:59:06.246713,7109,102,7211
2022-05-11 13:59:07.256589,99,5,104
2022-05-11 13:59:08.257746,4012,24,4036
2022-05-11 13:59:09.263323,1736,39,1775
2022-05-11 13:59:10.269926,1795,71,1866
2022-05-11 13:59:11.274607,1916,47,1963
2022-05-11 13:59:12.274173,2825,38,2863
2022-05-11 13:59:13.291161,2312,64,2376
2022-05-11 13:59:14.290248,5013,69,5082
2022-05-11 13:59:15.296879,5036,2,5038
2022-05-11 13:59:16.299583,2867,29,2896
2022-05-11 13:59:17.309106,28,66,94
2022-05-11 13:59:18.314940,8149,100,8249
2022-05-11 13:59:19.314336,5768,30,5798
2022-05-11 13:59:20.320276,6967,55,7022
2022-05-11 13:59:21.325441,6151,51,6202
2022-05-11 13:59:22.328839,8620,53,8673
2022-05-11 13:59:23.332692,4753,141,4894
2022-05-11 13:59:24.339362,8165,77,8242
2022-05-11 13:59:25.341576,6834,113,6947
2022-05-11 13:59:26.350034,1088,121,1209
2022-05-11 13:59:27.358425,7540,4,7544
2022-05-11 13:59:28.362802,6131,85,6216
2022-05-11 13:59:29.368802,6547,61,6608
2022-05-11 13:59:30.374647,3292,87,3379
2022-05-11 13:59:31.379452,7758,106,7864
2022-05-11 13:59:32.389036,7151,32,7183
2022-05-11 13:59:33.392454,199,15,214
2022-05-11 13:59:34.412126,8486,83,8569
2022-05-11 13:59:35.414464,1386,57,1443
2022-05-11 13:59:36.418550,3396,137,3533
2022-05-11 13:59:37.422617,1269,9,1278
2022-05-11 13:59:38.426335,1717,96,1813
2022-05-11 13:59:39.433503,6645,76,6721
2022-05-11 13:59:40.438625,4871,49,4920
2022-05-11 13:59:41.442337,8309,138,8447
2022-05-11 13:59:42.450362,2979,63,3042
2022-05-11 13:59:43.457084,2796,56,2852
2022-05-11 13:59:44.460595,8072,104,8176
2022-05-11 13:59:45.463544,6662,91,6753
2022-05-11 13:59:46.473040,201,29,230
2022-05-11 13:59:47.484472,3070,125,3195
2022-05-11 13:59:48.483915,6495,136,6631
2022-05-11 13:59:49.493659,8387,139,8526
2022-05-11 13:59:50.497334,7064,102,7166
2022-05-11 13:59:51.501498,7310,67,7377
2022-05-11 13:59:52.507984,5628,87,5715
2022-05-11 13:59:53.514366,104,119,223
2022-05-11 13:59:54.517645,4129,135,4264
2022-05-11 13:59:55.521283,3744,10,3754
2022-05-11 13:59:56.525923,5765,8,5773
2022-05-11 13:59:57.532823,7464,131,7595
2022-05-11 13:59:58.537679,985,41,1026
2022-05-11 13:59:59.543397,7240,51,7291
2022-05-11 14:00:00.550017,1258,109,1367
2022-05-11 14:00:01.556912,604,74,678
2022-05-11 14:00:02.562138,5724,77,5801
2022-05-11 14:00:03.561656,966,101,1067
2022-05-11 14:00:04.566749,4074,6,4080
2022-05-11 14:00:05.573463,6151,86,6237
2022-05-11 14:00:06.579075,1795,63,1858
2022-05-11 14:00:07.585939,8278,57,8335
2022-05-11 14:00:08.589380,2792,125,2917
2022-05-11 14:00:09.594213,6617,108,6725
2022-05-11 14:00:10.600449,8962,69,9031
2022-05-11 14:00:11.602306,4241,131,4372
2022-05-11 14:00:12.609322,7041,5,7046
2022-05-11 14:00:13.615474,3727,74,3801
2022-05-11 14:00:14.623423,4047,19,4066
2022-05-11 14:00:15.624524,4,148,152
2022-05-11 14:00:16.626202,740,131,871
2022-05-11 14:00:17.636337,8847,9,8856
2022-05-11 14:00:18.641051,2597,137,2734
2022-05-11 14:00:19.645305,6222,6,6228
2022-05-11 14:00:20.650415,7916,12,7928
2022-05-11 14:00:21.655576,6936,68,7004
2022-05-11 14:00:22.660285,4634,106,4740
2022-05-11 14:00:23.672024,567,50,617
2022-05-11 14:00:24.672096,6613,78,6691
2022-05-11 14:00:25.677318,4960,22,4982
2022-05-11 14:00:26.683077,607,104,711
2022-05-11 14:00:27.696339,1908,36,1944
2022-05-11 14:00:28.697491,1536,89,1625
2022-05-11 14:00:29.702602,6763,63,6826
2022-05-11 14:00:30.710059,4205,8,4213
2022-05-11 14:00:31.712561,4916,49,4965
2022-05-11 14:00:32.725730,5213,47,5260
2022-05-11 14:00:33.728536,4694,10,4704
2022-05-11 14:00:34.732572,434,79,513
2022-05-11 14:00:35.742605,2261,21,2282
2022-05-11 14:00:36.746967,5571,100,5671
2022-05-11 14:00:37.754328,4163,149,4312
2022-05-11 14:00:38.757653,6005,103,6108
2022-05-11 14:00:39.761887,8445,34,8479
2022-05-11 14:00:40.763871,4192,56,4248
2022-05-11 14:00:41.770292,1129,59,1188
2022-05-11 14:00:42.783020,6620,81,6701
2022-05-11 14:00:43.779520,7301,24,7325
2022-05-11 14:00:44.781914,4047,36,4083
2022-05-11 14:00:46.783355,147,89,236
2022-05-11 14:00:47.793660,7795,60,7855
2022-05-11 14:00:48.801045,2853,35,2888
2022-05-11 14:00:49.805155,6110,133,6243
2022-05-11 14:00:50.812706,5123,40,5163
2022-05-11 14:00:51.817593,5790,113,5903
2022-05-11 14:00:52.819580,6286,75,6361
2022-05-11 14:00:53.825363,632,106,738
2022-05-11 14:00:54.830190,7124,89,7213
2022-05-11 14:00:55.829551,1661,55,1716
2022-05-11 14:00:56.836228,52,148,200
2022-05-11 14:00:57.843659,5842,40,5882
2022-05-11 14:00:58.846054,7620,138,7758
2022-05-11 14:00:59.852530,992,58,1050
2022-05-11 14:01:00.857693,1274,34,1308
2022-05-11 14:01:01.861280,2451,89,2540
2022-05-11 14:01:02.863020,6891,90,6981
2022-05-11 14:01:03.868704,7910,135,8045
2022-05-11 14:01:04.868994,2317,131,2448
2022-05-11 14:01:05.878743,5215,55,5270
2022-05-11 14:01:06.881168,530,109,639
2022-05-11 14:01:07.890643,1502,134,1636
2022-05-11 14:01:09.906237,6051,134,6185
2022-05-11 14:01:10.913326,890,2,892
2022-05-11 14:01:11.916167,3808,133,3941
2022-05-11 14:01:12.921641,4073,35,4108
2022-05-11 14:01:13.926841,967,10,977
2022-05-11 14:01:14.935879,8189,56,8245
2022-05-11 14:01:15.934006,4297,150,4447
2022-05-11 14:01:16.943643,3873,95,3968
2022-05-11 14:01:17.946001,1956,31,1987
2022-05-11 14:01:18.952583,4274,131,4405
2022-05-11 14:01:19.951637,4207,138,4345
2022-05-11 14:01:20.964321,3165,128,3293
2022-05-11 14:01:21.968253,1852,91,1943
2022-05-11 14:01:22.975975,3154,141,3295
2022-05-11 14:01:23.984521,8339,57,8396
2022-05-11 14:01:24.991592,908,10,918
2022-05-11 14:01:25.994616,4076,91,4167
2022-05-11 14:01:27.001958,7871,1,7872
2022-05-11 14:01:28.004680,6384,22,6406
2022-05-11 14:01:29.014054,1874,113,1987
2022-05-11 14:01:30.020357,3880,62,3942
2022-05-11 14:01:31.029046,4636,106,4742
2022-05-11 14:01:32.036672,8581,104,8685
2022-05-11 14:01:33.038980,2369,23,2392
2022-05-11 14:01:34.043131,5913,84,5997
2022-05-11 14:01:35.048831,2833,87,2920
2022-05-11 14:01:36.053968,5414,40,5454
2022-05-11 14:01:37.057898,7291,143,7434
2022-05-11 14:01:38.065883,345,66,411
2022-05-11 14:01:39.070805,1490,60,1550
2022-05-11 14:01:40.080809,4112,30,4142
2022-05-11 14:01:41.083797,2001,145,2146
2022-05-11 14:01:42.088148,3203,65,3268
2022-05-11 14:01:43.093153,1625,57,1682
2022-05-11 14:01:44.099450,474,150,624
2022-05-11 14:01:45.105776,4009,149,4158
2022-05-11 14:01:46.116400,4627,56,4683
2022-05-11 14:01:47.115866,7272,104,7376
2022-05-11 14:01:48.132444,4404,74,4478
2022-05-11 14:01:49.163982,108,131,239
2022-05-11 14:01:50.160058,4063,100,4163
2022-05-11 14:01:51.154884,4354,135,4489
2022-05-11 14:01:52.160898,4241,120,4361
2022-05-11 14:01:53.164832,836,18,854
2022-05-11 14:01:54.172133,4200,73,4273
2022-05-11 14:01:55.180072,4083,44,4127
2022-05-11 14:01:56.183928,2345,88,2433
2022-05-11 14:01:57.187943,8065,49,8114
2022-05-11 14:01:58.190333,8517,1,8518
2022-05-11 14:01:59.200265,7388,28,7416
2022-05-11 14:02:00.207119,3199,74,3273
2022-05-11 14:02:01.214394,1462,101,1563
2022-05-11 14:02:02.221003,6486,137,6623
2022-05-11 14:02:03.224965,1891,139,2030
2022-05-11 14:02:04.229404,7226,121,7347
2022-05-11 14:02:05.238358,5264,138,5402
2022-05-11 14:02:06.251436,6440,148,6588
2022-05-11 14:02:07.255799,8583,27,8610
2022-05-11 14:02:08.265087,8018,67,8085
2022-05-11 14:02:09.266275,6031,75,6106
2022-05-11 14:02:10.275938,3459,133,3592
2022-05-11 14:02:11.285461,5508,3,5511
2022-05-11 14:02:12.296193,3167,70,3237
2022-05-11 14:02:13.294777,2065,75,2140
2022-05-11 14:02:14.296356,3503,105,3608
2022-05-11 14:02:15.308005,3417,33,3450
2022-05-11 14:02:16.311948,8593,102,8695
2022-05-11 14:02:17.320622,4300,4,4304
2022-05-11 14:02:18.321908,6936,9,6945
2022-05-11 14:02:19.327626,5145,27,5172
2022-05-11 14:02:20.332618,8614,7,8621
2022-05-11 14:02:21.328807,1199,43,1242
2022-05-11 14:02:22.341789,3780,23,3803
2022-05-11 14:02:23.389402,1036,2,1038
2022-05-11 14:02:24.376142,7223,144,7367
2022-05-11 14:02:25.380595,5929,113,6042
2022-05-11 14:02:26.385484,432,63,495
2022-05-11 14:02:27.388956,1656,88,1744
2022-05-11 14:02:28.397840,3911,1,3912
2022-05-11 14:02:29.398935,6431,69,6500
2022-05-11 14:02:30.400424,2051,33,2084
2022-05-11 14:02:31.409673,1262,89,1351
2022-05-11 14:02:32.411285,2891,28,2919
2022-05-11 14:02:33.418098,698,53,751
2022-05-11 14:02:34.425992,2029,3,2032
2022-05-11 14:02:35.428846,3113,105,3218
2022-05-11 14:02:36.427562,5806,82,5888
2022-05-11 14:02:37.434474,4359,17,4376
2022-05-11 14:02:38.437706,7999,138,8137
2022-05-11 14:02:39.439736,5889,126,6015
2022-05-11 14:02:40.445135,1641,34,1675
2022-05-11 14:02:41.460391,2815,50,2865
2022-05-11 14:02:42.470912,2096,1,2097
2022-05-11 14:02:43.472166,7501,6,7507
2022-05-11 14:02:44.478614,7290,114,7404
2022-05-11 14:02:45.479409,2796,123,2919
2022-05-11 14:02:46.492919,5933,120,6053
2022-05-11 14:02:47.485309,1361,111,1472
2022-05-11 14:02:48.489904,3147,53,3200
2022-05-11 14:02:49.496096,7743,149,7892
2022-05-11 14:02:50.505985,7198,132,7330
2022-05-11 14:02:51.508352,6172,37,6209
2022-05-11 14:02:52.519356,5174,87,5261
2022-05-11 14:02:53.521140,2748,75,2823
2022-05-11 14:02:54.526125,6781,64,6845
2022-05-11 14:02:55.538371,5594,115,5709
2022-05-11 14:02:56.539203,2507,109,2616
2022-05-11 14:02:57.547346,2521,4,2525
2022-05-11 14:02:58.551033,7736,139,7875
2022-05-11 14:02:59.555131,8780,42,8822
2022-05-11 14:03:00.562639,3374,139,3513
2022-05-11 14:03:01.565352,2169,35,2204
2022-05-11 14:03:02.570474,4469,115,4584
2022-05-11 14:03:03.571965,8215,32,8247
2022-05-11 14:03:04.577451,7547,138,7685
2022-05-11 14:03:05.583948,3904,108,4012
2022-05-11 14:03:06.595952,7072,26,7098
2022-05-11 14:03:07.596792,6129,22,6151
2022-05-11 14:03:08.602786,6278,134,6412
2022-05-11 14:03:09.606280,3271,38,3309
2022-05-11 14:03:10.615347,4729,64,4793
2022-05-11 14:03:11.617992,5282,52,5334
2022-05-11 14:03:12.626923,6553,26,6579
2022-05-11 14:03:13.628288,706,87,793
2022-05-11 14:03:14.630031,6790,143,6933
2022-05-11 14:03:15.639830,1457,47,1504
2022-05-11 14:03:16.640802,1204,134,1338
2022-05-11 14:03:17.650711,3492,77,3569
2022-05-11 14:03:18.655287,7854,106,7960
2022-05-11 14:03:19.665321,7379,65,7444
2022-05-11 14:03:20.666645,6476,45,6521
2022-05-11 14:03:21.671584,451,78,529
2022-05-11 14:03:22.671646,1201,13,1214
2022-05-11 14:03:23.677321,6545,62,6607
2022-05-11 14:03:24.685910,4928,122,5050
2022-05-11 14:03:25.694411,5442,19,5461
2022-05-11 14:03:26.701186,4543,82,4625
2022-05-11 14:03:27.705792,1445,76,1521
2022-05-11 14:03:28.711133,4595,69,4664
2022-05-11 14:03:29.719294,7623,76,7699
2022-05-11 14:03:30.726024,8098,136,8234
2022-05-11 14:03:31.725682,7418,148,7566
2022-05-11 14:03:32.733091,6568,140,6708
2022-05-11 14:03:33.740324,2475,51,2526
2022-05-11 14:03:34.741631,4548,52,4600
2022-05-11 14:03:35.742731,1149,67,1216
2022-05-11 14:03:36.747013,6840,53,6893
2022-05-11 14:03:37.746974,8466,56,8522
2022-05-11 14:03:38.756095,7550,121,7671
2022-05-11 14:03:39.760903,2593,138,2731
2022-05-11 14:03:40.764357,6959,3,6962
2022-05-11 14:03:41.770403,6621,96,6717
2022-05-11 14:03:42.776945,6959,12,6971
2022-05-11 14:03:43.782483,8715,19,8734
2022-05-11 14:03:44.787728,6482,131,6613
2022-05-11 14:03:45.789358,4311,20,4331
2022-05-11 14:03:46.793796,4870,136,5006
2022-05-11 14:03:47.799065,5061,33,5094
2022-05-11 14:03:48.804808,4869,58,4927
2022-05-11 14:03:49.810175,1488,49,1537
2022-05-11 14:03:50.820926,5744,2,5746
2022-05-11 14:03:51.825090,8882,80,8962
2022-05-11 14:03:52.835891,5532,59,5591
2022-05-11 14:03:53.841912,3199,47,3246
2022-05-11 14:03:54.844857,117,104,221
2022-05-11 14:03:55.848487,5439,50,5489
2022-05-11 14:03:56.854454,8284,105,8389
2022-05-11 14:03:57.858688,4615,125,4740
2022-05-11 14:03:58.861119,3237,62,3299
2022-05-11 14:03:59.864686,2271,59,2330
2022-05-11 14:04:00.873087,5931,115,6046
2022-05-11 14:04:01.878935,5796,133,5929
2022-05-11 14:04:02.881317,2736,30,2766
2022-05-11 14:04:03.887448,708,90,798
2022-05-11 14:04:04.891233,5677,99,5776
2022-05-11 14:04:05.902125,6385,18,6403
2022-05-11 14:04:06.908204,5132,54,5186
2022-05-11 14:04:07.913183,6680,45,6725
2022-05-11 14:04:08.914953,7668,111,7779
2022-05-11 14:04:09.918529,3258,43,3301
2022-05-11 14:04:10.926659,3606,60,3666
2022-05-11 14:04:11.929733,7875,101,7976
2022-05-11 14:04:12.933507,1169,34,1203
2022-05-11 14:04:13.938117,8301,60,8361
2022-05-11 14:04:14.946600,1594,130,1724
2022-05-11 14:04:15.949281,3793,128,3921
2022-05-11 14:04:16.956116,8465,78,8543
2022-05-11 14:04:17.957994,2037,59,2096
2022-05-11 14:04:18.959901,5923,23,5946
2022-05-11 14:04:19.964664,5108,108,5216
2022-05-11 14:04:20.973382,5804,140,5944
2022-05-11 14:04:21.980226,3520,71,3591
2022-05-11 14:04:22.985968,1623,62,1685
2022-05-11 14:04:23.983566,4483,92,4575
2022-05-11 14:04:24.993771,6740,48,6788
2022-05-11 14:04:25.997816,2202,42,2244
2022-05-11 14:04:27.006057,1291,98,1389
2022-05-11 14:04:28.015057,414,38,452
2022-05-11 14:04:29.024663,7445,54,7499
2022-05-11 14:04:30.023395,8221,29,8250
2022-05-11 14:04:31.029734,4490,28,4518
2022-05-11 14:04:32.039373,6468,33,6501
2022-05-11 14:04:33.040859,2483,145,2628
2022-05-11 14:04:34.047487,7602,61,7663
2022-05-11 14:04:35.054938,4959,99,5058
2022-05-11 14:04:36.061918,8743,137,8880
2022-05-11 14:04:37.069455,5015,44,5059
2022-05-11 14:04:38.072478,920,134,1054
2022-05-11 14:04:39.070451,7896,143,8039
2022-05-11 14:04:40.076345,4570,120,4690
2022-05-11 14:04:41.083170,3504,139,3643
2022-05-11 14:04:42.090928,84,96,180
2022-05-11 14:04:43.093746,1935,140,2075
2022-05-11 14:04:44.100051,3859,44,3903
2022-05-11 14:04:45.109453,3655,59,3714
2022-05-11 14:04:46.115465,515,9,524
2022-05-11 14:04:47.124761,189,22,211
2022-05-11 14:04:48.130202,5140,106,5246
2022-05-11 14:04:49.136080,7560,117,7677
2022-05-11 14:04:50.139731,6130,120,6250
2022-05-11 14:04:51.137235,3858,138,3996
2022-05-11 14:04:52.144481,4459,76,4535
2022-05-11 14:04:53.152175,2969,79,3048
2022-05-11 14:04:54.148417,8788,71,8859
2022-05-11 14:04:55.160551,8785,57,8842
2022-05-11 14:04:56.165706,608,101,709
2022-05-11 14:04:57.168966,5194,48,5242
2022-05-11 14:04:58.171193,3997,54,4051
2022-05-11 14:04:59.177079,1394,42,1436
2022-05-11 14:05:00.185374,6037,122,6159
2022-05-11 14:05:01.190322,4607,123,4730
2022-05-11 14:05:02.194875,7168,138,7306
2022-05-11 14:05:03.197214,1817,3,1820
2022-05-11 14:05:04.199100,744,68,812
2022-05-11 14:05:05.205315,5258,103,5361
2022-05-11 14:05:06.210796,1291,71,1362
2022-05-11 14:05:07.222444,8248,90,8338
2022-05-11 14:05:08.226887,6522,72,6594
2022-05-11 14:05:09.227850,7911,96,8007
2022-05-11 14:05:10.236644,8992,58,9050
2022-05-11 14:05:11.244322,3115,52,3167
2022-05-11 14:05:12.250493,5702,25,5727
2022-05-11 14:05:13.257521,1378,123,1501
2022-05-11 14:05:14.257862,4652,131,4783
2022-05-11 14:05:15.270790,1807,7,1814
2022-05-11 14:05:16.272072,5634,63,5697
2022-05-11 14:05:17.279253,3955,46,4001
2022-05-11 14:05:19.291345,4492,110,4602
2022-05-11 14:05:20.295570,1414,118,1532
2022-05-11 14:05:21.304158,6913,15,6928
2022-05-11 14:05:22.308677,7547,118,7665
2022-05-11 14:05:23.307745,1888,65,1953
2022-05-11 14:05:24.314148,1270,25,1295
2022-05-11 14:05:25.320394,715,115,830
2022-05-11 14:05:26.322780,6760,133,6893
2022-05-11 14:05:27.327122,2643,88,2731
2022-05-11 14:05:28.330408,2644,14,2658
2022-05-11 14:05:29.337462,6180,57,6237
2022-05-11 14:05:30.343589,8249,141,8390
2022-05-11 14:05:31.345435,3852,49,3901
2022-05-11 14:05:32.352215,3133,33,3166
2022-05-11 14:05:33.355654,3922,131,4053
2022-05-11 14:05:34.359374,8413,110,8523
2022-05-11 14:05:35.364393,1063,21,1084
2022-05-11 14:05:36.373559,5766,39,5805
2022-05-11 14:05:37.380785,6943,115,7058
2022-05-11 14:05:38.381970,2918,150,3068
2022-05-11 14:05:39.390081,348,56,404
2022-05-11 14:05:40.391797,163,96,259
2022-05-11 14:05:41.400270,4387,31,4418
2022-05-11 14:05:42.402669,6268,3,6271
2022-05-11 14:05:43.406059,3572,90,3662
2022-05-11 14:05:44.410997,6236,64,6300
2022-05-11 14:05:45.417746,6918,103,7021
2022-05-11 14:05:46.421029,1600,12,1612
2022-05-11 14:05:47.423119,6626,90,6716
2022-05-11 14:05:48.429686,6725,83,6808
2022-05-11 14:05:49.434944,7069,88,7157
2022-05-11 14:05:50.441275,789,7,796
2022-05-11 14:05:51.443460,397,94,491
2022-05-11 14:05:52.451183,4058,24,4082
2022-05-11 14:05:53.453773,1433,100,1533
2022-05-11 14:05:54.459316,1631,12,1643
2022-05-11 14:05:55.455921,1380,53,1433
2022-05-11 14:05:56.467638,5856,86,5942
2022-05-11 14:05:57.471369,2479,84,2563
2022-05-11 14:05:58.477181,7484,149,7633
2022-05-11 14:05:59.483559,3650,14,3664
2022-05-11 14:06:00.489081,844,76,920
2022-05-11 14:06:01.495181,1505,70,1575
2022-05-11 14:06:02.494335,3833,35,3868
2022-05-11 14:06:03.505580,2782,11,2793
2022-05-11 14:06:04.513690,526,19,545
2022-05-11 14:06:05.520970,1965,109,2074
2022-05-11 14:06:06.525546,8093,122,8215
2022-05-11 14:06:07.528640,34,57,91
2022-05-11 14:06:08.533603,62,63,125
2022-05-11 14:06:09.539044,4683,117,4800
2022-05-11 14:06:10.536278,6272,12,6284
2022-05-11 14:06:11.549315,4788,69,4857
2022-05-11 14:06:12.552589,4066,124,4190
2022-05-11 14:06:13.550297,5468,73,5541
2022-05-11 14:06:14.563060,1678,75,1753
2022-05-11 14:06:15.568810,524,29,553
2022-05-11 14:06:16.572513,4511,36,4547
2022-05-11 14:06:17.578701,2261,77,2338
2022-05-11 14:06:18.585616,6817,88,6905
2022-05-11 14:06:19.588477,4726,104,4830
2022-05-11 14:06:20.592304,6139,136,6275
2022-05-11 14:06:21.600435,8406,73,8479
2022-05-11 14:06:22.605285,703,142,845
2022-05-11 14:06:23.612023,2488,150,2638
2022-05-11 14:06:24.617113,7820,114,7934
2022-05-11 14:06:25.619570,8161,110,8271
2022-05-11 14:06:26.621808,8920,133,9053
2022-05-11 14:06:27.627048,5571,18,5589
2022-05-11 14:06:28.630540,1318,63,1381
2022-05-11 14:06:29.641251,2116,72,2188
2022-05-11 14:06:30.642868,8554,146,8700
2022-05-11 14:06:31.653490,6153,47,6200
2022-05-11 14:06:32.656621,6113,34,6147
2022-05-11 14:06:33.667022,7233,47,7280
2022-05-11 14:06:34.671155,1023,100,1123
2022-05-11 14:06:35.676507,8798,49,8847
2022-05-11 14:06:36.685659,32,102,134
2022-05-11 14:06:37.690882,4416,46,4462
2022-05-11 14:06:38.697597,110,101,211
2022-05-11 14:06:39.707698,5787,126,5913
2022-05-11 14:06:40.712880,5827,39,5866
2022-05-11 14:06:41.722839,4393,117,4510
2022-05-11 14:06:42.726576,7607,16,7623
2022-05-11 14:06:43.729052,1575,57,1632
2022-05-11 14:06:44.742276,3936,69,4005
2022-05-11 14:06:45.747363,3513,144,3657
2022-05-11 14:06:46.749119,1020,64,1084
2022-05-11 14:06:47.753109,2078,111,2189
2022-05-11 14:06:48.754788,5465,19,5484
2022-05-11 14:06:49.759422,4974,82,5056
2022-05-11 14:06:50.764635,1085,53,1138
2022-05-11 14:06:51.770336,4302,138,4440
2022-05-11 14:06:52.771049,7659,64,7723
2022-05-11 14:06:53.776205,1090,101,1191
2022-05-11 14:06:54.779206,155,13,168
2022-05-11 14:06:55.787869,8455,36,8491
2022-05-11 14:06:56.787451,2945,59,3004
2022-05-11 14:06:57.795100,8959,87,9046
2022-05-11 14:06:58.805644,1197,33,1230
2022-05-11 14:06:59.814222,5811,10,5821
2022-05-11 14:07:00.815509,5069,43,5112
2022-05-11 14:07:01.820603,8659,23,8682
2022-05-11 14:07:02.827198,4876,136,5012
2022-05-11 14:07:03.831103,6049,23,6072
2022-05-11 14:07:04.841227,3370,115,3485
2022-05-11 14:07:05.845118,2014,53,2067
2022-05-11 14:07:06.850441,2731,80,2811
2022-05-11 14:07:07.852332,4937,40,4977
2022-05-11 14:07:08.857711,8066,84,8150
2022-05-11 14:07:09.860678,4831,26,4857
2022-05-11 14:07:10.871132,6848,141,6989
2022-05-11 14:07:11.868130,224,9,233
2022-05-11 14:07:12.881460,1827,67,1894
2022-05-11 14:07:13.885048,4375,7,4382
2022-05-11 14:07:14.890156,5902,120,6022
2022-05-11 14:07:15.897377,2980,91,3071
2022-05-11 14:07:16.900663,4845,83,4928
2022-05-11 14:07:17.907618,6995,95,7090
2022-05-11 14:07:18.914353,7773,120,7893
2022-05-11 14:07:19.919451,2544,53,2597
2022-05-11 14:07:20.922776,6723,126,6849
2022-05-11 14:07:21.924330,8416,41,8457
2022-05-11 14:07:22.934123,6776,125,6901
2022-05-11 14:07:23.938855,356,36,392
2022-05-11 14:07:24.941331,7556,119,7675
2022-05-11 14:07:25.946225,697,25,722
2022-05-11 14:07:26.948415,6664,15,6679
2022-05-11 14:07:27.954827,3596,107,3703
2022-05-11 14:07:28.959123,6504,33,6537
2022-05-11 14:07:29.965558,2439,35,2474
2022-05-11 14:07:30.971648,4958,127,5085
2022-05-11 14:07:31.974504,7539,85,7624
2022-05-11 14:07:32.977898,6159,70,6229
2022-05-11 14:07:33.983403,2925,120,3045
2022-05-11 14:07:34.987036,6065,78,6143
2022-05-11 14:07:35.994439,1281,98,1379
2022-05-11 14:07:37.000374,4555,41,4596
2022-05-11 14:07:38.006441,6649,99,6748
2022-05-11 14:07:39.009927,4350,67,4417
2022-05-11 14:07:40.021855,4840,41,4881
2022-05-11 14:07:41.022125,6527,130,6657
2022-05-11 14:07:42.028113,4482,20,4502
2022-05-11 14:07:43.036268,8664,26,8690
2022-05-11 14:07:44.035813,2657,46,2703
2022-05-11 14:07:45.045986,1223,144,1367
2022-05-11 14:07:46.051294,4595,45,4640
2022-05-11 14:07:47.055500,2759,122,2881
2022-05-11 14:07:48.061136,4381,32,4413
2022-05-11 14:07:49.066920,4459,112,4571
2022-05-11 14:07:50.074476,1384,57,1441
2022-05-11 14:07:51.081215,5293,3,5296
2022-05-11 14:07:52.085844,1490,9,1499
2022-05-11 14:07:53.091766,7239,20,7259
2022-05-11 14:07:54.098266,7135,114,7249
2022-05-11 14:07:55.103846,1507,71,1578
2022-05-11 14:07:56.109863,7535,16,7551
2022-05-11 14:07:57.117413,1444,32,1476
2022-05-11 14:07:58.125002,5100,149,5249
2022-05-11 14:07:59.133248,31,28,59
2022-05-11 14:08:00.142968,7498,115,7613
2022-05-11 14:08:01.146327,2776,3,2779
2022-05-11 14:08:02.149495,8854,110,8964
2022-05-11 14:08:03.155642,4674,51,4725
2022-05-11 14:08:04.168800,1846,142,1988
2022-05-11 14:08:05.168437,503,6,509
2022-05-11 14:08:06.177008,4320,138,4458
2022-05-11 14:08:07.185829,1906,78,1984
2022-05-11 14:08:08.190235,7380,143,7523
2022-05-11 14:08:09.188602,3185,89,3274
2022-05-11 14:08:10.197067,1178,35,1213
2022-05-11 14:08:11.202866,8200,42,8242
2022-05-11 14:08:12.205952,2119,77,2196
2022-05-11 14:08:13.207474,7795,32,7827
2022-05-11 14:08:14.220550,2352,95,2447
2022-05-11 14:08:15.221714,619,88,707
2022-05-11 14:08:16.225514,2299,117,2416
2022-05-11 14:08:17.236310,4849,99,4948
2022-05-11 14:08:18.239111,5862,41,5903
2022-05-11 14:08:19.247298,284,79,363
2022-05-11 14:08:20.253295,419,4,423
2022-05-11 14:08:21.258300,994,97,1091
2022-05-11 14:08:22.266645,6616,117,6733
2022-05-11 14:08:23.275427,6969,149,7118
2022-05-11 14:08:24.277583,4230,48,4278
2022-05-11 14:08:25.283858,693,120,813
2022-05-11 14:08:26.289173,6808,58,6866
2022-05-11 14:08:27.294184,507,55,562
2022-05-11 14:08:28.291779,879,116,995
2022-05-11 14:08:29.303498,1505,18,1523
2022-05-11 14:08:30.314038,2950,10,2960
2022-05-11 14:08:31.313695,5790,124,5914
2022-05-11 14:08:32.321565,3631,33,3664
2022-05-11 14:08:33.326068,5573,4,5577
2022-05-11 14:08:34.330145,1384,110,1494
2022-05-11 14:08:35.334331,8310,113,8423
2022-05-11 14:08:36.338583,7052,18,7070
2022-05-11 14:08:37.341843,3895,125,4020
2022-05-11 14:08:38.352558,2921,56,2977
2022-05-11 14:08:39.359511,3194,10,3204
2022-05-11 14:08:40.364149,498,68,566
2022-05-11 14:08:41.368386,6570,76,6646
2022-05-11 14:08:42.376586,5831,46,5877
2022-05-11 14:08:43.375750,5721,2,5723
2022-05-11 14:08:44.387441,304,144,448
2022-05-11 14:08:45.387738,6265,54,6319
2022-05-11 14:08:46.391402,2960,41,3001
2022-05-11 14:08:47.401332,777,68,845
2022-05-11 14:08:48.406491,6626,39,6665
2022-05-11 14:08:49.410791,1496,99,1595
2022-05-11 14:08:50.422758,7436,98,7534
2022-05-11 14:08:51.424415,7419,74,7493
2022-05-11 14:08:52.434502,5318,47,5365
2022-05-11 14:08:53.440325,6452,124,6576
2022-05-11 14:08:54.442778,8134,85,8219
2022-05-11 14:08:55.453071,2394,47,2441
2022-05-11 14:08:56.458212,3757,133,3890
2022-05-11 14:08:57.462596,5779,41,5820
2022-05-11 14:08:58.464620,6614,45,6659
2022-05-11 14:08:59.474524,2128,30,2158
2022-05-11 14:09:00.475422,1342,3,1345
2022-05-11 14:09:01.495192,394,104,498
2022-05-11 14:09:02.497459,554,7,561
2022-05-11 14:09:03.506033,1561,67,1628
2022-05-11 14:09:04.514891,4483,98,4581
2022-05-11 14:09:05.522924,4572,75,4647
2022-05-11 14:09:06.528255,1832,20,1852
2022-05-11 14:09:07.528947,3019,73,3092
2022-05-11 14:09:08.536325,6880,69,6949
2022-05-11 14:09:09.542791,5185,106,5291
2022-05-11 14:09:10.546982,6954,138,7092
2022-05-11 14:09:11.554222,5808,81,5889
2022-05-11 14:09:12.559086,8979,124,9103
2022-05-11 14:09:13.564943,3870,54,3924
2022-05-11 14:09:14.573440,8825,14,8839
2022-05-11 14:09:15.577782,4172,106,4278
2022-05-11 14:09:16.579537,1091,120,1211
2022-05-11 14:09:17.589578,3693,70,3763
2022-05-11 14:09:18.592709,4137,75,4212
2022-05-11 14:09:19.598588,2013,148,2161
2022-05-11 14:09:20.610802,4048,120,4168
2022-05-11 14:09:21.611276,849,44,893
2022-05-11 14:09:22.616780,309,55,364
2022-05-11 14:09:23.618776,4833,63,4896
2022-05-11 14:09:24.627511,227,36,263
2022-05-11 14:09:25.630542,4205,85,4290
2022-05-11 14:09:26.635765,4972,51,5023
2022-05-11 14:09:27.645866,6084,29,6113
2022-05-11 14:09:28.649058,7250,115,7365
2022-05-11 14:09:29.647132,2022,28,2050
2022-05-11 14:09:30.658089,572,45,617
2022-05-11 14:09:31.661892,4917,39,4956
2022-05-11 14:09:32.670840,7167,78,7245
2022-05-11 14:09:33.678497,8591,83,8674
2022-05-11 14:09:34.678765,2094,67,2161
2022-05-11 14:09:35.681995,5673,31,5704
2022-05-11 14:09:36.689590,803,16,819
2022-05-11 14:09:37.697061,6142,55,6197
2022-05-11 14:09:38.700991,831,92,923
2022-05-11 14:09:39.713368,7791,98,7889
2022-05-11 14:09:40.710544,2045,118,2163
2022-05-11 14:09:41.718828,1147,67,1214
2022-05-11 14:09:42.722844,2319,133,2452
2022-05-11 14:09:43.731142,4427,20,4447
2022-05-11 14:09:44.727839,84,135,219
2022-05-11 14:09:45.740523,8563,89,8652
2022-05-11 14:09:46.747785,2413,85,2498
2022-05-11 14:09:47.751494,4862,106,4968
2022-05-11 14:09:48.764468,4540,109,4649
2022-05-11 14:09:49.765540,96,6,102
2022-05-11 14:09:50.777809,6256,78,6334
2022-05-11 14:09:51.783657,6617,77,6694
2022-05-11 14:09:52.785746,6752,6,6758
2022-05-11 14:09:53.788346,2630,29,2659
2022-05-11 14:09:54.799384,4122,70,4192
2022-05-11 14:09:55.806237,6975,14,6989
2022-05-11 14:09:56.814827,8610,28,8638
2022-05-11 14:09:57.821029,7827,48,7875
2022-05-11 14:09:58.820798,3368,109,3477
2022-05-11 14:09:59.824071,5754,79,5833
2022-05-11 14:10:00.828177,2979,34,3013
2022-05-11 14:10:01.835096,4437,115,4552
2022-05-11 14:10:02.842263,525,3,528
2022-05-11 14:10:03.854163,6453,36,6489
2022-05-11 14:10:04.855629,6496,29,6525
2022-05-11 14:10:05.864026,2272,82,2354
2022-05-11 14:10:06.864782,8720,147,8867
2022-05-11 14:10:07.870611,3575,60,3635
2022-05-11 14:10:08.873255,4690,98,4788
2022-05-11 14:10:09.879493,3610,71,3681
2022-05-11 14:10:10.885510,1911,121,2032
2022-05-11 14:10:11.891023,2856,84,2940
2022-05-11 14:10:12.897151,4045,97,4142
2022-05-11 14:10:13.899149,4525,12,4537
2022-05-11 14:10:14.904462,7066,111,7177
2022-05-11 14:10:15.910439,8158,110,8268
2022-05-11 14:10:16.918269,3727,58,3785
2022-05-11 14:10:17.922549,4954,150,5104
2022-05-11 14:10:18.922314,3766,98,3864
2022-05-11 14:10:19.934979,8773,97,8870
2022-05-11 14:10:20.935206,5692,116,5808
2022-05-11 14:10:21.939189,8804,15,8819
2022-05-11 14:10:22.944234,4841,58,4899
2022-05-11 14:10:23.954165,7908,16,7924
2022-05-11 14:10:24.953795,6988,84,7072
2022-05-11 14:10:25.958877,3592,111,3703
2022-05-11 14:10:26.963227,8311,132,8443
2022-05-11 14:10:27.969998,2647,45,2692
2022-05-11 14:10:28.975666,8755,149,8904
2022-05-11 14:10:29.983768,4563,109,4672
2022-05-11 14:10:30.981158,8889,35,8924
2022-05-11 14:10:31.992493,379,81,460
2022-05-11 14:10:33.003814,1740,117,1857
2022-05-11 14:10:34.007450,3609,10,3619
2022-05-11 14:10:35.018412,8005,86,8091
2022-05-11 14:10:36.028693,5376,122,5498
2022-05-11 14:10:37.033924,2958,122,3080
2022-05-11 14:10:38.037723,905,24,929
2022-05-11 14:10:39.042784,3010,100,3110
2022-05-11 14:10:40.045614,7620,113,7733
2022-05-11 14:10:41.052779,6653,28,6681
2022-05-11 14:10:42.061728,6009,32,6041
2022-05-11 14:10:43.068346,2924,104,3028
2022-05-11 14:10:44.069962,6343,115,6458
2022-05-11 14:10:45.081527,4364,36,4400
2022-05-11 14:10:46.076269,1059,146,1205
2022-05-11 14:10:47.083511,642,124,766
2022-05-11 14:10:48.090960,3355,24,3379
2022-05-11 14:10:49.096600,1583,47,1630
2022-05-11 14:10:50.099593,1366,48,1414
2022-05-11 14:10:51.102850,1373,137,1510
2022-05-11 14:10:52.107697,3590,140,3730
2022-05-11 14:10:53.118217,1701,40,1741
2022-05-11 14:10:54.118425,1620,15,1635
2022-05-11 14:10:55.123777,6074,36,6110
2022-05-11 14:10:56.127496,5808,99,5907
2022-05-11 14:10:57.131102,7061,141,7202
2022-05-11 14:10:58.142764,4427,38,4465
2022-05-11 14:10:59.150095,3238,103,3341
2022-05-11 14:11:00.153134,885,116,1001
2022-05-11 14:11:01.154378,1955,36,1991
2022-05-11 14:11:02.157714,8722,57,8779
2022-05-11 14:11:03.161995,4538,15,4553
2022-05-11 14:11:04.168985,8553,85,8638
2022-05-11 14:11:05.178629,3207,2,3209
2022-05-11 14:11:06.185731,4474,12,4486
2022-05-11 14:11:08.194375,2128,43,2171
2022-05-11 14:11:09.198235,4165,55,4220
2022-05-11 14:11:10.206119,8557,138,8695
2022-05-11 14:11:11.203304,5432,84,5516
2022-05-11 14:11:12.209998,123,20,143
2022-05-11 14:11:13.215962,8275,59,8334
2022-05-11 14:11:14.223370,1453,67,1520
2022-05-11 14:11:15.231484,3969,107,4076
2022-05-11 14:11:16.237725,7409,84,7493
2022-05-11 14:11:17.241475,2422,95,2517
2022-05-11 14:11:18.246845,5146,129,5275
2022-05-11 14:11:19.251079,2397,135,2532
2022-05-11 14:11:20.259387,4681,109,4790
2022-05-11 14:11:21.267696,4999,76,5075
2022-05-11 14:11:22.271837,8174,144,8318
2022-05-11 14:11:23.275936,122,63,185
2022-05-11 14:11:24.282802,5405,69,5474
2022-05-11 14:11:25.286263,2379,4,2383
2022-05-11 14:11:26.288839,7042,76,7118
2022-05-11 14:11:27.292541,4622,141,4763
2022-05-11 14:11:28.301509,336,92,428
2022-05-11 14:11:29.305655,2430,103,2533
2022-05-11 14:11:30.306732,1414,149,1563
2022-05-11 14:11:31.309444,1294,64,1358
2022-05-11 14:11:32.313341,3443,120,3563
2022-05-11 14:11:33.319091,3834,66,3900
2022-05-11 14:11:34.328676,2509,92,2601
2022-05-11 14:11:35.336016,5709,133,5842
2022-05-11 14:11:36.341783,7304,74,7378
2022-05-11 14:11:37.344922,6431,21,6452
2022-05-11 14:11:38.351973,170,110,280
2022-05-11 14:11:39.360634,3366,83,3449
2022-05-11 14:11:40.361622,1676,81,1757
2022-05-11 14:11:41.366988,6246,139,6385
2022-05-11 14:11:42.376988,2391,39,2430
2022-05-11 14:11:43.384690,8026,100,8126
2022-05-11 14:11:44.388091,6932,30,6962
2022-05-11 14:11:45.391480,3678,65,3743
2022-05-11 14:11:46.395643,6601,1,6602
2022-05-11 14:11:47.397552,3098,95,3193
2022-05-11 14:11:48.404090,5929,117,6046
2022-05-11 14:11:49.411707,7291,64,7355
2022-05-11 14:11:50.422465,816,117,933
2022-05-11 14:11:51.425648,7786,54,7840
2022-05-11 14:11:52.429509,2458,102,2560
2022-05-11 14:11:53.438641,6166,50,6216
2022-05-11 14:11:54.446364,1517,71,1588
2022-05-11 14:11:55.449507,4451,1,4452
2022-05-11 14:11:56.450253,5025,132,5157
2022-05-11 14:11:57.458267,7936,17,7953
2022-05-11 14:11:58.459459,1010,8,1018
2022-05-11 14:11:59.471381,2377,116,2493
2022-05-11 14:12:00.473589,4735,34,4769
2022-05-11 14:12:01.482946,8894,16,8910
2022-05-11 14:12:02.492518,24,4,28
2022-05-11 14:12:03.500291,6450,125,6575
2022-05-11 14:12:04.506352,4069,127,4196
2022-05-11 14:12:05.507494,3611,86,3697
2022-05-11 14:12:06.515350,6048,36,6084
2022-05-11 14:12:07.525149,6129,5,6134
2022-05-11 14:12:08.522173,6560,49,6609
2022-05-11 14:12:09.534461,2463,43,2506
2022-05-11 14:12:10.539478,5478,127,5605
2022-05-11 14:12:11.541181,7829,121,7950
2022-05-11 14:12:12.552473,7772,72,7844
2022-05-11 14:12:13.554682,5400,119,5519
2022-05-11 14:12:14.564360,107,72,179
2022-05-11 14:12:15.577875,4889,138,5027
2022-05-11 14:12:16.581106,8435,59,8494
2022-05-11 14:12:17.574567,8983,57,9040
2022-05-11 14:12:18.586198,4039,99,4138
2022-05-11 14:12:19.592524,3156,65,3221
2022-05-11 14:12:20.598501,314,117,431
2022-05-11 14:12:21.610754,6563,57,6620
2022-05-11 14:12:22.618382,1209,8,1217
2022-05-11 14:12:23.626130,5654,63,5717
2022-05-11 14:12:24.635268,4963,126,5089
2022-05-11 14:12:25.641315,77,41,118
2022-05-11 14:12:26.649911,6701,2,6703
2022-05-11 14:12:27.658024,2957,12,2969
2022-05-11 14:12:28.661952,5488,14,5502
2022-05-11 14:12:29.667804,7596,139,7735
2022-05-11 14:12:30.678261,5780,87,5867
2022-05-11 14:12:31.689248,8752,37,8789
2022-05-11 14:12:32.692637,7615,139,7754
2022-05-11 14:12:33.696566,3226,35,3261
2022-05-11 14:12:34.703943,7085,46,7131
2022-05-11 14:12:35.712744,8803,26,8829
2022-05-11 14:12:36.716279,1148,145,1293
2022-05-11 14:12:37.722507,1296,22,1318
2022-05-11 14:12:38.724264,250,62,312
2022-05-11 14:12:39.727237,6044,132,6176
2022-05-11 14:12:40.740793,4518,81,4599
2022-05-11 14:12:41.758582,4684,138,4822
2022-05-11 14:12:42.754473,2850,80,2930
2022-05-11 14:12:43.754801,7319,130,7449
2022-05-11 14:12:44.760216,1111,68,1179
2022-05-11 14:12:45.768940,6981,120,7101
2022-05-11 14:12:46.773299,4911,93,5004
2022-05-11 14:12:47.776949,3937,59,3996
2022-05-11 14:12:48.781032,8336,79,8415
2022-05-11 14:12:49.783253,8425,78,8503
2022-05-11 14:12:50.788131,843,143,986
2022-05-11 14:12:51.795531,1317,135,1452
2022-05-11 14:12:52.802118,4178,82,4260
2022-05-11 14:12:53.805201,2755,119,2874
2022-05-11 14:12:54.809816,8120,5,8125
2022-05-11 14:12:55.815193,8197,102,8299
2022-05-11 14:12:57.829631,4069,75,4144
2022-05-11 14:12:58.830788,8120,78,8198
2022-05-11 14:12:59.843133,3659,8,3667
2022-05-11 14:13:00.838639,1858,12,1870
2022-05-11 14:13:01.843612,4092,57,4149
2022-05-11 14:13:02.845487,5963,32,5995
2022-05-11 14:13:03.846502,6733,137,6870
2022-05-11 14:13:04.856115,8684,85,8769
2022-05-11 14:13:05.878894,4020,109,4129
2022-05-11 14:13:06.867889,6142,41,6183
2022-05-11 14:13:07.874244,6781,122,6903
2022-05-11 14:13:08.877132,5847,114,5961
2022-05-11 14:13:09.882408,4676,42,4718
2022-05-11 14:13:10.885613,6465,110,6575
2022-05-11 14:13:11.893469,5377,150,5527
2022-05-11 14:13:12.904121,4939,127,5066
2022-05-11 14:13:13.909107,2975,110,3085
2022-05-11 14:13:14.919469,1275,66,1341
2022-05-11 14:13:15.922659,5679,74,5753
2022-05-11 14:13:16.928168,2734,125,2859
2022-05-11 14:13:17.939474,8288,19,8307
2022-05-11 14:13:18.935803,5406,14,5420
2022-05-11 14:13:19.947678,4439,59,4498
2022-05-11 14:13:20.950229,8807,6,8813
2022-05-11 14:13:21.954196,5523,87,5610
2022-05-11 14:13:22.958710,4411,125,4536
2022-05-11 14:13:23.961485,5585,93,5678
2022-05-11 14:13:24.965088,8604,18,8622
2022-05-11 14:13:25.978490,8716,92,8808
2022-05-11 14:13:26.980156,8775,47,8822
2022-05-11 14:13:27.983797,4190,101,4291
2022-05-11 14:13:28.993563,2243,74,2317
2022-05-11 14:13:29.997351,4812,55,4867
2022-05-11 14:13:30.998481,2903,124,3027
2022-05-11 14:13:32.000816,7171,96,7267
2022-05-11 14:13:33.012684,8213,27,8240
2022-05-11 14:13:34.019772,2502,78,2580
2022-05-11 14:13:35.024833,2838,82,2920
2022-05-11 14:13:36.042514,1947,121,2068
2022-05-11 14:13:37.046241,6801,21,6822
2022-05-11 14:13:38.051512,4207,146,4353
2022-05-11 14:13:39.056320,1333,34,1367
2022-05-11 14:13:40.065805,3190,91,3281
2022-05-11 14:13:42.073571,7194,104,7298
2022-05-11 14:13:43.079380,8714,9,8723
2022-05-11 14:13:44.086749,1370,53,1423
2022-05-11 14:13:45.091793,891,19,910
2022-05-11 14:13:46.096074,2078,50,2128
2022-05-11 14:13:47.100404,1151,119,1270
2022-05-11 14:13:48.106455,8035,84,8119
2022-05-11 14:13:49.109624,5203,119,5322
2022-05-11 14:13:50.115653,3809,82,3891
2022-05-11 14:13:51.117657,1562,134,1696
2022-05-11 14:13:52.124281,392,8,400
2022-05-11 14:13:53.134634,2723,101,2824
2022-05-11 14:13:54.142836,130,48,178
2022-05-11 14:13:55.150912,2650,78,2728
2022-05-11 14:13:56.152077,7693,43,7736
2022-05-11 14:13:57.161361,956,81,1037
2022-05-11 14:13:58.166648,7859,113,7972
2022-05-11 14:13:59.171093,6144,26,6170
2022-05-11 14:14:00.177479,3164,116,3280
2022-05-11 14:14:01.181759,2165,82,2247
2022-05-11 14:14:02.184342,1288,98,1386
2022-05-11 14:14:03.190788,4875,135,5010
2022-05-11 14:14:04.191983,6025,117,6142
2022-05-11 14:14:05.194006,423,25,448
2022-05-11 14:14:06.204892,3466,79,3545
2022-05-11 14:14:07.208950,8200,7,8207
2022-05-11 14:14:08.213425,5064,53,5117
2022-05-11 14:14:09.218697,1381,10,1391
2022-05-11 14:14:10.221958,703,113,816
2022-05-11 14:14:11.226312,1716,105,1821
2022-05-11 14:14:12.233443,7551,145,7696
2022-05-11 14:14:13.240000,8633,56,8689
2022-05-11 14:14:14.248779,8185,88,8273
2022-05-11 14:14:15.247878,2892,94,2986
2022-05-11 14:14:16.255425,26,148,174
2022-05-11 14:14:17.257435,6320,28,6348
2022-05-11 14:14:18.261164,3509,137,3646
2022-05-11 14:14:19.266550,1529,13,1542
2022-05-11 14:14:20.268566,6930,33,6963
2022-05-11 14:14:21.280456,4036,73,4109
2022-05-11 14:14:22.285009,226,142,368
2022-05-11 14:14:23.295446,7328,68,7396
2022-05-11 14:14:24.299786,6575,73,6648
2022-05-11 14:14:25.301926,4746,129,4875
2022-05-11 14:14:26.308705,6466,11,6477
2022-05-11 14:14:27.314506,8344,26,8370
2022-05-11 14:14:28.320392,2857,11,2868
2022-05-11 14:14:29.327606,1486,115,1601
2022-05-11 14:14:30.332573,985,145,1130
2022-05-11 14:14:31.342944,618,72,690
2022-05-11 14:14:32.349064,5822,133,5955
2022-05-11 14:14:33.350192,2377,78,2455
2022-05-11 14:14:34.358616,2537,135,2672
2022-05-11 14:14:35.356152,4445,146,4591
2022-05-11 14:14:36.367225,7149,10,7159
2022-05-11 14:14:37.370847,7780,98,7878
2022-05-11 14:14:38.373046,2530,70,2600
2022-05-11 14:14:39.382018,3739,62,3801
2022-05-11 14:14:40.381522,1590,86,1676
2022-05-11 14:14:41.387323,73,58,131
2022-05-11 14:14:42.392140,5569,16,5585
2022-05-11 14:14:43.398374,4230,15,4245
2022-05-11 14:14:44.401305,2048,76,2124
2022-05-11 14:14:45.407983,3640,55,3695
2022-05-11 14:14:46.411380,3588,72,3660
2022-05-11 14:14:47.413700,3988,10,3998
2022-05-11 14:14:48.421117,7435,126,7561
2022-05-11 14:14:49.423336,5291,104,5395
2022-05-11 14:14:50.426480,8092,83,8175
2022-05-11 14:14:51.430273,6685,105,6790
2022-05-11 14:14:52.434090,6335,88,6423
2022-05-11 14:14:53.439300,871,30,901
2022-05-11 14:14:54.448056,3131,6,3137
2022-05-11 14:14:55.451891,3178,129,3307
2022-05-11 14:14:56.457049,5755,87,5842
2022-05-11 14:14:57.464003,106,85,191
2022-05-11 14:14:58.470418,3277,18,3295
2022-05-11 14:14:59.475012,8696,45,8741
2022-05-11 14:15:00.482078,2295,1,2296
2022-05-11 14:15:01.487245,7378,81,7459
2022-05-11 14:15:02.492252,697,119,816
2022-05-11 14:15:03.493927,8177,12,8189
2022-05-11 14:15:04.496353,6407,25,6432
2022-05-11 14:15:05.500181,8661,103,8764
2022-05-11 14:15:06.510360,5164,49,5213
2022-05-11 14:15:07.514348,5822,42,5864
2022-05-11 14:15:08.516215,2772,77,2849
2022-05-11 14:15:09.527462,4453,93,4546
2022-05-11 14:15:10.532038,8083,10,8093
2022-05-11 14:15:11.538123,6882,28,6910
2022-05-11 14:15:12.543319,764,81,845
2022-05-11 14:15:13.545010,5155,78,5233
2022-05-11 14:15:14.558375,5716,23,5739
2022-05-11 14:15:15.561529,1480,97,1577
2022-05-11 14:15:16.568388,5777,83,5860
2022-05-11 14:15:17.567236,1309,42,1351
2022-05-11 14:15:18.565040,2369,100,2469
2022-05-11 14:15:19.573587,5471,7,5478
2022-05-11 14:15:20.577188,3017,65,3082
2022-05-11 14:15:21.581754,964,66,1030
2022-05-11 14:15:22.591535,4949,77,5026
2022-05-11 14:15:23.595679,483,61,544
2022-05-11 14:15:24.600402,3946,30,3976
2022-05-11 14:15:25.604878,2961,38,2999
2022-05-11 14:15:26.609339,1006,94,1100
2022-05-11 14:15:27.614364,3018,132,3150
2022-05-11 14:15:28.618549,6116,70,6186
2022-05-11 14:15:29.623333,3439,107,3546
2022-05-11 14:15:30.630595,7309,96,7405
2022-05-11 14:15:31.632076,2701,98,2799
2022-05-11 14:15:32.633845,2446,108,2554
2022-05-11 14:15:33.644659,5038,12,5050
2022-05-11 14:15:34.649849,7415,133,7548
2022-05-11 14:15:35.654978,7099,147,7246
2022-05-11 14:15:36.654806,6942,40,6982
2022-05-11 14:15:37.668013,6814,129,6943
2022-05-11 14:15:38.674332,4783,22,4805
2022-05-11 14:15:39.683252,377,9,386
2022-05-11 14:15:40.684694,1713,139,1852
2022-05-11 14:15:41.692736,8151,55,8206
2022-05-11 14:15:42.702170,1238,14,1252
2022-05-11 14:15:43.705094,2985,100,3085
2022-05-11 14:15:44.712068,5901,122,6023
2022-05-11 14:15:45.713352,106,103,209
2022-05-11 14:15:46.720510,8108,41,8149
2022-05-11 14:15:47.731077,5765,115,5880
2022-05-11 14:15:48.731515,5793,81,5874
2022-05-11 14:15:49.740056,3333,78,3411
2022-05-11 14:15:50.746060,4076,124,4200
2022-05-11 14:15:51.747188,2897,29,2926
2022-05-11 14:15:52.756419,4730,72,4802
2022-05-11 14:15:53.766365,5047,33,5080
2022-05-11 14:15:54.770390,8026,63,8089
2022-05-11 14:15:55.779497,576,68,644
2022-05-11 14:15:56.782639,6340,56,6396
2022-05-11 14:15:57.787378,7032,25,7057
2022-05-11 14:15:58.793424,6786,32,6818
2022-05-11 14:15:59.795305,8299,117,8416
2022-05-11 14:16:00.803050,8431,110,8541
2022-05-11 14:16:01.809470,3285,3,3288
2022-05-11 14:16:02.817500,7867,51,7918
2022-05-11 14:16:03.820008,5812,88,5900
2022-05-11 14:16:04.827773,1117,111,1228
2022-05-11 14:16:05.829825,556,113,669
2022-05-11 14:16:06.837078,4888,116,5004
2022-05-11 14:16:07.847199,2321,5,2326
2022-05-11 14:16:08.844669,3659,59,3718
2022-05-11 14:16:09.852234,4929,39,4968
2022-05-11 14:16:10.863366,1517,25,1542
2022-05-11 14:16:11.864118,205,100,305
2022-05-11 14:16:12.869220,2464,20,2484
2022-05-11 14:16:13.877756,4570,18,4588
2022-05-11 14:16:14.883056,61,51,112
2022-05-11 14:16:15.889280,8105,65,8170
2022-05-11 14:16:16.894997,3133,24,3157
2022-05-11 14:16:17.905067,6322,133,6455
2022-05-11 14:16:18.906017,7811,4,7815
2022-05-11 14:16:19.913882,7116,140,7256
2022-05-11 14:16:20.915387,4751,30,4781
2022-05-11 14:16:21.922393,5017,48,5065
2022-05-11 14:16:22.926668,6625,53,6678
2022-05-11 14:16:23.930445,3080,14,3094
2022-05-11 14:16:24.931985,2366,62,2428
2022-05-11 14:16:25.935456,894,22,916
2022-05-11 14:16:26.940037,5663,130,5793
2022-05-11 14:16:27.946326,6329,85,6414
2022-05-11 14:16:28.949050,2710,27,2737
2022-05-11 14:16:29.958942,1713,96,1809
2022-05-11 14:16:30.962030,7686,56,7742
2022-05-11 14:16:31.963286,1869,77,1946
2022-05-11 14:16:32.971979,3831,95,3926
2022-05-11 14:16:33.973966,8623,128,8751
2022-05-11 14:16:34.977669,7983,34,8017
2022-05-11 14:16:35.980354,7530,2,7532
2022-05-11 14:16:36.986675,5475,47,5522
2022-05-11 14:16:37.988595,3078,93,3171
2022-05-11 14:16:38.999698,5782,26,5808
2022-05-11 14:16:40.003497,1866,132,1998
2022-05-11 14:16:41.007621,5591,64,5655
2022-05-11 14:16:42.011587,6327,134,6461
2022-05-11 14:16:43.019052,1170,113,1283
2022-05-11 14:16:44.018807,5486,126,5612
2022-05-11 14:16:45.024439,871,24,895
2022-05-11 14:16:46.029976,7905,124,8029
2022-05-11 14:16:47.032704,786,83,869
2022-05-11 14:16:48.035225,5111,9,5120
2022-05-11 14:16:49.040231,6564,49,6613
2022-05-11 14:16:50.049737,1455,123,1578
2022-05-11 14:16:51.051045,8175,80,8255
2022-05-11 14:16:52.053756,6852,144,6996
2022-05-11 14:16:53.051845,7591,75,7666
2022-05-11 14:16:54.060006,8299,145,8444
2022-05-11 14:16:55.068906,4385,90,4475
2022-05-11 14:16:56.075415,3738,34,3772
2022-05-11 14:16:57.076844,7081,7,7088
2022-05-11 14:16:58.081938,4985,29,5014
2022-05-11 14:16:59.089022,5553,58,5611
2022-05-11 14:17:00.094615,4174,12,4186
2022-05-11 14:17:01.097173,1938,116,2054
2022-05-11 14:17:02.103141,8658,106,8764
2022-05-11 14:17:03.109177,5095,115,5210
2022-05-11 14:17:04.116397,2421,55,2476
2022-05-11 14:17:05.124492,8312,79,8391
2022-05-11 14:17:06.128778,2012,116,2128
2022-05-11 14:17:07.134614,2196,103,2299
2022-05-11 14:17:08.134178,6194,29,6223
2022-05-11 14:17:09.146501,3066,2,3068
2022-05-11 14:17:10.159681,4189,133,4322
2022-05-11 14:17:11.155794,6269,93,6362
2022-05-11 14:17:12.162695,1957,10,1967
2022-05-11 14:17:13.168839,5927,98,6025
2022-05-11 14:17:14.175952,796,55,851
2022-05-11 14:17:15.180810,2316,22,2338
2022-05-11 14:17:16.187213,2767,129,2896
2022-05-11 14:17:17.191552,1786,116,1902
2022-05-11 14:17:18.198318,774,111,885
2022-05-11 14:17:19.204242,3681,40,3721
2022-05-11 14:17:20.207870,269,106,375
2022-05-11 14:17:21.215299,2154,145,2299
2022-05-11 14:17:22.217875,6332,35,6367
2022-05-11 14:17:23.225115,2562,62,2624
2022-05-11 14:17:24.230179,6515,117,6632
2022-05-11 14:17:25.235283,2218,123,2341
2022-05-11 14:17:26.238205,8492,112,8604
2022-05-11 14:17:27.246736,1392,26,1418
2022-05-11 14:17:28.247980,2626,58,2684
2022-05-11 14:17:29.256240,5150,41,5191
2022-05-11 14:17:30.260217,8246,61,8307
2022-05-11 14:17:31.262162,2347,144,2491
2022-05-11 14:17:32.302958,8056,39,8095
2022-05-11 14:17:33.298582,1453,117,1570
2022-05-11 14:17:34.303394,2816,6,2822
2022-05-11 14:17:35.308789,7097,142,7239
2022-05-11 14:17:36.314515,1158,1,1159
2022-05-11 14:17:37.320109,8564,11,8575
2022-05-11 14:17:38.325757,2710,148,2858
2022-05-11 14:17:39.330514,4299,4,4303
2022-05-11 14:17:40.342832,2964,87,3051
2022-05-11 14:17:41.348988,7107,74,7181
2022-05-11 14:17:42.356691,5997,87,6084
2022-05-11 14:17:43.361625,990,105,1095
2022-05-11 14:17:44.362558,4688,62,4750
2022-05-11 14:17:45.370602,1164,128,1292
2022-05-11 14:17:46.379863,2785,10,2795
2022-05-11 14:17:47.383104,781,38,819
2022-05-11 14:17:48.386353,1812,64,1876
2022-05-11 14:17:49.393465,6328,86,6414
2022-05-11 14:17:50.397837,8693,53,8746
2022-05-11 14:17:51.403387,332,52,384
2022-05-11 14:17:52.406191,4598,87,4685
2022-05-11 14:17:53.410494,8432,40,8472
2022-05-11 14:17:54.408937,6761,93,6854
2022-05-11 14:17:55.416352,2497,58,2555
2022-05-11 14:17:56.426476,2386,111,2497
2022-05-11 14:17:57.432987,1133,66,1199
2022-05-11 14:17:58.437943,8844,103,8947
2022-05-11 14:17:59.447005,5003,80,5083
2022-05-11 14:18:00.453300,5355,120,5475
2022-05-11 14:18:01.450963,4247,148,4395
2022-05-11 14:18:02.458925,835,6,841
2022-05-11 14:18:03.459186,3620,76,3696
2022-05-11 14:18:04.468510,6740,96,6836
2022-05-11 14:18:05.472732,2224,69,2293
2022-05-11 14:18:06.478186,713,91,804
2022-05-11 14:18:07.485112,1207,9,1216
2022-05-11 14:18:08.493012,1979,102,2081
2022-05-11 14:18:09.489228,307,22,329
2022-05-11 14:18:10.498798,5300,94,5394
2022-05-11 14:18:11.506397,5333,124,5457
2022-05-11 14:18:12.513821,8571,107,8678
2022-05-11 14:18:13.518398,558,18,576
2022-05-11 14:18:14.520368,7158,52,7210
2022-05-11 14:18:15.522407,4461,98,4559
2022-05-11 14:18:16.532322,5826,57,5883
2022-05-11 14:18:17.550579,6695,46,6741
2022-05-11 14:18:18.549954,8514,120,8634
2022-05-11 14:18:19.550493,2392,22,2414
2022-05-11 14:18:20.553754,3958,8,3966
2022-05-11 14:18:21.562836,2696,66,2762
2022-05-11 14:18:22.569474,1574,41,1615
2022-05-11 14:18:23.569958,1967,37,2004
2022-05-11 14:18:24.579996,6135,6,6141
2022-05-11 14:18:25.587697,6241,61,6302
2022-05-11 14:18:26.596750,6343,135,6478
2022-05-11 14:18:27.605592,5622,115,5737
2022-05-11 14:18:28.610677,5696,67,5763
2022-05-11 14:18:29.610971,5340,32,5372
2022-05-11 14:18:30.618838,1125,58,1183
2022-05-11 14:18:31.627122,7844,2,7846
2022-05-11 14:18:32.629452,2982,51,3033
2022-05-11 14:18:33.639399,5758,130,5888
2022-05-11 14:18:34.645400,2474,40,2514
2022-05-11 14:18:35.654132,7768,108,7876
2022-05-11 14:18:36.653787,554,64,618
2022-05-11 14:18:37.668172,2225,116,2341
2022-05-11 14:18:38.672652,8002,13,8015
2022-05-11 14:18:39.683139,8143,62,8205
2022-05-11 14:18:40.681579,1091,134,1225
2022-05-11 14:18:41.694643,515,129,644
2022-05-11 14:18:42.692904,2509,128,2637
2022-05-11 14:18:43.694674,5730,8,5738
2022-05-11 14:18:44.702176,170,75,245
2022-05-11 14:18:45.708009,2215,31,2246
2022-05-11 14:18:46.715726,7951,148,8099
2022-05-11 14:18:47.723913,5993,16,6009
2022-05-11 14:18:48.727539,5656,2,5658
2022-05-11 14:18:49.741225,6111,6,6117
2022-05-11 14:18:50.752113,1130,32,1162
2022-05-11 14:18:51.749978,2976,24,3000
2022-05-11 14:18:52.762793,5279,76,5355
2022-05-11 14:18:53.768274,5084,110,5194
2022-05-11 14:18:54.780329,8233,117,8350
2022-05-11 14:18:55.786760,4200,133,4333
2022-05-11 14:18:56.786736,2824,133,2957
2022-05-11 14:18:57.795320,5367,75,5442
2022-05-11 14:18:58.805318,8872,40,8912
2022-05-11 14:18:59.814127,2239,85,2324
2022-05-11 14:19:00.819619,631,95,726
2022-05-11 14:19:01.825123,8611,80,8691
2022-05-11 14:19:02.822084,5,75,80
2022-05-11 14:19:03.831824,4122,86,4208
2022-05-11 14:19:04.839279,4895,63,4958
2022-05-11 14:19:05.844861,1520,106,1626
2022-05-11 14:19:06.851475,197,106,303
2022-05-11 14:19:07.859179,3959,3,3962
2022-05-11 14:19:08.857895,2822,91,2913
2022-05-11 14:19:09.865173,5116,70,5186
2022-05-11 14:19:10.868245,931,8,939
2022-05-11 14:19:11.881842,633,63,696
2022-05-11 14:19:12.886950,1900,19,1919
2022-05-11 14:19:13.894366,7755,50,7805
2022-05-11 14:19:14.904989,8523,21,8544
2022-05-11 14:19:15.909842,7287,50,7337
2022-05-11 14:19:16.916168,4089,109,4198
2022-05-11 14:19:17.922014,682,43,725
2022-05-11 14:19:18.923299,8363,95,8458
2022-05-11 14:19:19.937873,1832,26,1858
2022-05-11 14:19:20.944060,5698,124,5822
2022-05-11 14:19:21.954643,5110,142,5252
2022-05-11 14:19:22.958984,5874,60,5934
2022-05-11 14:19:23.968876,861,54,915
2022-05-11 14:19:24.972726,7792,20,7812
2022-05-11 14:19:25.966880,6856,61,6917
2022-05-11 14:19:26.980175,3849,147,3996
2022-05-11 14:19:27.979857,3691,113,3804
2022-05-11 14:19:28.991435,2215,49,2264
2022-05-11 14:19:29.993675,6057,149,6206
2022-05-11 14:19:31.004520,4912,126,5038
2022-05-11 14:19:32.007466,2698,136,2834
2022-05-11 14:19:33.016531,7572,135,7707
2022-05-11 14:19:34.023666,2816,21,2837
2022-05-11 14:19:35.030659,6457,71,6528
2022-05-11 14:19:36.038652,3337,107,3444
2022-05-11 14:19:37.044566,123,46,169
2022-05-11 14:19:38.051895,2218,83,2301
2022-05-11 14:19:39.049433,3512,94,3606
2022-05-11 14:19:40.054492,3242,47,3289
2022-05-11 14:19:41.069023,4533,85,4618
2022-05-11 14:19:42.075785,7886,122,8008
2022-05-11 14:19:43.078645,7064,139,7203
2022-05-11 14:19:44.081154,85,126,211
2022-05-11 14:19:45.095484,8619,50,8669
2022-05-11 14:19:46.096792,787,143,930
2022-05-11 14:19:47.100440,6707,51,6758
2022-05-11 14:19:48.114900,8289,143,8432
2022-05-11 14:19:49.116495,968,149,1117
2022-05-11 14:19:50.130140,2578,3,2581
2022-05-11 14:19:51.130991,4279,82,4361
2022-05-11 14:19:52.141365,2971,148,3119
2022-05-11 14:19:53.147054,3523,18,3541
2022-05-11 14:19:54.156751,4585,132,4717
2022-05-11 14:19:55.172284,3282,124,3406
2022-05-11 14:19:56.169094,4354,138,4492
2022-05-11 14:19:57.173403,1564,84,1648
2022-05-11 14:19:58.177894,6133,123,6256
2022-05-11 14:19:59.180605,6789,16,6805
2022-05-11 14:20:00.195501,4809,45,4854
2022-05-11 14:20:01.198914,4261,49,4310
2022-05-11 14:20:02.195283,6269,123,6392
2022-05-11 14:20:03.206700,5294,63,5357
2022-05-11 14:20:04.213219,7676,144,7820
2022-05-11 14:20:05.223132,537,14,551
2022-05-11 14:20:06.224569,7972,55,8027
2022-05-11 14:20:07.236541,6119,87,6206
2022-05-11 14:20:08.240950,7964,119,8083
2022-05-11 14:20:09.248641,2010,110,2120
2022-05-11 14:20:10.255186,925,59,984
2022-05-11 14:20:11.259924,7347,79,7426
2022-05-11 14:20:12.268590,4995,91,5086
2022-05-11 14:20:13.275970,5490,140,5630
2022-05-11 14:20:14.282840,4405,76,4481
2022-05-11 14:20:15.288635,4721,31,4752
2022-05-11 14:20:16.294072,8716,6,8722
2022-05-11 14:20:17.305548,3559,12,3571
2022-05-11 14:20:18.312644,1112,9,1121
2022-05-11 14:20:19.316378,2674,46,2720
2022-05-11 14:20:20.327005,4769,43,4812
2022-05-11 14:20:21.332258,5946,149,6095
2022-05-11 14:20:22.336277,3545,24,3569
2022-05-11 14:20:23.345635,6299,77,6376
2022-05-11 14:20:24.357025,646,7,653
2022-05-11 14:20:25.363333,8330,127,8457
2022-05-11 14:20:26.368859,3600,134,3734
2022-05-11 14:20:27.372737,8763,70,8833
2022-05-11 14:20:28.383845,1007,105,1112
2022-05-11 14:20:29.386087,3541,98,3639
2022-05-11 14:20:30.396392,6517,114,6631
2022-05-11 14:20:31.404884,3946,69,4015
2022-05-11 14:20:32.412531,2421,142,2563
2022-05-11 14:20:33.426462,4810,33,4843
2022-05-11 14:20:34.424339,8165,18,8183
2022-05-11 14:20:35.431970,845,59,904
2022-05-11 14:20:36.436620,7913,69,7982
2022-05-11 14:20:37.444895,4758,5,4763
2022-05-11 14:20:38.449830,5308,121,5429
2022-05-11 14:20:39.451184,6313,34,6347
2022-05-11 14:20:40.462564,3611,106,3717
2022-05-11 14:20:41.466168,6297,38,6335
2022-05-11 14:20:42.467981,4200,27,4227
2022-05-11 14:20:43.473837,3094,50,3144
2022-05-11 14:20:44.479875,6923,94,7017
2022-05-11 14:20:45.483790,5926,58,5984
2022-05-11 14:20:46.491779,1250,131,1381
2022-05-11 14:20:47.494049,3996,70,4066
2022-05-11 14:20:48.501139,6171,80,6251
2022-05-11 14:20:49.507620,2229,123,2352
2022-05-11 14:20:50.519100,6009,92,6101
2022-05-11 14:20:51.519359,915,110,1025
2022-05-11 14:20:52.521230,3445,144,3589
2022-05-11 14:20:53.527641,8713,22,8735
2022-05-11 14:20:54.530759,7378,50,7428
2022-05-11 14:20:55.537106,8781,142,8923
2022-05-11 14:20:56.541580,5112,39,5151
2022-05-11 14:20:57.552889,8245,149,8394
2022-05-11 14:20:58.563117,926,24,950
2022-05-11 14:20:59.569836,4580,9,4589
2022-05-11 14:21:00.573786,7128,130,7258
2022-05-11 14:21:01.579301,1386,147,1533
2022-05-11 14:21:02.584476,7002,4,7006
2022-05-11 14:21:03.586941,8348,63,8411
2022-05-11 14:21:04.597446,8955,127,9082
2022-05-11 14:21:05.601047,1020,147,1167
2022-05-11 14:21:06.601279,7552,74,7626
2022-05-11 14:21:07.607723,8802,100,8902
2022-05-11 14:21:08.611744,4586,144,4730
2022-05-11 14:21:09.614004,3516,134,3650
2022-05-11 14:21:10.620901,7264,126,7390
2022-05-11 14:21:11.621615,4617,45,4662
2022-05-11 14:21:12.625573,526,93,619
2022-05-11 14:21:13.633449,6157,107,6264
2022-05-11 14:21:14.638818,4371,132,4503
2022-05-11 14:21:15.646858,6971,73,7044
2022-05-11 14:21:16.650353,1206,74,1280
2022-05-11 14:21:17.655216,4806,108,4914
2022-05-11 14:21:18.662850,2310,6,2316
2022-05-11 14:21:19.669448,7710,57,7767
2022-05-11 14:21:20.676490,4300,33,4333
2022-05-11 14:21:21.679610,8709,130,8839
2022-05-11 14:21:22.679995,917,96,1013
2022-05-11 14:21:23.686712,6845,126,6971
2022-05-11 14:21:24.690646,2191,3,2194
2022-05-11 14:21:25.704313,2203,3,2206
2022-05-11 14:21:26.707584,839,71,910
2022-05-11 14:21:27.710087,5895,125,6020
2022-05-11 14:21:28.717689,3732,78,3810
2022-05-11 14:21:29.724588,4676,119,4795
2022-05-11 14:21:30.727616,2482,4,2486
2022-05-11 14:21:31.730590,3479,128,3607
2022-05-11 14:21:32.742461,4170,67,4237
2022-05-11 14:21:33.743208,2727,142,2869
2022-05-11 14:21:34.748162,6689,63,6752
2022-05-11 14:21:35.754445,4401,140,4541
2022-05-11 14:21:36.767031,8866,4,8870
2022-05-11 14:21:37.767157,3773,17,3790
2022-05-11 14:21:38.773119,4149,59,4208
2022-05-11 14:21:39.778665,7610,34,7644
2022-05-11 14:21:40.788174,5464,16,5480
2022-05-11 14:21:41.796359,4740,103,4843
2022-05-11 14:21:42.801625,2355,58,2413
2022-05-11 14:21:43.804015,3497,122,3619
2022-05-11 14:21:44.812757,841,137,978
2022-05-11 14:21:45.810980,5270,112,5382
2022-05-11 14:21:47.825615,457,52,509
2022-05-11 14:21:48.832007,8839,102,8941
2022-05-11 14:21:49.838612,5994,119,6113
2022-05-11 14:21:50.848870,2226,16,2242
2022-05-11 14:21:51.848694,1981,118,2099
2022-05-11 14:21:52.856671,8674,86,8760
2022-05-11 14:21:53.857148,7560,136,7696
2022-05-11 14:21:54.861956,7019,100,7119
2022-05-11 14:21:55.870762,7691,52,7743
2022-05-11 14:21:57.883955,5874,43,5917
2022-05-11 14:21:58.879094,7725,5,7730
2022-05-11 14:21:59.887433,2438,68,2506
2022-05-11 14:22:00.896751,4296,56,4352
2022-05-11 14:22:01.900510,2936,44,2980
2022-05-11 14:22:02.913402,1052,40,1092
2022-05-11 14:22:03.918942,4838,3,4841
2022-05-11 14:22:04.927343,8194,26,8220
2022-05-11 14:22:05.924119,6781,141,6922
2022-05-11 14:22:06.935661,8687,14,8701
2022-05-11 14:22:07.937370,5953,7,5960
2022-05-11 14:22:08.940449,1480,121,1601
2022-05-11 14:22:09.944205,5803,109,5912
2022-05-11 14:22:10.947504,4639,72,4711
2022-05-11 14:22:11.955935,2605,86,2691
2022-05-11 14:22:12.962975,6169,65,6234
2022-05-11 14:22:13.969018,5433,118,5551
2022-05-11 14:22:14.975654,310,110,420
2022-05-11 14:22:15.978489,6408,67,6475
2022-05-11 14:22:16.982556,7660,149,7809
2022-05-11 14:22:17.985536,2001,30,2031
2022-05-11 14:22:18.993292,5802,72,5874
2022-05-11 14:22:19.999274,8800,82,8882
2022-05-11 14:22:21.004499,5071,124,5195
2022-05-11 14:22:22.007933,6024,48,6072
2022-05-11 14:22:23.014732,5500,106,5606
2022-05-11 14:22:24.019396,739,28,767
2022-05-11 14:22:25.021410,5379,41,5420
2022-05-11 14:22:26.028373,1920,49,1969
2022-05-11 14:22:27.036823,6801,102,6903
2022-05-11 14:22:28.042680,3897,44,3941
2022-05-11 14:22:29.048923,5171,132,5303
2022-05-11 14:22:30.053852,1725,82,1807
2022-05-11 14:22:31.062574,2517,109,2626
2022-05-11 14:22:32.066046,5082,30,5112
2022-05-11 14:22:33.069407,7895,124,8019
2022-05-11 14:22:34.077359,4507,140,4647
2022-05-11 14:22:35.079995,416,38,454
2022-05-11 14:22:36.081451,8599,20,8619
2022-05-11 14:22:37.086015,1560,73,1633
2022-05-11 14:22:38.091478,1259,120,1379
2022-05-11 14:22:39.097596,5918,104,6022
2022-05-11 14:22:40.099322,5696,98,5794
2022-05-11 14:22:41.104667,2915,64,2979
2022-05-11 14:22:42.112543,1968,98,2066
2022-05-11 14:22:43.115348,1775,110,1885
2022-05-11 14:22:44.136591,6854,21,6875
2022-05-11 14:22:45.129679,3914,83,3997
2022-05-11 14:22:46.139328,6871,69,6940
2022-05-11 14:22:47.144321,6125,78,6203
2022-05-11 14:22:48.150405,4248,112,4360
2022-05-11 14:22:49.160155,5540,79,5619
2022-05-11 14:22:50.163043,4179,37,4216
2022-05-11 14:22:51.164921,7780,135,7915
2022-05-11 14:22:52.171680,8281,128,8409
2022-05-11 14:22:53.176070,7898,33,7931
2022-05-11 14:22:54.178298,2484,65,2549
2022-05-11 14:22:55.183437,4767,130,4897
2022-05-11 14:22:56.193562,4745,147,4892
2022-05-11 14:22:57.194554,1018,62,1080
2022-05-11 14:22:58.200615,6649,120,6769
2022-05-11 14:22:59.207497,5378,36,5414
2022-05-11 14:23:00.202044,3407,141,3548
2022-05-11 14:23:01.214836,1926,74,2000
2022-05-11 14:23:02.215769,7993,76,8069
2022-05-11 14:23:03.221831,5183,48,5231
2022-05-11 14:23:04.234841,6826,101,6927
2022-05-11 14:23:05.239261,932,48,980
2022-05-11 14:23:06.242823,4645,1,4646
2022-05-11 14:23:07.258158,1940,145,2085
2022-05-11 14:23:08.259397,553,39,592
2022-05-11 14:23:09.262619,5455,45,5500
2022-05-11 14:23:10.267457,8487,25,8512
2022-05-11 14:23:11.279606,2771,118,2889
2022-05-11 14:23:12.285467,2673,134,2807
2022-05-11 14:23:13.287763,5141,148,5289
2022-05-11 14:23:14.293053,125,134,259
2022-05-11 14:23:15.296976,6779,16,6795
2022-05-11 14:23:16.301988,1752,113,1865
2022-05-11 14:23:17.311379,6034,130,6164
2022-05-11 14:23:18.334804,1225,62,1287
2022-05-11 14:23:19.326265,4646,147,4793
2022-05-11 14:23:20.332606,3288,103,3391
2022-05-11 14:23:21.339464,2878,72,2950
2022-05-11 14:23:22.341125,5808,37,5845
2022-05-11 14:23:23.346484,7455,2,7457
2022-05-11 14:23:24.354147,1331,10,1341
2022-05-11 14:23:25.359740,6350,31,6381
2022-05-11 14:23:26.359605,6715,149,6864
2022-05-11 14:23:27.366442,7770,99,7869
2022-05-11 14:23:29.377113,8572,14,8586
2022-05-11 14:23:30.381546,2187,12,2199
2022-05-11 14:23:31.388288,892,122,1014
2022-05-11 14:23:32.392474,3903,39,3942
2022-05-11 14:23:33.401172,6135,143,6278
2022-05-11 14:23:34.403673,2022,147,2169
2022-05-11 14:23:35.408844,1623,94,1717
2022-05-11 14:23:36.414716,1348,63,1411
2022-05-11 14:23:37.419400,5456,78,5534
2022-05-11 14:23:38.424450,1897,86,1983
2022-05-11 14:23:39.428813,5851,14,5865
2022-05-11 14:23:40.435519,8684,77,8761
2022-05-11 14:23:41.437883,3448,36,3484
2022-05-11 14:23:42.448795,1576,13,1589
2022-05-11 14:23:43.447512,7666,53,7719
2022-05-11 14:23:44.453450,2052,37,2089
2022-05-11 14:23:45.462560,4366,89,4455
2022-05-11 14:23:46.462204,7227,67,7294
2022-05-11 14:23:47.470545,4515,17,4532
2022-05-11 14:23:48.472007,8053,88,8141
2022-05-11 14:23:49.475706,2138,148,2286
2022-05-11 14:23:50.482874,5855,101,5956
2022-05-11 14:23:51.485291,201,36,237
2022-05-11 14:23:52.492512,481,125,606
2022-05-11 14:23:53.500576,883,24,907
2022-05-11 14:23:54.510278,3886,114,4000
2022-05-11 14:23:55.513697,6433,21,6454
2022-05-11 14:23:56.520984,7309,141,7450
2022-05-11 14:23:57.525484,3339,110,3449
2022-05-11 14:23:58.531642,6451,144,6595
2022-05-11 14:23:59.539130,4089,99,4188
2022-05-11 14:24:00.537005,906,28,934
2022-05-11 14:24:01.537094,7924,107,8031
2022-05-11 14:24:02.548358,2769,132,2901
2022-05-11 14:24:03.563682,4672,24,4696
2022-05-11 14:24:04.566297,1081,53,1134
2022-05-11 14:24:05.575561,3116,44,3160
2022-05-11 14:24:06.575847,8944,21,8965
2022-05-11 14:24:07.579582,227,31,258
2022-05-11 14:24:08.586825,3148,107,3255
2022-05-11 14:24:09.589159,8382,115,8497
2022-05-11 14:24:10.594710,5400,44,5444
2022-05-11 14:24:11.598557,4435,7,4442
2022-05-11 14:24:12.603553,5549,63,5612
2022-05-11 14:24:13.612884,2764,77,2841
2022-05-11 14:24:14.621028,8664,54,8718
2022-05-11 14:24:15.626028,2058,36,2094
2022-05-11 14:24:16.634682,3293,109,3402
2022-05-11 14:24:17.633519,2852,56,2908
2022-05-11 14:24:18.638968,8939,45,8984
2022-05-11 14:24:19.644224,5257,14,5271
2022-05-11 14:24:20.650032,1416,9,1425
2022-05-11 14:24:21.654635,815,17,832
2022-05-11 14:24:22.660362,5810,147,5957
2022-05-11 14:24:23.662141,262,78,340
2022-05-11 14:24:24.666041,1567,141,1708
2022-05-11 14:24:25.676967,5962,20,5982
2022-05-11 14:24:26.681665,1113,79,1192
2022-05-11 14:24:27.683829,8785,122,8907
2022-05-11 14:24:28.685556,4401,29,4430
2022-05-11 14:24:29.693727,4954,79,5033
2022-05-11 14:24:30.692515,978,44,1022
2022-05-11 14:24:31.701836,493,23,516
2022-05-11 14:24:32.706191,2665,64,2729
2022-05-11 14:24:33.712710,2253,91,2344
2022-05-11 14:24:34.722381,2022,146,2168
2022-05-11 14:24:35.721033,6150,136,6286
2022-05-11 14:24:36.723044,1165,25,1190
2022-05-11 14:24:37.727759,1149,80,1229
2022-05-11 14:24:38.734730,729,87,816
2022-05-11 14:24:39.739340,2079,26,2105
2022-05-11 14:24:40.739457,4415,34,4449
2022-05-11 14:24:41.750269,7048,108,7156
2022-05-11 14:24:42.758081,598,122,720
2022-05-11 14:24:43.767182,8026,146,8172
2022-05-11 14:24:44.769332,1682,65,1747
2022-05-11 14:24:45.776416,4469,111,4580
2022-05-11 14:24:46.777779,1148,32,1180
2022-05-11 14:24:47.779748,3730,17,3747
2022-05-11 14:24:48.783795,2760,145,2905
2022-05-11 14:24:49.789287,5891,88,5979
2022-05-11 14:24:50.797695,4776,79,4855
2022-05-11 14:24:51.799523,4723,135,4858
2022-05-11 14:24:52.804021,6492,103,6595
2022-05-11 14:24:53.806464,8503,113,8616
2022-05-11 14:24:54.814086,8462,95,8557
2022-05-11 14:24:55.817107,1690,81,1771
2022-05-11 14:24:56.819900,8884,108,8992
2022-05-11 14:24:57.825964,1328,20,1348
2022-05-11 14:24:58.831175,7038,6,7044
2022-05-11 14:24:59.828853,6975,19,6994
2022-05-11 14:25:00.838093,4279,93,4372
2022-05-11 14:25:01.842669,4062,11,4073
2022-05-11 14:25:02.841692,2629,23,2652
2022-05-11 14:25:03.854765,2227,12,2239
2022-05-11 14:25:04.859765,5120,71,5191
2022-05-11 14:25:05.863255,2039,66,2105
2022-05-11 14:25:06.870596,5729,13,5742
2022-05-11 14:25:07.874125,4719,45,4764
2022-05-11 14:25:08.879499,326,135,461
2022-05-11 14:25:09.886694,6685,49,6734
2022-05-11 14:25:10.896742,7846,86,7932
2022-05-11 14:25:11.902581,2049,134,2183
2022-05-11 14:25:12.906104,8527,37,8564
2022-05-11 14:25:13.913035,6499,18,6517
2022-05-11 14:25:14.918664,7192,87,7279
2022-05-11 14:25:15.924006,7931,111,8042
2022-05-11 14:25:16.930222,5109,121,5230
2022-05-11 14:25:17.931845,1519,60,1579
2022-05-11 14:25:18.938067,2505,94,2599
2022-05-11 14:25:19.942270,1681,110,1791
2022-05-11 14:25:20.959458,5236,62,5298
2022-05-11 14:25:21.959677,1491,132,1623
2022-05-11 14:25:22.962677,4301,34,4335
2022-05-11 14:25:23.968307,349,10,359
2022-05-11 14:25:24.972654,4179,44,4223
2022-05-11 14:25:25.977939,8161,14,8175
2022-05-11 14:25:26.983927,4643,11,4654
2022-05-11 14:25:27.985839,484,123,607
2022-05-11 14:25:28.992962,6657,138,6795
2022-05-11 14:25:29.995222,2238,131,2369
2022-05-11 14:25:31.002058,854,133,987
2022-05-11 14:25:32.004856,3710,24,3734
2022-05-11 14:25:33.010359,5302,20,5322
2022-05-11 14:25:34.012655,4846,78,4924
2022-05-11 14:25:35.020783,6968,129,7097
2022-05-11 14:25:36.026881,6843,96,6939
2022-05-11 14:25:37.028377,6962,43,7005
2022-05-11 14:25:38.032183,6450,26,6476
2022-05-11 14:25:39.038799,6828,60,6888
2022-05-11 14:25:40.047341,7364,1,7365
2022-05-11 14:25:41.049965,836,56,892
2022-05-11 14:25:42.054859,5733,20,5753
2022-05-11 14:25:43.059319,1701,106,1807
2022-05-11 14:25:44.070667,6251,88,6339
2022-05-11 14:25:45.079948,3005,68,3073
2022-05-11 14:25:46.085888,6275,147,6422
2022-05-11 14:25:47.092384,6595,77,6672
2022-05-11 14:25:48.096101,5549,34,5583
2022-05-11 14:25:49.097113,8793,57,8850
2022-05-11 14:25:50.109369,7626,22,7648
2022-05-11 14:25:51.118211,5380,105,5485
2022-05-11 14:25:52.117218,5842,125,5967
2022-05-11 14:25:53.122984,8346,105,8451
2022-05-11 14:25:54.126296,6175,17,6192
2022-05-11 14:25:55.131328,6411,29,6440
2022-05-11 14:25:56.142376,4049,42,4091
2022-05-11 14:25:58.150450,8623,141,8764
2022-05-11 14:25:59.152904,5291,136,5427
2022-05-11 14:26:00.158508,8506,104,8610
2022-05-11 14:26:01.167937,5871,90,5961
2022-05-11 14:26:03.177249,6069,15,6084
2022-05-11 14:26:04.173052,3320,85,3405
2022-05-11 14:26:05.183923,3841,49,3890
2022-05-11 14:26:06.189560,2347,4,2351
2022-05-11 14:26:07.190621,5711,134,5845
2022-05-11 14:26:08.198199,908,78,986
2022-05-11 14:26:09.203111,7071,56,7127
2022-05-11 14:26:10.210809,5,66,71
2022-05-11 14:26:11.214608,5708,110,5818
2022-05-11 14:26:12.227052,5940,67,6007
2022-05-11 14:26:13.232208,2875,28,2903
2022-05-11 14:26:14.244214,7047,5,7052
2022-05-11 14:26:15.248367,3227,98,3325
2022-05-11 14:26:16.251150,3191,6,3197
2022-05-11 14:26:17.259085,1074,145,1219
2022-05-11 14:26:18.261096,1025,120,1145
2022-05-11 14:26:19.272230,3540,42,3582
2022-05-11 14:26:20.274180,5889,73,5962
2022-05-11 14:26:21.281123,1036,20,1056
2022-05-11 14:26:22.281399,7790,99,7889
2022-05-11 14:26:23.285092,1732,140,1872
2022-05-11 14:26:24.295851,407,12,419
2022-05-11 14:26:25.297994,3385,67,3452
2022-05-11 14:26:26.303899,6111,126,6237
2022-05-11 14:26:27.311306,5570,99,5669
2022-05-11 14:26:28.314771,6618,61,6679
2022-05-11 14:26:29.325086,817,106,923
2022-05-11 14:26:30.326848,1836,141,1977
2022-05-11 14:26:31.332275,3226,123,3349
2022-05-11 14:26:32.337049,8639,66,8705
2022-05-11 14:26:33.343717,7924,40,7964
2022-05-11 14:26:34.347097,1217,1,1218
2022-05-11 14:26:35.352029,2717,86,2803
2022-05-11 14:26:36.356474,8780,12,8792
2022-05-11 14:26:37.361913,2362,60,2422
2022-05-11 14:26:38.367503,289,31,320
2022-05-11 14:26:39.370896,3209,80,3289
2022-05-11 14:26:40.377572,4109,44,4153
2022-05-11 14:26:41.386365,5949,79,6028
2022-05-11 14:26:42.389412,7808,92,7900
2022-05-11 14:26:43.392753,2622,104,2726
2022-05-11 14:26:44.400126,8586,110,8696
2022-05-11 14:26:45.405931,2573,108,2681
2022-05-11 14:26:46.408961,8229,3,8232
2022-05-11 14:26:47.410308,1694,101,1795
2022-05-11 14:26:48.417505,538,69,607
2022-05-11 14:26:49.421770,3490,34,3524
2022-05-11 14:26:50.422265,2254,64,2318
2022-05-11 14:26:51.426839,7148,88,7236
2022-05-11 14:26:52.434391,5815,144,5959
2022-05-11 14:26:53.437806,3518,124,3642
2022-05-11 14:26:54.441549,8110,140,8250
2022-05-11 14:26:55.451356,2909,56,2965
2022-05-11 14:26:56.461807,1891,71,1962
2022-05-11 14:26:57.465313,5781,56,5837
2022-05-11 14:26:58.468518,3889,3,3892
2022-05-11 14:26:59.481469,1566,22,1588
2022-05-11 14:27:00.487771,788,142,930
2022-05-11 14:27:01.495110,4688,133,4821
2022-05-11 14:27:02.500144,8375,147,8522
2022-05-11 14:27:03.503729,8330,42,8372
2022-05-11 14:27:04.510678,3550,125,3675
2022-05-11 14:27:05.510843,6845,8,6853
2022-05-11 14:27:06.519552,5177,59,5236
2022-05-11 14:27:07.528001,7266,142,7408
2022-05-11 14:27:08.534755,8385,62,8447
2022-05-11 14:27:09.542654,6904,54,6958
2022-05-11 14:27:10.546744,3172,44,3216
2022-05-11 14:27:11.551491,7458,8,7466
2022-05-11 14:27:12.554635,4511,146,4657
2022-05-11 14:27:13.562257,5091,121,5212
2022-05-11 14:27:14.571359,4011,122,4133
2022-05-11 14:27:15.583673,6723,148,6871
2022-05-11 14:27:16.586509,7529,18,7547
2022-05-11 14:27:17.588971,1544,89,1633
2022-05-11 14:27:18.594320,5918,16,5934
2022-05-11 14:27:19.602768,4679,33,4712
2022-05-11 14:27:20.599509,2600,16,2616
2022-05-11 14:27:21.610406,5101,61,5162
2022-05-11 14:27:22.614206,7107,129,7236
2022-05-11 14:27:23.626516,3262,132,3394
2022-05-11 14:27:24.629146,6262,118,6380
2022-05-11 14:27:25.635014,3506,117,3623
2022-05-11 14:27:26.641733,1773,128,1901
2022-05-11 14:27:27.643510,3850,59,3909
2022-05-11 14:27:28.648483,6483,132,6615
2022-05-11 14:27:29.657866,2791,77,2868
2022-05-11 14:27:30.664413,2166,70,2236
2022-05-11 14:27:31.668883,6710,121,6831
2022-05-11 14:27:32.672798,1776,124,1900
2022-05-11 14:27:33.680899,352,120,472
2022-05-11 14:27:34.685063,698,72,770
2022-05-11 14:27:35.687972,3939,9,3948
2022-05-11 14:27:36.695040,7039,115,7154
2022-05-11 14:27:37.695004,5165,75,5240
2022-05-11 14:27:38.699353,7894,43,7937
2022-05-11 14:27:39.702155,2418,112,2530
2022-05-11 14:27:40.710788,7831,99,7930
2022-05-11 14:27:41.717220,7901,74,7975
2022-05-11 14:27:42.724852,4092,105,4197
2022-05-11 14:27:43.724280,1861,1,1862
2022-05-11 14:27:44.728495,7285,74,7359
2022-05-11 14:27:45.741100,670,50,720
2022-05-11 14:27:46.746354,1518,25,1543
2022-05-11 14:27:47.746971,1171,36,1207
2022-05-11 14:27:48.751322,2346,129,2475
2022-05-11 14:27:49.760286,3014,96,3110
2022-05-11 14:27:50.764690,5290,44,5334
2022-05-11 14:27:51.768963,8089,47,8136
2022-05-11 14:27:52.773115,6565,39,6604
2022-05-11 14:27:53.776656,3179,13,3192
2022-05-11 14:27:54.781280,5543,69,5612
2022-05-11 14:27:55.785112,8096,2,8098
2022-05-11 14:27:56.789226,6980,44,7024
2022-05-11 14:27:57.810079,2815,145,2960
2022-05-11 14:27:58.811431,8260,147,8407
2022-05-11 14:27:59.818408,2450,122,2572
2022-05-11 14:28:00.823152,709,112,821
2022-05-11 14:28:01.825920,8602,147,8749
2022-05-11 14:28:02.827432,6774,18,6792
2022-05-11 14:28:03.834865,733,84,817
2022-05-11 14:28:04.838063,1828,117,1945
2022-05-11 14:28:05.845355,6484,57,6541
2022-05-11 14:28:06.844862,1333,28,1361
2022-05-11 14:28:07.852803,6590,20,6610
2022-05-11 14:28:08.853538,8889,136,9025
2022-05-11 14:28:09.858111,3180,146,3326
2022-05-11 14:28:10.859722,8026,100,8126
2022-05-11 14:28:11.869190,537,108,645
2022-05-11 14:28:12.874504,4546,85,4631
2022-05-11 14:28:14.883969,6293,40,6333
2022-05-11 14:28:15.892311,8260,17,8277
2022-05-11 14:28:16.909886,4063,88,4151
2022-05-11 14:28:17.912524,5456,99,5555
2022-05-11 14:28:18.915977,1438,38,1476
2022-05-11 14:28:19.919348,4958,40,4998
2022-05-11 14:28:20.925840,1313,138,1451
2022-05-11 14:28:21.922811,5556,117,5673
2022-05-11 14:28:22.930338,6368,23,6391
2022-05-11 14:28:23.937803,5212,135,5347
2022-05-11 14:28:24.940525,2029,93,2122
2022-05-11 14:28:25.954167,1871,108,1979
2022-05-11 14:28:26.954478,8934,81,9015
2022-05-11 14:28:28.961057,1678,32,1710
2022-05-11 14:28:29.964494,1618,93,1711
2022-05-11 14:28:30.972910,6814,135,6949
2022-05-11 14:28:31.975482,4835,100,4935
2022-05-11 14:28:32.980893,1064,30,1094
2022-05-11 14:28:33.990083,8943,134,9077
2022-05-11 14:28:34.997239,4344,7,4351
2022-05-11 14:28:35.998625,8619,13,8632
2022-05-11 14:28:37.003954,3992,91,4083
2022-05-11 14:28:38.004839,2517,133,2650
2022-05-11 14:28:39.020349,7345,124,7469
2022-05-11 14:28:40.022753,3476,137,3613
2022-05-11 14:28:41.029196,5584,26,5610
2022-05-11 14:28:42.035637,8509,75,8584
2022-05-11 14:28:43.039901,2698,78,2776
2022-05-11 14:28:44.047813,3626,4,3630
2022-05-11 14:28:45.054575,5525,150,5675
2022-05-11 14:28:46.057871,2450,54,2504
2022-05-11 14:28:47.059059,6239,66,6305
2022-05-11 14:28:48.067420,3701,53,3754
2022-05-11 14:28:49.072029,957,145,1102
2022-05-11 14:28:50.074024,6711,50,6761
2022-05-11 14:28:51.078298,5505,91,5596
2022-05-11 14:28:52.080241,7305,125,7430
2022-05-11 14:28:53.084973,5195,150,5345
2022-05-11 14:28:54.096691,5852,7,5859
2022-05-11 14:28:55.098243,3559,98,3657
2022-05-11 14:28:56.102227,1090,41,1131
2022-05-11 14:28:57.110299,471,10,481
2022-05-11 14:28:58.110656,1067,12,1079
2022-05-11 14:28:59.119253,1715,53,1768
2022-05-11 14:29:00.122088,6453,107,6560
2022-05-11 14:29:01.129849,5413,143,5556
2022-05-11 14:29:02.132631,4649,7,4656
2022-05-11 14:29:03.140293,513,125,638
2022-05-11 14:29:04.153946,2601,72,2673
2022-05-11 14:29:05.153842,7741,112,7853
2022-05-11 14:29:06.161301,5441,5,5446
2022-05-11 14:29:07.164083,1518,37,1555
2022-05-11 14:29:08.167011,2675,133,2808
2022-05-11 14:29:09.172969,125,91,216
2022-05-11 14:29:10.180284,6261,129,6390
2022-05-11 14:29:11.182554,6520,97,6617
2022-05-11 14:29:12.186523,7303,79,7382
2022-05-11 14:29:13.197031,3637,78,3715
2022-05-11 14:29:14.199076,5830,32,5862
2022-05-11 14:29:15.202339,5750,55,5805
2022-05-11 14:29:16.207631,1562,136,1698
2022-05-11 14:29:17.211863,6071,8,6079
2022-05-11 14:29:18.215961,2370,34,2404
2022-05-11 14:29:19.221475,4579,118,4697
2022-05-11 14:29:20.253947,3652,41,3693
2022-05-11 14:29:21.247350,6787,36,6823
2022-05-11 14:29:22.251685,6323,16,6339
2022-05-11 14:29:23.251500,8777,43,8820
2022-05-11 14:29:24.256585,7614,135,7749
2022-05-11 14:29:25.260448,2627,134,2761
2022-05-11 14:29:26.264651,6772,40,6812
2022-05-11 14:29:27.266805,6112,115,6227
2022-05-11 14:29:28.265971,4251,114,4365
2022-05-11 14:29:29.276224,1007,57,1064
2022-05-11 14:29:30.278651,3958,29,3987
2022-05-11 14:29:31.284364,5376,139,5515
2022-05-11 14:29:32.286947,1602,125,1727
2022-05-11 14:29:33.292113,2450,124,2574
2022-05-11 14:29:34.303085,1959,100,2059
2022-05-11 14:29:35.312084,4825,90,4915
2022-05-11 14:29:36.313208,4080,131,4211
2022-05-11 14:29:37.319092,5412,78,5490
2022-05-11 14:29:38.327229,572,29,601
2022-05-11 14:29:39.332134,8614,126,8740
2022-05-11 14:29:40.334315,7745,145,7890
2022-05-11 14:29:41.340479,7480,23,7503
2022-05-11 14:29:42.349123,6833,135,6968
2022-05-11 14:29:43.350495,8684,87,8771
2022-05-11 14:29:44.359345,163,127,290
2022-05-11 14:29:45.360678,8856,126,8982
2022-05-11 14:29:46.369351,8300,78,8378
2022-05-11 14:29:47.382109,4791,82,4873
2022-05-11 14:29:48.384228,3549,43,3592
2022-05-11 14:29:49.387791,7974,12,7986
2022-05-11 14:29:50.394541,2308,134,2442
2022-05-11 14:29:51.395312,6283,61,6344
2022-05-11 14:29:52.403483,1565,135,1700
2022-05-11 14:29:53.407725,4285,120,4405
2022-05-11 14:29:54.413086,6997,25,7022
2022-05-11 14:29:55.416102,8541,117,8658
2022-05-11 14:29:56.420124,495,38,533
2022-05-11 14:29:57.425234,7057,52,7109
2022-05-11 14:29:58.435383,7545,31,7576
2022-05-11 14:29:59.441194,1756,47,1803
2022-05-11 14:30:00.449362,5918,62,5980
2022-05-11 14:30:01.453637,1182,39,1221
2022-05-11 14:30:02.456230,5843,121,5964
2022-05-11 14:30:04.475170,2475,111,2586
2022-05-11 14:30:05.479582,868,67,935
2022-05-11 14:30:06.488177,481,35,516
2022-05-11 14:30:07.494916,4628,65,4693
2022-05-11 14:30:08.498863,3209,9,3218
2022-05-11 14:30:09.503162,2880,140,3020
2022-05-11 14:30:10.511878,1529,62,1591
2022-05-11 14:30:11.514837,2540,8,2548
2022-05-11 14:30:12.523996,4547,58,4605
2022-05-11 14:30:13.526346,464,40,504
2022-05-11 14:30:14.531404,709,118,827
2022-05-11 14:30:15.536204,5817,98,5915
2022-05-11 14:30:16.538555,3909,78,3987
2022-05-11 14:30:17.542639,8638,36,8674
2022-05-11 14:30:18.549909,3889,112,4001
2022-05-11 14:30:19.556027,6542,109,6651
2022-05-11 14:30:20.561946,3200,64,3264
2022-05-11 14:30:21.568461,3479,40,3519
2022-05-11 14:30:22.575550,7707,128,7835
2022-05-11 14:30:23.579661,8364,22,8386
2022-05-11 14:30:24.577473,7675,31,7706
2022-05-11 14:30:25.584871,1377,9,1386
2022-05-11 14:30:26.595501,4764,99,4863
2022-05-11 14:30:27.600698,4323,82,4405
2022-05-11 14:30:28.604730,6538,80,6618
2022-05-11 14:30:29.607932,3711,80,3791
2022-05-11 14:30:30.615933,3022,19,3041
2022-05-11 14:30:31.623172,8212,123,8335
2022-05-11 14:30:32.625659,5005,40,5045
2022-05-11 14:30:33.629384,4363,23,4386
2022-05-11 14:30:34.635065,3369,121,3490
2022-05-11 14:30:35.638809,970,28,998
2022-05-11 14:30:36.649937,133,36,169
2022-05-11 14:30:37.642479,362,142,504
2022-05-11 14:30:38.646438,935,71,1006
2022-05-11 14:30:39.645134,2312,78,2390
2022-05-11 14:30:40.653894,3369,102,3471
2022-05-11 14:30:41.657666,3213,106,3319
2022-05-11 14:30:42.668974,6537,16,6553
2022-05-11 14:30:43.678054,6181,12,6193
2022-05-11 14:30:44.680986,8205,112,8317
2022-05-11 14:30:45.681982,3313,120,3433
2022-05-11 14:30:46.691066,7844,149,7993
2022-05-11 14:30:47.692590,7049,33,7082
2022-05-11 14:30:48.702624,8117,68,8185
2022-05-11 14:30:49.708112,7740,135,7875
2022-05-11 14:30:50.716127,2283,118,2401
2022-05-11 14:30:51.721073,6863,31,6894
2022-05-11 14:30:52.725228,5427,64,5491
2022-05-11 14:30:53.728922,5384,114,5498
2022-05-11 14:30:54.735121,4605,6,4611
2022-05-11 14:30:55.740045,7249,129,7378
2022-05-11 14:30:56.742170,5435,101,5536
2022-05-11 14:30:57.752998,8303,29,8332
2022-05-11 14:30:58.760328,427,43,470
2022-05-11 14:30:59.765150,122,72,194
2022-05-11 14:31:00.765070,8294,133,8427
2022-05-11 14:31:01.769526,4664,149,4813
2022-05-11 14:31:02.783709,2858,143,3001
2022-05-11 14:31:03.791835,2385,72,2457
2022-05-11 14:31:04.798541,5580,1,5581
2022-05-11 14:31:05.797446,4136,74,4210
2022-05-11 14:31:06.809194,8575,20,8595
2022-05-11 14:31:07.811872,3330,66,3396
2022-05-11 14:31:08.817721,7575,58,7633
2022-05-11 14:31:09.827235,8529,19,8548
2022-05-11 14:31:10.829694,4474,75,4549
2022-05-11 14:31:11.835533,5579,77,5656
2022-05-11 14:31:12.844146,1128,113,1241
2022-05-11 14:31:13.850081,3110,141,3251
2022-05-11 14:31:14.852961,6465,33,6498
2022-05-11 14:31:15.854856,1103,135,1238
2022-05-11 14:31:16.857166,3405,16,3421
2022-05-11 14:31:17.864090,5410,93,5503
2022-05-11 14:31:18.867288,6924,146,7070
2022-05-11 14:31:19.874454,8291,72,8363
2022-05-11 14:31:20.880785,3399,70,3469
2022-05-11 14:31:21.884829,2696,35,2731
2022-05-11 14:31:22.888265,6693,25,6718
2022-05-11 14:31:23.893059,6790,62,6852
2022-05-11 14:31:24.895038,8783,20,8803
2022-05-11 14:31:25.901716,8988,114,9102
2022-05-11 14:31:26.908274,7441,58,7499
2022-05-11 14:31:27.912126,6181,71,6252
2022-05-11 14:31:28.914140,2824,126,2950
2022-05-11 14:31:29.921017,5999,80,6079
2022-05-11 14:31:30.929203,3381,139,3520
2022-05-11 14:31:31.933979,5504,34,5538
2022-05-11 14:31:32.942147,8501,135,8636
2022-05-11 14:31:33.943113,6222,137,6359
2022-05-11 14:31:34.948157,8262,17,8279
2022-05-11 14:31:35.952555,3077,134,3211
2022-05-11 14:31:36.959075,1815,34,1849
2022-05-11 14:31:37.966850,8952,1,8953
2022-05-11 14:31:38.972505,2983,114,3097
2022-05-11 14:31:39.979376,805,119,924
2022-05-11 14:31:40.976909,4107,124,4231
2022-05-11 14:31:41.989487,4745,101,4846
2022-05-11 14:31:43.005879,7187,121,7308
2022-05-11 14:31:44.008958,6854,135,6989
2022-05-11 14:31:45.013792,7181,15,7196
2022-05-11 14:31:46.023286,5607,34,5641
2022-05-11 14:31:47.016937,5396,73,5469
2022-05-11 14:31:48.021940,8471,40,8511
2022-05-11 14:31:49.028615,4749,42,4791
2022-05-11 14:31:50.032469,4157,16,4173
2022-05-11 14:31:51.041055,7146,80,7226
2022-05-11 14:31:52.048776,5131,64,5195
2022-05-11 14:31:53.052501,1989,129,2118
2022-05-11 14:31:54.055328,297,97,394
2022-05-11 14:31:55.058165,8778,48,8826
2022-05-11 14:31:56.057381,7805,85,7890
2022-05-11 14:31:57.068868,7691,144,7835
2022-05-11 14:31:58.069680,4859,92,4951
2022-05-11 14:31:59.074275,5303,77,5380
2022-05-11 14:32:00.082122,1166,100,1266
2022-05-11 14:32:01.089645,4088,30,4118
2022-05-11 14:32:02.094607,6175,31,6206
2022-05-11 14:32:03.101626,6879,79,6958
2022-05-11 14:32:04.101247,8027,103,8130
2022-05-11 14:32:05.110607,1139,105,1244
2022-05-11 14:32:06.111573,4061,98,4159
2022-05-11 14:32:07.114843,4909,96,5005
2022-05-11 14:32:08.122145,8765,103,8868
2022-05-11 14:32:09.122875,7375,21,7396
2022-05-11 14:32:10.123072,8350,126,8476
2022-05-11 14:32:11.129369,3270,107,3377
2022-05-11 14:32:12.143998,1062,141,1203
2022-05-11 14:32:13.166871,6971,94,7065
2022-05-11 14:32:14.154943,297,15,312
2022-05-11 14:32:15.163720,5267,85,5352
2022-05-11 14:32:16.174703,3954,149,4103
2022-05-11 14:32:17.182907,6676,139,6815
2022-05-11 14:32:19.193625,5442,98,5540
2022-05-11 14:32:20.198781,8572,130,8702
2022-05-11 14:32:21.202298,3895,131,4026
2022-05-11 14:32:22.211277,4336,58,4394
2022-05-11 14:32:23.213603,4108,54,4162
2022-05-11 14:32:24.219382,8615,137,8752
2022-05-11 14:32:25.223878,6131,73,6204
2022-05-11 14:32:26.234216,8152,11,8163
2022-05-11 14:32:27.236123,633,118,751
2022-05-11 14:32:28.240765,6433,77,6510
2022-05-11 14:32:29.258863,614,84,698
2022-05-11 14:32:30.248839,2681,4,2685
2022-05-11 14:32:31.259590,5991,77,6068
2022-05-11 14:32:32.265091,6540,133,6673
2022-05-11 14:32:33.267592,7178,16,7194
2022-05-11 14:32:34.277360,5540,137,5677
2022-05-11 14:32:35.280779,6747,52,6799
2022-05-11 14:32:36.285294,4715,139,4854
2022-05-11 14:32:37.295614,3572,130,3702
2022-05-11 14:32:38.293113,2334,106,2440
2022-05-11 14:32:39.297293,6992,14,7006
2022-05-11 14:32:40.304915,5349,30,5379
2022-05-11 14:32:41.307287,3329,97,3426
2022-05-11 14:32:42.304411,121,136,257
2022-05-11 14:32:43.312295,122,102,224
2022-05-11 14:32:44.317600,7007,47,7054
2022-05-11 14:32:45.323842,3506,65,3571
2022-05-11 14:32:46.325517,7108,94,7202
2022-05-11 14:32:47.328463,4796,66,4862
2022-05-11 14:32:48.338217,7485,95,7580
2022-05-11 14:32:49.341475,533,130,663
2022-05-11 14:32:50.344718,8392,58,8450
2022-05-11 14:32:51.353807,6514,133,6647
2022-05-11 14:32:52.359828,6509,5,6514
2022-05-11 14:32:53.361947,6905,99,7004
2022-05-11 14:32:54.369421,353,7,360
2022-05-11 14:32:55.374370,6092,21,6113
2022-05-11 14:32:56.381433,5497,64,5561
2022-05-11 14:32:57.381759,1037,118,1155
2022-05-11 14:32:58.388587,8149,62,8211
2022-05-11 14:32:59.400211,950,125,1075
2022-05-11 14:33:00.397745,5201,10,5211
2022-05-11 14:33:01.407480,7118,150,7268
2022-05-11 14:33:02.409236,2994,50,3044
2022-05-11 14:33:03.412303,5751,21,5772
2022-05-11 14:33:04.422743,8670,97,8767
2022-05-11 14:33:05.430431,5055,86,5141
2022-05-11 14:33:06.435504,27,10,37
2022-05-11 14:33:07.441941,3895,1,3896
2022-05-11 14:33:08.445739,72,12,84
2022-05-11 14:33:09.453012,6193,8,6201
2022-05-11 14:33:10.458027,1150,21,1171
2022-05-11 14:33:11.459191,3943,103,4046
2022-05-11 14:33:12.463299,8723,4,8727
2022-05-11 14:33:13.470676,6381,136,6517
2022-05-11 14:33:14.474730,5993,77,6070
2022-05-11 14:33:15.483945,8869,76,8945
2022-05-11 14:33:16.492955,1404,79,1483
2022-05-11 14:33:17.497324,2078,125,2203
2022-05-11 14:33:18.503511,3456,129,3585
2022-05-11 14:33:19.510429,7069,134,7203
2022-05-11 14:33:20.522247,4571,46,4617
2022-05-11 14:33:21.532359,3971,2,3973
2022-05-11 14:33:22.532039,7937,103,8040
2022-05-11 14:33:23.533221,5004,149,5153
2022-05-11 14:33:24.542540,6992,60,7052
2022-05-11 14:33:25.547229,117,45,162
2022-05-11 14:33:26.548230,4968,15,4983
2022-05-11 14:33:27.554409,2865,86,2951
2022-05-11 14:33:29.564310,6779,111,6890
2022-05-11 14:33:30.566225,8500,13,8513
2022-05-11 14:33:31.572253,7944,38,7982
2022-05-11 14:33:32.576668,4776,142,4918
2022-05-11 14:33:33.581854,4295,57,4352
2022-05-11 14:33:34.593449,4536,13,4549
2022-05-11 14:33:35.597494,639,106,745
2022-05-11 14:33:36.603976,4722,5,4727
2022-05-11 14:33:37.609557,3978,44,4022
2022-05-11 14:33:38.618841,811,42,853
2022-05-11 14:33:39.621285,178,122,300
2022-05-11 14:33:40.631106,3363,24,3387
2022-05-11 14:33:41.637216,3713,73,3786
2022-05-11 14:33:42.642014,2273,24,2297
2022-05-11 14:33:43.644147,3762,28,3790
2022-05-11 14:33:44.650281,6422,104,6526
2022-05-11 14:33:45.660279,2503,75,2578
2022-05-11 14:33:46.664583,1985,37,2022
2022-05-11 14:33:47.665767,8775,122,8897
2022-05-11 14:33:48.674754,5118,71,5189
2022-05-11 14:33:49.680899,5434,83,5517
2022-05-11 14:33:50.684957,4013,21,4034
2022-05-11 14:33:51.693901,5825,60,5885
2022-05-11 14:33:52.699999,8981,122,9103
2022-05-11 14:33:53.704221,709,79,788
2022-05-11 14:33:54.711583,5739,110,5849
2022-05-11 14:33:55.710193,1941,79,2020
2022-05-11 14:33:56.718988,1201,122,1323
2022-05-11 14:33:57.730003,8145,58,8203
2022-05-11 14:33:58.721920,1733,59,1792
2022-05-11 14:33:59.731503,7880,147,8027
2022-05-11 14:34:00.733087,3481,14,3495
2022-05-11 14:34:01.739895,8363,31,8394
2022-05-11 14:34:02.738985,7033,19,7052
2022-05-11 14:34:03.755104,1464,87,1551
2022-05-11 14:34:04.756263,8492,141,8633
2022-05-11 14:34:05.766194,4689,44,4733
2022-05-11 14:34:06.772407,8923,86,9009
2022-05-11 14:34:07.775407,953,150,1103
2022-05-11 14:34:08.780042,1637,58,1695
2022-05-11 14:34:09.790813,683,55,738
2022-05-11 14:34:10.794746,733,63,796
2022-05-11 14:34:11.801588,3369,143,3512
2022-05-11 14:34:12.804795,6986,33,7019
2022-05-11 14:34:13.810063,7346,56,7402
2022-05-11 14:34:14.816550,8955,96,9051
2022-05-11 14:34:15.820532,3268,86,3354
2022-05-11 14:34:16.830865,3794,61,3855
2022-05-11 14:34:17.836754,4591,72,4663
2022-05-11 14:34:18.841221,6781,57,6838
2022-05-11 14:34:19.845299,4439,35,4474
2022-05-11 14:34:20.853542,5872,7,5879
2022-05-11 14:34:21.866320,7708,75,7783
2022-05-11 14:34:22.873592,75,117,192
2022-05-11 14:34:23.877348,4567,135,4702
2022-05-11 14:34:24.884378,6512,126,6638
2022-05-11 14:34:25.889427,2013,47,2060
2022-05-11 14:34:26.893734,3261,48,3309
2022-05-11 14:34:27.897814,7512,76,7588
2022-05-11 14:34:28.903037,8086,74,8160
2022-05-11 14:34:29.909906,6556,39,6595
2022-05-11 14:34:30.912916,7386,106,7492
2022-05-11 14:34:31.915548,6983,104,7087
2022-05-11 14:34:32.919593,5372,72,5444
2022-05-11 14:34:33.926639,5681,122,5803
2022-05-11 14:34:34.933171,4583,120,4703
2022-05-11 14:34:35.940905,3982,91,4073
2022-05-11 14:34:36.941112,1422,137,1559
2022-05-11 14:34:37.948010,5020,9,5029
2022-05-11 14:34:38.951585,8975,123,9098
2022-05-11 14:34:39.960418,6970,132,7102
2022-05-11 14:34:40.966077,7009,122,7131
2022-05-11 14:34:41.972665,6385,101,6486
2022-05-11 14:34:42.977745,1045,75,1120
2022-05-11 14:34:43.983426,8983,25,9008
2022-05-11 14:34:44.988968,3608,63,3671
2022-05-11 14:34:45.994807,216,5,221
2022-05-11 14:34:46.997375,7434,65,7499
2022-05-11 14:34:48.003438,3116,75,3191
2022-05-11 14:34:49.009373,1936,34,1970
2022-05-11 14:34:50.010584,35,42,77
2022-05-11 14:34:51.014876,959,57,1016
2022-05-11 14:34:52.019888,4028,121,4149
2022-05-11 14:34:53.025588,6118,49,6167
2022-05-11 14:34:54.031072,1210,29,1239
2022-05-11 14:34:55.036052,2434,150,2584
2022-05-11 14:34:56.041038,8413,25,8438
2022-05-11 14:34:57.046055,6164,97,6261
2022-05-11 14:34:58.052509,5227,45,5272
2022-05-11 14:34:59.064991,6023,40,6063
2022-05-11 14:35:00.063999,3726,73,3799
2022-05-11 14:35:01.074294,7290,70,7360
2022-05-11 14:35:02.074581,4993,73,5066
2022-05-11 14:35:03.080067,6430,106,6536
2022-05-11 14:35:04.086749,2971,57,3028
2022-05-11 14:35:05.092731,6590,17,6607
2022-05-11 14:35:06.095438,6053,5,6058
2022-05-11 14:35:07.103116,3296,32,3328
2022-05-11 14:35:08.110491,1585,99,1684
2022-05-11 14:35:09.113272,3222,61,3283
2022-05-11 14:35:10.119247,564,69,633
2022-05-11 14:35:11.125310,1784,100,1884
2022-05-11 14:35:12.129106,8062,146,8208
2022-05-11 14:35:13.130796,8772,29,8801
2022-05-11 14:35:14.138866,8192,29,8221
2022-05-11 14:35:15.138294,6663,35,6698
2022-05-11 14:35:16.148153,7882,139,8021
2022-05-11 14:35:17.150987,3741,141,3882
2022-05-11 14:35:18.156045,2740,82,2822
2022-05-11 14:35:19.160443,2617,11,2628
2022-05-11 14:35:20.166729,6594,41,6635
2022-05-11 14:35:21.172220,6997,72,7069
2022-05-11 14:35:22.181191,8891,43,8934
2022-05-11 14:35:23.185747,4616,19,4635
2022-05-11 14:35:24.194507,4707,112,4819
2022-05-11 14:35:25.194062,3502,38,3540
2022-05-11 14:35:26.203311,5980,140,6120
2022-05-11 14:35:27.206227,7471,11,7482
2022-05-11 14:35:28.215078,7137,107,7244
2022-05-11 14:35:29.218949,165,122,287
2022-05-11 14:35:30.219528,1107,47,1154
2022-05-11 14:35:31.228541,8751,13,8764
2022-05-11 14:35:32.233297,8857,128,8985
2022-05-11 14:35:33.242654,4485,130,4615
2022-05-11 14:35:34.251612,5919,18,5937
2022-05-11 14:35:35.257895,7186,87,7273
2022-05-11 14:35:36.268892,2108,80,2188
2022-05-11 14:35:37.273310,4840,33,4873
2022-05-11 14:35:38.277129,685,143,828
2022-05-11 14:35:39.284650,5108,47,5155
2022-05-11 14:35:40.291979,8341,103,8444
2022-05-11 14:35:41.294280,818,125,943
2022-05-11 14:35:42.305042,5738,8,5746
2022-05-11 14:35:43.305983,3421,142,3563
2022-05-11 14:35:44.312431,2529,115,2644
2022-05-11 14:35:45.320368,4371,99,4470
2022-05-11 14:35:46.333366,3227,132,3359
2022-05-11 14:35:47.334842,6888,56,6944
2022-05-11 14:35:48.337669,1285,114,1399
2022-05-11 14:35:49.340995,691,80,771
2022-05-11 14:35:50.348430,7454,104,7558
2022-05-11 14:35:51.356666,4447,122,4569
2022-05-11 14:35:52.359703,7437,25,7462
2022-05-11 14:35:53.367890,2309,142,2451
2022-05-11 14:35:54.370586,5949,43,5992
2022-05-11 14:35:55.373534,927,58,985
2022-05-11 14:35:56.379928,6533,87,6620
2022-05-11 14:35:57.386909,5041,7,5048
2022-05-11 14:35:58.391649,710,30,740
2022-05-11 14:35:59.390806,5390,95,5485
2022-05-11 14:36:00.406738,5969,137,6106
2022-05-11 14:36:01.406287,2249,136,2385
2022-05-11 14:36:02.415075,3938,131,4069
2022-05-11 14:36:03.423139,3732,21,3753
2022-05-11 14:36:04.423713,3079,62,3141
2022-05-11 14:36:05.434369,5205,117,5322
2022-05-11 14:36:06.437528,184,45,229
2022-05-11 14:36:07.439284,3015,97,3112
2022-05-11 14:36:08.445632,5839,68,5907
2022-05-11 14:36:09.453745,1102,59,1161
2022-05-11 14:36:10.456681,5526,9,5535
2022-05-11 14:36:11.462580,923,135,1058
2022-05-11 14:36:12.470076,6504,129,6633
2022-05-11 14:36:13.472127,2048,88,2136
2022-05-11 14:36:14.482230,3117,71,3188
2022-05-11 14:36:15.484749,655,57,712
2022-05-11 14:36:16.482715,181,6,187
2022-05-11 14:36:17.496945,4000,115,4115
2022-05-11 14:36:18.499235,1773,92,1865
2022-05-11 14:36:19.503138,1016,87,1103
2022-05-11 14:36:20.507524,3623,15,3638
2022-05-11 14:36:21.513262,8309,116,8425
2022-05-11 14:36:22.516409,4932,95,5027
2022-05-11 14:36:23.519139,6057,117,6174
2022-05-11 14:36:24.523290,755,96,851
2022-05-11 14:36:25.528533,2582,125,2707
2022-05-11 14:36:26.533662,3498,131,3629
2022-05-11 14:36:27.542806,5599,65,5664
2022-05-11 14:36:28.547800,5001,71,5072
2022-05-11 14:36:29.551921,8721,58,8779
2022-05-11 14:36:30.556066,3060,79,3139
2022-05-11 14:36:31.566170,7167,27,7194
2022-05-11 14:36:32.570345,5541,1,5542
2022-05-11 14:36:33.574286,2258,89,2347
2022-05-11 14:36:34.579991,1327,79,1406
2022-05-11 14:36:35.587589,658,9,667
2022-05-11 14:36:36.589495,7152,132,7284
2022-05-11 14:36:37.600211,777,57,834
2022-05-11 14:36:38.598267,5518,50,5568
2022-05-11 14:36:39.607216,6162,104,6266
2022-05-11 14:36:40.612281,5860,2,5862
2022-05-11 14:36:41.614960,1742,83,1825
2022-05-11 14:36:42.617832,12,114,126
2022-05-11 14:36:43.626731,6528,138,6666
2022-05-11 14:36:44.632181,4027,63,4090
2022-05-11 14:36:45.634459,8376,99,8475
2022-05-11 14:36:46.639901,7677,72,7749
2022-05-11 14:36:47.645629,4490,40,4530
2022-05-11 14:36:48.651803,4761,25,4786
2022-05-11 14:36:49.655986,4975,77,5052
2022-05-11 14:36:50.661411,2417,125,2542
2022-05-11 14:36:51.668527,6677,61,6738
2022-05-11 14:36:52.679452,4940,88,5028
2022-05-11 14:36:53.681204,7419,79,7498
2022-05-11 14:36:54.685914,150,116,266
2022-05-11 14:36:55.690207,6418,86,6504
2022-05-11 14:36:56.694929,7266,47,7313
2022-05-11 14:36:57.699805,2093,87,2180
2022-05-11 14:36:58.704493,1762,22,1784
2022-05-11 14:36:59.707947,3080,78,3158
2022-05-11 14:37:01.711703,1298,94,1392
2022-05-11 14:37:02.711806,3832,111,3943
2022-05-11 14:37:03.720037,130,109,239
2022-05-11 14:37:04.727680,1673,75,1748
2022-05-11 14:37:05.731535,4537,92,4629
2022-05-11 14:37:06.740371,7647,113,7760
2022-05-11 14:37:07.736735,8486,95,8581
2022-05-11 14:37:08.746875,3045,65,3110
2022-05-11 14:37:09.751838,1425,33,1458
2022-05-11 14:37:10.759044,5705,88,5793
2022-05-11 14:37:11.761441,3947,53,4000
2022-05-11 14:37:12.764633,6036,92,6128
2022-05-11 14:37:13.769605,2509,46,2555
2022-05-11 14:37:14.777705,7419,147,7566
2022-05-11 14:37:15.782155,3775,143,3918
2022-05-11 14:37:16.791593,4314,8,4322
2022-05-11 14:37:17.782657,8039,61,8100
2022-05-11 14:37:18.794123,7374,104,7478
2022-05-11 14:37:19.795392,4187,111,4298
2022-05-11 14:37:20.803510,5284,86,5370
2022-05-11 14:37:21.814070,8708,55,8763
2022-05-11 14:37:22.821449,7199,125,7324
2022-05-11 14:37:23.829256,8951,127,9078
2022-05-11 14:37:24.838007,7913,109,8022
2022-05-11 14:37:25.841035,6537,61,6598
2022-05-11 14:37:26.847927,8428,49,8477
2022-05-11 14:37:27.851469,3594,8,3602
2022-05-11 14:37:28.860780,4050,59,4109
2022-05-11 14:37:29.866289,5764,3,5767
2022-05-11 14:37:31.875916,4240,124,4364
2022-05-11 14:37:32.873678,1121,85,1206
2022-05-11 14:37:33.881252,2969,25,2994
2022-05-11 14:37:34.888232,513,148,661
2022-05-11 14:37:35.891054,8812,107,8919
2022-05-11 14:37:36.894806,6937,33,6970
2022-05-11 14:37:37.898396,2087,80,2167
2022-05-11 14:37:38.907832,673,55,728
2022-05-11 14:37:39.910177,2409,96,2505
2022-05-11 14:37:40.908075,5865,43,5908
2022-05-11 14:37:41.913905,6421,97,6518
2022-05-11 14:37:42.918240,2773,53,2826
2022-05-11 14:37:43.926262,8449,131,8580
2022-05-11 14:37:44.926943,3155,11,3166
2022-05-11 14:37:45.932672,7792,81,7873
2022-05-11 14:37:46.940107,827,16,843
2022-05-11 14:37:47.943518,6669,89,6758
2022-05-11 14:37:48.952948,6204,109,6313
2022-05-11 14:37:49.955106,4595,138,4733
2022-05-11 14:37:50.961571,5925,34,5959
2022-05-11 14:37:51.964520,8112,128,8240
2022-05-11 14:37:52.968734,6692,120,6812
2022-05-11 14:37:53.970075,1727,16,1743
2022-05-11 14:37:54.976116,3846,85,3931
2022-05-11 14:37:55.979120,7992,104,8096
2022-05-11 14:37:56.982793,1453,98,1551
2022-05-11 14:37:57.988538,6939,111,7050
2022-05-11 14:37:58.996943,6615,66,6681
2022-05-11 14:38:00.001062,4474,137,4611
2022-05-11 14:38:01.003913,2151,36,2187
2022-05-11 14:38:02.009861,6294,105,6399
2022-05-11 14:38:03.016214,1685,99,1784
2022-05-11 14:38:04.024286,2168,50,2218
2022-05-11 14:38:05.027453,7547,8,7555
2022-05-11 14:38:06.030783,3133,3,3136
2022-05-11 14:38:07.033411,6929,105,7034
2022-05-11 14:38:08.039963,1093,32,1125
2022-05-11 14:38:09.044573,2439,82,2521
2022-05-11 14:38:10.051435,1187,133,1320
2022-05-11 14:38:11.055241,2298,16,2314
2022-05-11 14:38:12.059310,3876,82,3958
2022-05-11 14:38:13.064877,4745,142,4887
2022-05-11 14:38:14.067569,3653,86,3739
2022-05-11 14:38:15.075346,7281,58,7339
2022-05-11 14:38:16.089742,2023,112,2135
2022-05-11 14:38:17.094333,2812,71,2883
2022-05-11 14:38:18.091615,2495,44,2539
2022-05-11 14:38:19.089558,5134,150,5284
2022-05-11 14:38:20.099650,1732,75,1807
2022-05-11 14:38:21.106999,1047,59,1106
2022-05-11 14:38:22.113229,8851,100,8951
2022-05-11 14:38:23.116604,1857,146,2003
2022-05-11 14:38:24.118561,7285,62,7347
2022-05-11 14:38:25.121517,5744,113,5857
2022-05-11 14:38:26.129080,5130,92,5222
2022-05-11 14:38:27.130281,6361,71,6432
2022-05-11 14:38:28.137430,201,22,223
2022-05-11 14:38:29.141830,2206,10,2216
2022-05-11 14:38:30.145899,6041,42,6083
2022-05-11 14:38:31.150947,1398,104,1502
2022-05-11 14:38:32.159194,1974,136,2110
2022-05-11 14:38:33.161494,98,70,168
2022-05-11 14:38:34.160163,6956,33,6989
2022-05-11 14:38:35.166739,6021,77,6098
2022-05-11 14:38:36.174244,2096,107,2203
2022-05-11 14:38:37.182328,3129,23,3152
2022-05-11 14:38:38.200463,4931,88,5019
2022-05-11 14:38:39.192559,6014,51,6065
2022-05-11 14:38:40.196634,2181,19,2200
2022-05-11 14:38:41.200975,8214,8,8222
2022-05-11 14:38:42.207526,7453,12,7465
2022-05-11 14:38:43.210430,6831,32,6863
2022-05-11 14:38:44.221304,2735,87,2822
2022-05-11 14:38:45.227346,4024,79,4103
2022-05-11 14:38:46.232193,851,50,901
2022-05-11 14:38:47.235403,4692,67,4759
2022-05-11 14:38:48.246288,7452,121,7573
2022-05-11 14:38:49.249725,3950,51,4001
2022-05-11 14:38:50.254815,3013,17,3030
2022-05-11 14:38:51.261415,3982,36,4018
2022-05-11 14:38:52.274415,4280,62,4342
2022-05-11 14:38:53.269464,5273,148,5421
2022-05-11 14:38:54.280376,1447,140,1587
2022-05-11 14:38:55.283412,391,102,493
2022-05-11 14:38:56.286541,532,51,583
2022-05-11 14:38:57.294806,1525,106,1631
2022-05-11 14:38:58.299030,8178,67,8245
2022-05-11 14:38:59.302166,205,138,343
2022-05-11 14:39:00.311581,91,78,169
2022-05-11 14:39:01.317645,6968,28,6996
2022-05-11 14:39:02.326726,894,73,967
2022-05-11 14:39:03.331339,38,111,149
2022-05-11 14:39:04.332990,6368,41,6409
2022-05-11 14:39:05.345116,4484,122,4606
2022-05-11 14:39:06.344771,313,116,429
2022-05-11 14:39:07.352304,1151,144,1295
2022-05-11 14:39:08.354552,2257,57,2314
2022-05-11 14:39:09.360212,8330,125,8455
2022-05-11 14:39:10.362542,6057,27,6084
2022-05-11 14:39:11.376846,2390,16,2406
2022-05-11 14:39:12.377752,5829,127,5956
2022-05-11 14:39:13.384641,5824,35,5859
2022-05-11 14:39:14.394032,3213,23,3236
2022-05-11 14:39:15.399548,3918,121,4039
2022-05-11 14:39:16.406755,6315,1,6316
2022-05-11 14:39:17.406857,6456,46,6502
2022-05-11 14:39:18.410113,2860,146,3006
2022-05-11 14:39:19.412986,4354,48,4402
2022-05-11 14:39:20.413682,6370,101,6471
2022-05-11 14:39:21.424203,6319,18,6337
2022-05-11 14:39:22.431419,3621,122,3743
2022-05-11 14:39:23.437217,2610,29,2639
2022-05-11 14:39:24.440487,263,32,295
2022-05-11 14:39:25.442276,8236,8,8244
2022-05-11 14:39:26.449403,645,91,736
2022-05-11 14:39:27.455426,6460,134,6594
2022-05-11 14:39:28.463087,6253,120,6373
2022-05-11 14:39:29.470386,5913,107,6020
2022-05-11 14:39:30.479318,6216,26,6242
2022-05-11 14:39:31.481393,4772,109,4881
2022-05-11 14:39:32.482335,469,123,592
2022-05-11 14:39:33.491452,4652,101,4753
2022-05-11 14:39:34.497995,3287,117,3404
2022-05-11 14:39:35.499018,4318,81,4399
2022-05-11 14:39:36.507472,1126,9,1135
2022-05-11 14:39:37.513945,678,80,758
2022-05-11 14:39:38.521651,8167,40,8207
2022-05-11 14:39:39.532286,4836,60,4896
2022-05-11 14:39:40.533000,83,53,136
2022-05-11 14:39:41.547659,1278,20,1298
2022-05-11 14:39:42.552983,8339,104,8443
2022-05-11 14:39:43.558160,8183,26,8209
2022-05-11 14:39:44.569313,2882,44,2926
2022-05-11 14:39:45.575190,2740,86,2826
2022-05-11 14:39:46.581600,5254,87,5341
2022-05-11 14:39:47.589926,8502,106,8608
2022-05-11 14:39:48.596122,2665,19,2684
2022-05-11 14:39:49.602333,3969,93,4062
2022-05-11 14:39:50.616280,4231,149,4380
2022-05-11 14:39:51.618312,6940,95,7035
2022-05-11 14:39:52.622063,4787,112,4899
2022-05-11 14:39:53.623942,2433,122,2555
2022-05-11 14:39:54.637568,346,78,424
2022-05-11 14:39:55.645261,7171,98,7269
2022-05-11 14:39:56.654464,6746,45,6791
2022-05-11 14:39:57.663916,2125,149,2274
2022-05-11 14:39:58.672889,155,88,243
2022-05-11 14:39:59.684002,7718,144,7862
2022-05-11 14:40:00.685350,5439,146,5585
2022-05-11 14:40:01.693897,3437,108,3545
2022-05-11 14:40:02.693382,6516,14,6530
2022-05-11 14:40:03.705304,1619,46,1665
2022-05-11 14:40:04.708323,7941,63,8004
2022-05-11 14:40:05.715789,1559,38,1597
2022-05-11 14:40:06.721813,508,127,635
2022-05-11 14:40:07.729539,2089,80,2169
2022-05-11 14:40:08.741274,6406,27,6433
2022-05-11 14:40:09.751089,6185,79,6264
2022-05-11 14:40:10.756897,7789,74,7863
2022-05-11 14:40:11.763322,4404,75,4479
2022-05-11 14:40:12.766888,211,127,338
2022-05-11 14:40:13.775823,4404,54,4458
2022-05-11 14:40:14.781993,1229,10,1239
2022-05-11 14:40:15.793869,472,30,502
2022-05-11 14:40:16.799975,1754,147,1901
2022-05-11 14:40:17.808482,4192,128,4320
2022-05-11 14:40:18.813382,5200,5,5205
2022-05-11 14:40:19.819444,6201,14,6215
2022-05-11 14:40:20.825774,2627,67,2694
2022-05-11 14:40:21.831858,1609,85,1694
2022-05-11 14:40:22.838993,1896,108,2004
2022-05-11 14:40:23.839220,553,139,692
2022-05-11 14:40:24.846917,7393,97,7490
2022-05-11 14:40:25.852554,2426,49,2475
2022-05-11 14:40:26.860963,4460,10,4470
2022-05-11 14:40:27.869942,2951,37,2988
2022-05-11 14:40:28.874978,4123,81,4204
2022-05-11 14:40:29.882885,5550,57,5607
2022-05-11 14:40:30.890860,1683,90,1773
2022-05-11 14:40:31.899384,8494,137,8631
2022-05-11 14:40:32.906337,5820,14,5834
2022-05-11 14:40:33.913655,4357,48,4405
2022-05-11 14:40:34.920300,6870,87,6957
2022-05-11 14:40:35.932690,2500,34,2534
2022-05-11 14:40:36.930015,6446,13,6459
2022-05-11 14:40:37.943210,2019,53,2072
2022-05-11 14:40:38.947717,730,119,849
2022-05-11 14:40:39.951637,6735,104,6839
2022-05-11 14:40:40.960901,4237,117,4354
2022-05-11 14:40:42.968443,7550,47,7597
2022-05-11 14:40:43.976943,6935,43,6978
2022-05-11 14:40:44.982865,2998,57,3055
2022-05-11 14:40:45.989863,7429,119,7548
2022-05-11 14:40:46.992102,5528,127,5655
2022-05-11 14:40:48.000849,2399,83,2482
2022-05-11 14:40:49.006697,1753,65,1818
2022-05-11 14:40:50.014309,3240,132,3372
2022-05-11 14:40:51.026670,810,137,947
2022-05-11 14:40:52.015298,6454,128,6582
2022-05-11 14:40:53.033647,844,117,961
2022-05-11 14:40:54.036767,3532,149,3681
2022-05-11 14:40:55.042505,1058,119,1177
2022-05-11 14:40:56.048942,7019,1,7020
2022-05-11 14:40:57.043364,1214,36,1250
2022-05-11 14:40:58.063592,6212,51,6263
2022-05-11 14:40:59.069898,3492,63,3555
2022-05-11 14:41:00.071644,7282,137,7419
2022-05-11 14:41:01.080287,7754,85,7839
2022-05-11 14:41:02.086223,4320,147,4467
2022-05-11 14:41:03.093310,7843,94,7937
2022-05-11 14:41:04.099800,900,87,987
2022-05-11 14:41:05.104839,5947,148,6095
2022-05-11 14:41:06.109793,6814,78,6892
2022-05-11 14:41:07.103172,3089,11,3100
2022-05-11 14:41:08.122572,5224,56,5280
2022-05-11 14:41:09.129990,4660,70,4730
2022-05-11 14:41:10.130607,8928,133,9061
2022-05-11 14:41:11.137451,6442,118,6560
2022-05-11 14:41:12.144540,6312,7,6319
2022-05-11 14:41:13.152509,2150,122,2272
2022-05-11 14:41:14.155358,6364,67,6431
2022-05-11 14:41:15.164537,5517,30,5547
2022-05-11 14:41:16.163912,1757,76,1833
2022-05-11 14:41:17.172366,6737,100,6837
2022-05-11 14:41:18.173932,1151,121,1272
2022-05-11 14:41:19.181243,8830,132,8962
2022-05-11 14:41:20.196685,3832,93,3925
2022-05-11 14:41:21.203866,4072,76,4148
2022-05-11 14:41:22.207851,4669,139,4808
2022-05-11 14:41:23.218041,5613,55,5668
2022-05-11 14:41:24.218818,8021,91,8112
2022-05-11 14:41:25.227648,3737,16,3753
2022-05-11 14:41:26.235989,8510,28,8538
2022-05-11 14:41:27.241956,7103,141,7244
2022-05-11 14:41:28.249806,2604,61,2665
2022-05-11 14:41:29.256045,6481,38,6519
2022-05-11 14:41:30.255830,2461,150,2611
2022-05-11 14:41:31.263229,5004,62,5066
2022-05-11 14:41:32.265345,5239,81,5320
2022-05-11 14:41:33.270685,8008,67,8075
2022-05-11 14:41:34.283702,63,105,168
2022-05-11 14:41:35.286729,7016,46,7062
2022-05-11 14:41:36.294560,8392,53,8445
2022-05-11 14:41:37.299635,172,96,268
2022-05-11 14:41:38.304366,8,68,76
2022-05-11 14:41:39.311588,8089,132,8221
2022-05-11 14:41:40.318079,5220,36,5256
2022-05-11 14:41:41.330369,5222,43,5265
2022-05-11 14:41:42.335445,8235,4,8239
2022-05-11 14:41:43.340990,1019,61,1080
2022-05-11 14:41:44.347344,175,31,206
2022-05-11 14:41:45.354535,7115,46,7161
2022-05-11 14:41:46.356756,8292,59,8351
2022-05-11 14:41:47.364581,7590,26,7616
2022-05-11 14:41:48.370433,7567,10,7577
2022-05-11 14:41:49.383922,8596,94,8690
2022-05-11 14:41:50.387978,5376,73,5449
2022-05-11 14:41:51.391932,8752,19,8771
2022-05-11 14:41:52.401905,2515,104,2619
2022-05-11 14:41:53.405557,2102,82,2184
2022-05-11 14:41:54.421397,1210,77,1287
2022-05-11 14:41:55.425904,2035,80,2115
2022-05-11 14:41:56.434611,7980,146,8126
2022-05-11 14:41:57.441567,7241,123,7364
2022-05-11 14:41:58.449495,2108,9,2117
2022-05-11 14:41:59.453290,2570,123,2693
2022-05-11 14:42:00.462722,6958,5,6963
2022-05-11 14:42:01.470520,3158,46,3204
2022-05-11 14:42:02.477202,2329,150,2479
2022-05-11 14:42:03.484330,78,60,138
2022-05-11 14:42:04.491192,7617,114,7731
2022-05-11 14:42:05.497920,3142,63,3205
2022-05-11 14:42:06.498013,2612,139,2751
2022-05-11 14:42:07.505357,5640,25,5665
2022-05-11 14:42:08.498890,8870,127,8997
2022-05-11 14:42:09.513946,8768,149,8917
2022-05-11 14:42:10.518705,4167,40,4207
2022-05-11 14:42:11.531238,4504,137,4641
2022-05-11 14:42:12.539061,56,93,149
2022-05-11 14:42:13.541376,4367,142,4509
2022-05-11 14:42:14.547070,3298,68,3366
2022-05-11 14:42:15.552975,1099,24,1123
2022-05-11 14:42:16.562211,7788,44,7832
2022-05-11 14:42:17.562703,3859,72,3931
2022-05-11 14:42:18.567466,2562,135,2697
2022-05-11 14:42:19.578235,3779,105,3884
2022-05-11 14:42:20.583612,7594,82,7676
2022-05-11 14:42:21.585125,5977,67,6044
2022-05-11 14:42:22.618004,6786,60,6846
2022-05-11 14:42:23.606308,6381,48,6429
2022-05-11 14:42:24.621518,3736,31,3767
2022-05-11 14:42:25.626250,1589,40,1629
2022-05-11 14:42:26.635327,5021,141,5162
2022-05-11 14:42:27.644359,7368,83,7451
2022-05-11 14:42:28.661222,7548,24,7572
2022-05-11 14:42:29.667214,7535,149,7684
2022-05-11 14:42:30.681044,8294,132,8426
2022-05-11 14:42:31.679297,8322,97,8419
2022-05-11 14:42:32.692737,8928,48,8976
2022-05-11 14:42:33.690796,942,44,986
2022-05-11 14:42:34.694434,2606,97,2703
2022-05-11 14:42:35.697765,1927,14,1941
2022-05-11 14:42:36.716419,6074,102,6176
2022-05-11 14:42:37.712587,5121,134,5255
2022-05-11 14:42:38.724576,8728,131,8859
2022-05-11 14:42:39.731532,5510,95,5605
2022-05-11 14:42:40.739453,615,8,623
2022-05-11 14:42:41.747207,1579,146,1725
2022-05-11 14:42:42.749114,4690,114,4804
2022-05-11 14:42:43.759325,3969,45,4014
2022-05-11 14:42:44.762388,6374,23,6397
2022-05-11 14:42:45.772254,4951,71,5022
2022-05-11 14:42:46.773278,6819,85,6904
2022-05-11 14:42:47.779453,3309,43,3352
2022-05-11 14:42:48.780342,5050,79,5129
2022-05-11 14:42:49.787720,5780,50,5830
2022-05-11 14:42:50.796575,2517,134,2651
2022-05-11 14:42:51.801557,3097,124,3221
2022-05-11 14:42:52.808401,7426,66,7492
2022-05-11 14:42:53.806004,1794,48,1842
2022-05-11 14:42:54.824014,1337,142,1479
2022-05-11 14:42:55.827465,4521,82,4603
2022-05-11 14:42:56.841709,3818,37,3855
2022-05-11 14:42:57.851151,5079,110,5189
2022-05-11 14:42:58.851566,1483,129,1612
2022-05-11 14:42:59.859677,678,64,742
2022-05-11 14:43:00.869046,5513,92,5605
2022-05-11 14:43:01.876017,8909,76,8985
2022-05-11 14:43:02.883285,4529,104,4633
2022-05-11 14:43:03.893336,3297,67,3364
2022-05-11 14:43:04.895597,1526,142,1668
2022-05-11 14:43:05.906674,5285,23,5308
2022-05-11 14:43:06.910074,3531,64,3595
2022-05-11 14:43:07.918850,3510,68,3578
2022-05-11 14:43:08.921436,2161,27,2188
2022-05-11 14:43:09.933683,7321,42,7363
2022-05-11 14:43:10.945772,2324,27,2351
2022-05-11 14:43:11.950029,1239,74,1313
2022-05-11 14:43:12.958824,3804,111,3915
2022-05-11 14:43:13.965658,2749,18,2767
2022-05-11 14:43:14.975830,5852,98,5950
2022-05-11 14:43:15.984433,4947,24,4971
2022-05-11 14:43:16.993383,2410,61,2471
2022-05-11 14:43:17.999477,8789,135,8924
2022-05-11 14:43:19.007359,8389,132,8521
2022-05-11 14:43:20.013019,117,141,258
2022-05-11 14:43:21.012385,1519,2,1521
2022-05-11 14:43:22.062877,7589,21,7610
2022-05-11 14:43:23.042744,2584,10,2594
2022-05-11 14:43:24.045884,4449,102,4551
2022-05-11 14:43:25.044461,8275,38,8313
2022-05-11 14:43:26.055311,5904,68,5972
2022-05-11 14:43:27.060814,8475,11,8486
2022-05-11 14:43:28.068827,55,118,173
2022-05-11 14:43:29.079093,6876,16,6892
2022-05-11 14:43:30.090351,5527,23,5550
2022-05-11 14:43:31.096919,1969,115,2084
2022-05-11 14:43:32.102455,2370,95,2465
2022-05-11 14:43:33.112867,4822,77,4899
2022-05-11 14:43:34.122094,6194,111,6305
2022-05-11 14:43:35.124147,5801,45,5846
2022-05-11 14:43:36.139563,8568,23,8591
2022-05-11 14:43:37.138898,6494,125,6619
2022-05-11 14:43:38.144264,3882,133,4015
2022-05-11 14:43:39.158542,4763,24,4787
2022-05-11 14:43:40.150230,8489,87,8576
2022-05-11 14:43:41.168126,4917,12,4929
2022-05-11 14:43:42.168335,5042,119,5161
2022-05-11 14:43:43.185554,331,134,465
2022-05-11 14:43:44.183540,5374,42,5416
2022-05-11 14:43:45.198004,2004,23,2027
2022-05-11 14:43:46.203814,3012,101,3113
2022-05-11 14:43:47.205109,6059,125,6184
2022-05-11 14:43:48.209775,1634,22,1656
2022-05-11 14:43:49.207779,2387,109,2496
2022-05-11 14:43:50.214311,3276,96,3372
2022-05-11 14:43:51.224314,3898,59,3957
2022-05-11 14:43:52.229605,4695,23,4718
2022-05-11 14:43:53.237357,770,54,824
2022-05-11 14:43:54.239991,8094,71,8165
2022-05-11 14:43:55.250981,2196,118,2314
2022-05-11 14:43:56.254653,2571,21,2592
2022-05-11 14:43:57.255596,4669,9,4678
2022-05-11 14:43:58.258539,6312,62,6374
2022-05-11 14:43:59.267637,1061,2,1063
2022-05-11 14:44:00.273750,8456,97,8553
2022-05-11 14:44:01.286035,1475,83,1558
2022-05-11 14:44:02.297899,1194,113,1307
2022-05-11 14:44:03.308077,1742,78,1820
2022-05-11 14:44:04.307941,6885,96,6981
2022-05-11 14:44:05.313605,4431,2,4433
2022-05-11 14:44:06.319526,5116,100,5216
2022-05-11 14:44:07.322437,2030,91,2121
2022-05-11 14:44:08.329169,3436,80,3516
2022-05-11 14:44:09.333874,6729,64,6793
2022-05-11 14:44:10.340555,8215,23,8238
2022-05-11 14:44:11.344067,6979,55,7034
2022-05-11 14:44:12.352796,7500,143,7643
2022-05-11 14:44:13.376155,7670,145,7815
2022-05-11 14:44:14.378591,5807,123,5930
2022-05-11 14:44:15.385073,2626,140,2766
2022-05-11 14:44:16.391497,6722,11,6733
2022-05-11 14:44:17.400906,6520,106,6626
2022-05-11 14:44:18.407272,8708,47,8755
2022-05-11 14:44:19.412688,4173,65,4238
2022-05-11 14:44:20.421140,1958,63,2021
2022-05-11 14:44:21.427410,4385,100,4485
2022-05-11 14:44:22.435878,1646,58,1704
2022-05-11 14:44:23.444568,7632,67,7699
2022-05-11 14:44:24.453293,924,101,1025
2022-05-11 14:44:25.451699,4078,107,4185
2022-05-11 14:44:26.457531,8842,11,8853
2022-05-11 14:44:27.459350,2287,106,2393
2022-05-11 14:44:28.475343,6937,69,7006
2022-05-11 14:44:29.480256,740,31,771
2022-05-11 14:44:30.488696,3138,49,3187
2022-05-11 14:44:31.497400,6566,64,6630
2022-05-11 14:44:32.502403,845,76,921
2022-05-11 14:44:33.513150,5575,36,5611
2022-05-11 14:44:34.521403,964,73,1037
2022-05-11 14:44:35.528362,4646,138,4784
2022-05-11 14:44:36.533297,3707,97,3804
2022-05-11 14:44:37.547082,7818,45,7863
2022-05-11 14:44:38.554727,8588,146,8734
2022-05-11 14:44:39.564643,2824,8,2832
2022-05-11 14:44:40.581641,3885,12,3897
2022-05-11 14:44:41.563445,1510,146,1656
2022-05-11 14:44:42.577672,7432,112,7544
2022-05-11 14:44:43.583843,2965,91,3056
2022-05-11 14:44:44.592485,7439,86,7525
2022-05-11 14:44:45.598415,6091,39,6130
2022-05-11 14:44:46.598774,5786,54,5840
2022-05-11 14:44:47.608191,6171,115,6286
2022-05-11 14:44:48.614809,4237,110,4347
2022-05-11 14:44:49.613126,8694,31,8725
2022-05-11 14:44:50.620809,2071,90,2161
2022-05-11 14:44:51.622521,5278,57,5335
2022-05-11 14:44:52.645759,962,27,989
2022-05-11 14:44:53.649818,6333,82,6415
2022-05-11 14:44:54.662557,7319,112,7431
2022-05-11 14:44:55.668858,3196,69,3265
2022-05-11 14:44:56.661957,1456,4,1460
2022-05-11 14:44:57.675686,2163,144,2307
2022-05-11 14:44:58.683261,969,48,1017
2022-05-11 14:44:59.693060,5625,67,5692
2022-05-11 14:45:00.703882,555,130,685
2022-05-11 14:45:01.709904,1011,77,1088
2022-05-11 14:45:02.717540,6498,105,6603
2022-05-11 14:45:03.724699,4393,61,4454
2022-05-11 14:45:04.732289,3875,116,3991
2022-05-11 14:45:05.742486,1345,42,1387
2022-05-11 14:45:06.749777,2895,110,3005
2022-05-11 14:45:07.757928,4156,9,4165
2022-05-11 14:45:08.770606,4141,147,4288
2022-05-11 14:45:09.776017,391,112,503
2022-05-11 14:45:10.786210,2105,96,2201
2022-05-11 14:45:11.796554,1137,125,1262
2022-05-11 14:45:12.804654,3373,62,3435
2022-05-11 14:45:13.802227,1527,87,1614
2022-05-11 14:45:14.813079,1288,21,1309
2022-05-11 14:45:15.820299,547,40,587
2022-05-11 14:45:16.825230,6228,138,6366
2022-05-11 14:45:17.828738,6443,67,6510
2022-05-11 14:45:18.836751,2816,136,2952
2022-05-11 14:45:19.847633,3313,123,3436
2022-05-11 14:45:20.855664,7522,84,7606
2022-05-11 14:45:21.861908,1359,69,1428
2022-05-11 14:45:22.869133,5325,35,5360
2022-05-11 14:45:23.876625,2567,20,2587
2022-05-11 14:45:24.884852,7566,54,7620
2022-05-11 14:45:25.895013,7663,95,7758
2022-05-11 14:45:26.905053,6780,31,6811
2022-05-11 14:45:27.914848,5912,146,6058
2022-05-11 14:45:28.919818,4103,57,4160
2022-05-11 14:45:29.921730,6970,55,7025
2022-05-11 14:45:30.933246,7968,83,8051
2022-05-11 14:45:31.941312,1284,32,1316
2022-05-11 14:45:32.948355,8626,66,8692
2022-05-11 14:45:33.954585,436,62,498
2022-05-11 14:45:34.961465,3313,53,3366
2022-05-11 14:45:35.972421,1261,10,1271
2022-05-11 14:45:36.979541,700,75,775
2022-05-11 14:45:37.986869,7187,33,7220
2022-05-11 14:45:38.993530,980,27,1007
2022-05-11 14:45:40.001064,5332,33,5365
2022-05-11 14:45:41.007242,1959,52,2011
2022-05-11 14:45:42.017624,1219,105,1324
2022-05-11 14:45:43.025504,2949,22,2971
2022-05-11 14:45:44.036590,2920,133,3053
2022-05-11 14:45:45.043417,1967,101,2068
2022-05-11 14:45:46.050297,8028,121,8149
2022-05-11 14:45:47.056944,4398,36,4434
2022-05-11 14:45:48.068273,8241,145,8386
2022-05-11 14:45:49.076994,5478,5,5483
2022-05-11 14:45:50.078682,4087,57,4144
2022-05-11 14:45:51.089253,1882,24,1906
2022-05-11 14:45:52.098872,1382,82,1464
2022-05-11 14:45:53.105241,2987,130,3117
2022-05-11 14:45:54.113540,3296,149,3445
2022-05-11 14:45:55.126737,1665,41,1706
2022-05-11 14:45:56.137986,1556,16,1572
2022-05-11 14:45:57.144346,2522,35,2557
2022-05-11 14:45:58.154097,1237,106,1343
2022-05-11 14:45:59.167135,7657,82,7739
2022-05-11 14:46:00.179308,4555,54,4609
2022-05-11 14:46:01.181041,1338,91,1429
2022-05-11 14:46:02.189840,7841,129,7970
2022-05-11 14:46:03.197147,8796,93,8889
2022-05-11 14:46:04.203664,4098,68,4166
2022-05-11 14:46:05.204019,3064,22,3086
2022-05-11 14:46:06.216978,4715,86,4801
2022-05-11 14:46:07.224328,8281,41,8322
2022-05-11 14:46:08.232515,7118,18,7136
2022-05-11 14:46:09.239122,2546,6,2552
2022-05-11 14:46:10.249890,3247,65,3312
2022-05-11 14:46:11.255497,220,149,369
2022-05-11 14:46:12.262238,8038,106,8144
2022-05-11 14:46:13.256603,5058,43,5101
2022-05-11 14:46:14.273308,3930,46,3976
2022-05-11 14:46:15.281354,5155,70,5225
2022-05-11 14:46:16.288129,4883,31,4914
2022-05-11 14:46:17.299849,2814,67,2881
2022-05-11 14:46:18.299414,1282,136,1418
2022-05-11 14:46:19.310670,8180,43,8223
2022-05-11 14:46:20.320553,4672,113,4785
2022-05-11 14:46:21.324939,8510,85,8595
2022-05-11 14:46:22.332908,3011,4,3015
2022-05-11 14:46:23.338015,3928,10,3938
2022-05-11 14:46:24.348552,5842,113,5955
2022-05-11 14:46:25.356922,976,114,1090
2022-05-11 14:46:26.372844,7971,91,8062
2022-05-11 14:46:27.383421,4273,51,4324
2022-05-11 14:46:28.374564,8820,144,8964
2022-05-11 14:46:29.397618,2633,104,2737
2022-05-11 14:46:30.431871,5635,142,5777
2022-05-11 14:46:31.421348,3817,93,3910
2022-05-11 14:46:32.421450,2902,90,2992
2022-05-11 14:46:33.438722,5105,80,5185
2022-05-11 14:46:34.440088,5665,114,5779
2022-05-11 14:46:35.447936,8091,67,8158
2022-05-11 14:46:36.457423,1543,131,1674
2022-05-11 14:46:38.466599,3662,22,3684
2022-05-11 14:46:39.475323,92,63,155
2022-05-11 14:46:40.486011,7183,149,7332
2022-05-11 14:46:41.499680,5596,24,5620
2022-05-11 14:46:42.498302,7427,78,7505
2022-05-11 14:46:43.501490,752,67,819
2022-05-11 14:46:44.509894,5501,97,5598
2022-05-11 14:46:45.524607,6519,15,6534
2022-05-11 14:46:46.530618,3535,134,3669
2022-05-11 15:05:09.578515,2669,4,2673
2022-05-11 15:05:10.589801,501,8,509
2022-05-11 15:05:11.585485,310,59,369
2022-05-11 15:05:12.601289,6828,15,6843
2022-05-11 15:05:13.606430,2325,64,2389
2022-05-11 15:05:14.614409,2278,127,2405
2022-05-11 15:05:15.619788,4261,110,4371
2022-05-11 15:05:16.641399,5534,132,5666
2022-05-11 15:05:18.656216,6740,90,6830
2022-05-11 15:05:19.658484,1055,106,1161
2022-05-11 15:05:20.666473,617,92,709
2022-05-11 15:05:21.673879,2677,90,2767
2022-05-11 15:05:22.680262,7918,35,7953
2022-05-11 15:05:23.685846,7694,142,7836
2022-05-11 15:05:24.694604,1469,48,1517
2022-05-11 15:05:25.700989,356,45,401
2022-05-11 15:05:26.710220,7774,78,7852
2022-05-11 15:05:27.725256,5252,93,5345
2022-05-11 15:05:28.729479,2510,84,2594
2022-05-11 15:05:29.743300,5327,125,5452
2022-05-11 15:05:30.754283,6471,130,6601
2022-05-11 15:05:31.762930,4931,100,5031
2022-05-11 15:05:32.771351,6533,62,6595
2022-05-11 15:05:33.779601,333,56,389
2022-05-11 15:05:34.786341,1301,96,1397
2022-05-11 15:05:35.797147,6011,32,6043
2022-05-11 15:05:36.810980,836,114,950
2022-05-11 15:05:37.816537,6008,144,6152
2022-05-11 15:05:38.822164,3549,2,3551
2022-05-11 15:05:39.833502,3405,40,3445
2022-05-11 15:05:40.842817,6487,118,6605
2022-05-11 15:05:41.852093,467,83,550
2022-05-11 15:05:42.858805,3255,117,3372
2022-05-11 15:05:43.871133,2803,56,2859
2022-05-11 15:05:44.869330,6600,120,6720
2022-05-11 15:05:45.884487,3496,101,3597
2022-05-11 15:05:46.896731,8816,62,8878
2022-05-11 15:05:47.901941,898,32,930
2022-05-11 15:05:48.916253,6927,32,6959
2022-05-11 15:05:49.923452,3645,132,3777
2022-05-11 15:05:50.929985,2650,25,2675
2022-05-11 15:05:51.935464,4295,66,4361
2022-05-11 15:05:52.948842,664,125,789
2022-05-11 15:05:53.951924,7063,22,7085
2022-05-11 15:05:54.959597,359,56,415
2022-05-11 15:05:55.962598,4436,45,4481
2022-05-11 15:05:56.969894,3518,123,3641
2022-05-11 15:05:57.981503,6709,14,6723
2022-05-11 15:05:58.990753,6902,9,6911
2022-05-11 15:05:59.994605,2248,122,2370
2022-05-11 15:06:01.006892,6525,80,6605
2022-05-11 15:06:02.021409,1344,107,1451
2022-05-11 15:06:03.031337,3203,55,3258
2022-05-11 15:06:04.038906,3635,52,3687
2022-05-11 15:06:05.055498,5902,68,5970
2022-05-11 15:06:06.065146,6468,57,6525
2022-05-11 15:06:07.060449,5846,59,5905
2022-05-11 15:06:08.078399,3484,13,3497
2022-05-11 15:06:09.087991,6264,144,6408
2022-05-11 15:06:10.093333,2612,132,2744
2022-05-11 15:06:11.090859,2584,139,2723
2022-05-11 15:06:12.105355,6706,72,6778
2022-05-11 15:06:13.108645,770,8,778
2022-05-11 15:06:14.115291,4345,16,4361
2022-05-11 15:06:15.127218,691,92,783
2022-05-11 15:06:16.135736,1378,113,1491
2022-05-11 15:06:17.145189,4274,62,4336
2022-05-11 15:06:18.154315,5337,135,5472
2022-05-11 15:06:19.163064,1988,80,2068
2022-05-11 15:06:20.173876,1808,22,1830
2022-05-11 15:06:21.184177,5791,132,5923
2022-05-11 15:06:22.182387,91,116,207
2022-05-11 15:06:23.196850,463,71,534
2022-05-11 15:06:24.205533,4922,52,4974
2022-05-11 15:06:25.211840,5129,93,5222
2022-05-11 15:06:26.220224,1064,129,1193
2022-05-11 15:06:27.230156,6697,140,6837
2022-05-11 15:06:28.238679,1920,144,2064
2022-05-11 15:06:29.247256,5411,90,5501
2022-05-11 15:06:30.256570,5825,72,5897
2022-05-11 15:06:31.260675,7762,20,7782
2022-05-11 15:06:32.267451,1824,137,1961
2022-05-11 15:06:33.274232,6780,13,6793
2022-05-11 15:06:34.282558,2597,82,2679
2022-05-11 15:06:35.290639,7027,74,7101
2022-05-11 15:06:36.289197,7938,138,8076
2022-05-11 15:06:37.291654,1060,93,1153
2022-05-11 15:06:38.303882,8384,23,8407
2022-05-11 15:06:39.306177,4929,103,5032
2022-05-11 15:06:40.316756,5907,92,5999
2022-05-11 15:06:41.317244,8299,9,8308
2022-05-11 15:06:42.326693,1366,32,1398
2022-05-11 15:06:43.334461,7352,24,7376
2022-05-11 15:06:44.341785,4201,9,4210
2022-05-11 15:06:45.354306,1656,146,1802
2022-05-11 15:06:46.355819,3651,40,3691
2022-05-11 15:06:47.365645,2085,47,2132
2022-05-11 15:06:48.377111,206,147,353
2022-05-11 15:06:49.383295,8793,24,8817
2022-05-11 15:06:50.393386,5380,76,5456
2022-05-11 15:06:51.409168,6961,2,6963
2022-05-11 15:06:52.421510,6065,101,6166
2022-05-11 15:06:53.437539,8200,129,8329
2022-05-11 15:06:54.444874,2553,2,2555
2022-05-11 15:06:55.452985,7571,85,7656
2022-05-11 15:06:56.460188,3681,21,3702
2022-05-11 15:06:57.467735,5553,5,5558
2022-05-11 15:06:58.478753,281,5,286
2022-05-11 15:06:59.486601,7533,106,7639
2022-05-11 15:07:00.502460,1380,147,1527
2022-05-11 15:07:01.517186,6802,77,6879
2022-05-11 15:07:02.519776,7214,5,7219
2022-05-11 15:07:03.538760,5118,132,5250
2022-05-11 15:07:04.543408,6011,109,6120
2022-05-11 15:07:05.552543,1019,93,1112
2022-05-11 15:07:06.559434,4507,76,4583
2022-05-11 15:07:07.574274,6579,98,6677
2022-05-11 15:07:08.584441,6950,78,7028
2022-05-11 15:07:09.592129,208,26,234
2022-05-11 15:07:10.584784,2689,123,2812
2022-05-11 15:07:11.600044,2217,108,2325
2022-05-11 15:07:12.611085,666,38,704
2022-05-11 15:07:13.625822,6125,33,6158
2022-05-11 15:07:14.627538,7735,37,7772
2022-05-11 15:07:15.635493,701,38,739
2022-05-11 15:07:16.643994,3347,67,3414
2022-05-11 15:07:17.657127,3423,43,3466
2022-05-11 15:07:18.658263,769,41,810
2022-05-11 15:07:19.660755,4218,136,4354
2022-05-11 15:07:20.663552,1291,48,1339
2022-05-11 15:07:21.679095,4533,107,4640
2022-05-11 15:07:22.679064,7373,80,7453
2022-05-11 15:07:23.698713,3037,42,3079
2022-05-11 15:07:24.706249,2056,144,2200
2022-05-11 15:07:26.711763,8996,70,9066
2022-05-11 15:07:27.717481,3342,142,3484
2022-05-11 15:07:28.725509,5904,128,6032
2022-05-11 15:07:29.739011,5711,39,5750
2022-05-11 15:07:30.746049,2795,63,2858
2022-05-11 15:07:31.753617,5172,28,5200
2022-05-11 15:07:32.757669,1773,137,1910
2022-05-11 15:07:33.765531,8189,92,8281
2022-05-11 15:07:34.776096,4081,107,4188
2022-05-11 15:07:35.777418,1600,91,1691
2022-05-11 15:07:36.787147,1854,138,1992
2022-05-11 15:07:37.795309,4832,87,4919
2022-05-11 15:07:38.794918,5491,38,5529
2022-05-11 15:07:39.806061,5556,2,5558
2022-05-11 15:07:40.812320,2263,10,2273
2022-05-11 15:07:41.820756,7111,145,7256
2022-05-11 15:07:42.829098,5674,51,5725
2022-05-11 15:07:43.832271,1928,58,1986
2022-05-11 15:07:44.839616,467,141,608
2022-05-11 15:07:45.846602,4749,129,4878
2022-05-11 15:07:46.857167,3513,60,3573
2022-05-11 15:07:47.862619,6948,121,7069
2022-05-11 15:07:48.873692,3561,33,3594
2022-05-11 15:07:49.878497,3552,39,3591
2022-05-11 15:07:50.884276,5188,117,5305
2022-05-11 15:07:51.890627,6910,149,7059
2022-05-11 15:07:52.898971,3812,25,3837
2022-05-11 15:07:53.889581,6098,35,6133
2022-05-11 15:07:54.903344,6058,147,6205
2022-05-11 15:07:55.907136,5470,27,5497
2022-05-11 15:07:56.918897,1151,29,1180
2022-05-11 15:07:57.920218,474,51,525
2022-05-11 15:07:58.921612,7981,44,8025
2022-05-11 15:07:59.925106,5581,150,5731
2022-05-11 15:08:00.930547,4954,60,5014
2022-05-11 15:08:01.937336,4164,138,4302
2022-05-11 15:08:02.946003,3397,88,3485
2022-05-11 15:08:03.951698,3454,23,3477
2022-05-11 15:08:04.961636,5349,41,5390
2022-05-11 15:08:05.982115,3059,137,3196
2022-05-11 15:08:06.979708,7866,80,7946
2022-05-11 15:08:07.992056,2088,129,2217
2022-05-11 15:08:08.987448,3480,80,3560
2022-05-11 15:08:09.990325,5909,95,6004
2022-05-11 15:08:11.004770,3271,64,3335
2022-05-11 15:08:12.010655,1405,135,1540
2022-05-11 15:08:13.015315,1924,119,2043
2022-05-11 15:08:14.025492,6047,14,6061
2022-05-11 15:08:15.032112,6504,18,6522
2022-05-11 15:08:16.043527,8142,149,8291
2022-05-11 15:08:17.046738,1720,43,1763
2022-05-11 15:08:18.055569,4819,46,4865
2022-05-11 15:08:19.059818,2753,114,2867
2022-05-11 15:08:20.065079,3281,133,3414
2022-05-11 15:08:21.078488,6254,36,6290
2022-05-11 15:08:22.083407,2697,79,2776
2022-05-11 15:08:23.091566,5974,65,6039
2022-05-11 15:08:24.097941,7691,70,7761
2022-05-11 15:08:25.104741,4309,52,4361
2022-05-11 15:08:26.115360,3161,67,3228
2022-05-11 15:08:27.125526,7695,123,7818
2022-05-11 15:08:28.129323,7778,55,7833
2022-05-11 15:08:29.136627,4466,8,4474
2022-05-11 15:08:30.147598,1438,136,1574
2022-05-11 15:08:31.143735,8852,108,8960
2022-05-11 15:08:32.166423,6281,24,6305
2022-05-11 15:08:33.169124,4963,30,4993
2022-05-11 15:08:34.168702,7261,63,7324
2022-05-11 15:08:35.178488,4522,122,4644
2022-05-11 15:08:36.189469,2747,74,2821
2022-05-11 15:08:37.199558,6794,137,6931
2022-05-11 15:08:38.209250,6682,39,6721
2022-05-11 15:08:39.211097,8103,2,8105
2022-05-11 15:08:40.216445,7309,119,7428
2022-05-11 15:08:41.222272,868,20,888
2022-05-11 15:08:42.227978,7399,30,7429
2022-05-11 15:08:43.235052,6896,109,7005
2022-05-11 15:08:44.238068,2747,122,2869
2022-05-11 15:08:45.252301,1998,127,2125
2022-05-11 15:08:46.255398,5994,1,5995
2022-05-11 15:08:47.269910,6988,89,7077
2022-05-11 15:08:48.275045,1249,133,1382
2022-05-11 15:08:49.279424,3162,59,3221
2022-05-11 15:08:50.285730,8319,73,8392
2022-05-11 15:08:51.292280,8186,114,8300
2022-05-11 15:08:52.293507,2380,30,2410
2022-05-11 15:08:53.305644,2796,101,2897
2022-05-11 15:08:54.306397,2370,123,2493
2022-05-11 15:08:55.306495,8291,120,8411
2022-05-11 15:08:56.315780,723,18,741
2022-05-11 15:08:57.316520,7531,98,7629
2022-05-11 15:08:58.331660,5935,92,6027
2022-05-11 15:08:59.342390,1174,126,1300
2022-05-11 15:09:00.352520,1698,1,1699
2022-05-11 15:09:01.361012,716,133,849
2022-05-11 15:09:02.368001,3261,16,3277
2022-05-11 15:09:03.367087,5992,81,6073
2022-05-11 15:09:04.385045,6996,76,7072
2022-05-11 15:09:05.384452,663,37,700
2022-05-11 15:09:06.393012,5518,45,5563
2022-05-11 15:09:07.401302,4829,129,4958
2022-05-11 15:09:08.408148,8633,70,8703
2022-05-11 15:09:09.416246,5881,112,5993
2022-05-11 15:09:10.409827,5388,8,5396
2022-05-11 15:09:11.423806,6283,143,6426
2022-05-11 15:09:12.432200,8627,16,8643
2022-05-11 15:09:13.437767,5291,95,5386
2022-05-11 15:09:14.434042,6002,16,6018
2022-05-11 15:09:15.447194,5804,51,5855
2022-05-11 15:09:16.455536,4692,82,4774
2022-05-11 15:09:17.460515,2836,121,2957
2022-05-11 15:09:18.469108,5205,121,5326
2022-05-11 15:09:19.474388,8739,144,8883
2022-05-11 15:09:20.484838,2476,53,2529
2022-05-11 15:09:21.492152,6096,122,6218
2022-05-11 15:09:22.500162,1717,117,1834
2022-05-11 15:09:23.510434,4171,119,4290
2022-05-11 15:09:24.519774,668,16,684
2022-05-11 15:09:25.513697,7731,40,7771
2022-05-11 15:09:26.531425,6457,77,6534
2022-05-11 15:09:27.541865,8642,54,8696
2022-05-11 15:09:28.547038,396,50,446
2022-05-11 15:09:29.553849,4380,78,4458
2022-05-11 15:09:30.560717,8624,96,8720
2022-05-11 15:09:31.570556,6083,107,6190
2022-05-11 15:09:32.574966,3243,6,3249
2022-05-11 15:09:33.581991,5176,146,5322
2022-05-11 15:09:34.585032,6999,38,7037
2022-05-11 15:09:35.600340,2411,103,2514
2022-05-11 15:09:36.605046,6765,63,6828
2022-05-11 15:09:37.609842,6319,110,6429
2022-05-11 15:09:38.615912,4972,81,5053
2022-05-11 15:09:39.620183,322,19,341
2022-05-11 15:09:40.629701,3715,45,3760
2022-05-11 15:09:41.639318,2968,121,3089
2022-05-11 15:09:42.646251,3731,49,3780
2022-05-11 15:09:43.651934,7013,22,7035
2022-05-11 15:09:44.658679,173,9,182
2022-05-11 15:09:45.669213,159,124,283
2022-05-11 15:09:46.676202,1454,136,1590
2022-05-11 15:09:47.683300,7258,142,7400
2022-05-11 15:09:48.694193,8788,18,8806
2022-05-11 15:09:49.702305,277,9,286
2022-05-11 15:09:50.711117,6071,40,6111
2022-05-11 15:09:51.721115,5114,73,5187
2022-05-11 15:09:52.731169,4683,106,4789
2022-05-11 15:09:53.737543,4834,56,4890
2022-05-11 15:09:55.741590,6380,105,6485
2022-05-11 15:09:56.757062,2421,25,2446
2022-05-11 15:09:57.766824,8289,88,8377
2022-05-11 15:09:58.779110,7110,15,7125
2022-05-11 15:09:59.789281,2434,106,2540
2022-05-11 15:10:00.800300,1108,139,1247
2022-05-11 15:10:01.809090,4571,20,4591
2022-05-11 15:10:02.816449,7458,103,7561
2022-05-11 15:10:03.827170,2750,17,2767
2022-05-11 15:10:04.836796,2877,3,2880
2022-05-11 15:10:05.846482,4732,69,4801
2022-05-11 15:10:06.852971,5980,44,6024
2022-05-11 15:10:07.863221,2708,95,2803
2022-05-11 15:10:08.868126,2880,53,2933
2022-05-11 15:10:09.880857,5569,90,5659
2022-05-11 15:10:10.887302,5078,22,5100
2022-05-11 15:10:11.897158,5083,50,5133
2022-05-11 15:10:12.901114,7235,72,7307
2022-05-11 15:10:13.897977,7529,121,7650
2022-05-11 15:10:14.916333,241,147,388
2022-05-11 15:10:15.923816,4678,73,4751
2022-05-11 15:10:16.932016,6877,118,6995
2022-05-11 15:10:17.939055,941,68,1009
2022-05-11 15:10:18.947682,1686,41,1727
2022-05-11 15:10:19.955095,4768,8,4776
2022-05-11 15:10:20.966946,7141,70,7211
2022-05-11 15:10:21.976154,3357,24,3381
2022-05-11 15:10:22.978165,1449,69,1518
2022-05-11 15:10:23.985434,8870,50,8920
2022-05-11 15:10:24.996445,6606,56,6662
2022-05-11 15:10:26.002034,6269,20,6289
2022-05-11 15:10:27.005917,6697,64,6761
2022-05-11 15:10:28.014250,3960,144,4104
2022-05-11 15:10:29.025570,5322,13,5335
2022-05-11 15:10:30.031210,7771,117,7888
2022-05-11 15:10:31.040399,1561,7,1568
2022-05-11 15:10:32.045976,7376,65,7441
2022-05-11 15:10:33.053568,4165,142,4307
2022-05-11 15:10:34.061871,3709,19,3728
2022-05-11 15:10:35.074027,5992,144,6136
2022-05-11 15:10:36.079260,1565,122,1687
2022-05-11 15:10:37.087340,7119,135,7254
2022-05-11 15:10:38.098131,7675,95,7770
2022-05-11 15:10:39.108488,8390,91,8481
2022-05-11 15:10:40.115443,8803,22,8825
2022-05-11 15:10:41.122206,8363,37,8400
2022-05-11 15:10:42.115030,6072,23,6095
2022-05-11 15:10:43.130691,2172,127,2299
2022-05-11 15:10:44.142568,6676,32,6708
2022-05-11 15:10:45.155681,4066,18,4084
2022-05-11 15:10:46.161032,3376,61,3437
2022-05-11 15:10:47.167661,8606,96,8702
2022-05-11 15:10:48.168144,396,81,477
2022-05-11 15:10:49.179206,2447,99,2546
2022-05-11 15:10:50.188478,1399,131,1530
2022-05-11 15:10:51.194744,8386,112,8498
2022-05-11 15:10:52.201966,7329,104,7433
2022-05-11 15:10:53.207319,7493,20,7513
2022-05-11 15:10:54.215127,1696,139,1835
2022-05-11 15:10:55.220690,6654,26,6680
2022-05-11 15:10:56.227592,5452,134,5586
2022-05-11 15:10:57.220728,753,90,843
2022-05-11 15:10:58.234946,5736,9,5745
2022-05-11 15:10:59.243541,8048,133,8181
2022-05-11 15:11:00.246996,8916,90,9006
2022-05-11 15:11:01.251679,1803,106,1909
2022-05-11 15:11:02.261781,308,33,341
2022-05-11 15:11:03.267527,5810,40,5850
2022-05-11 15:11:04.273893,3205,113,3318
2022-05-11 15:11:05.286006,4748,57,4805
2022-05-11 15:11:06.292888,2132,51,2183
2022-05-11 15:11:07.300587,4784,78,4862
2022-05-11 15:11:08.302122,7011,79,7090
2022-05-11 15:11:09.322156,3741,59,3800
2022-05-11 15:11:10.320093,3691,76,3767
2022-05-11 15:11:11.327190,1174,73,1247
2022-05-11 15:11:12.337227,235,119,354
2022-05-11 15:11:13.335357,5797,85,5882
2022-05-11 15:11:14.345520,3252,145,3397
2022-05-11 15:11:15.383202,4435,63,4498
2022-05-11 15:11:16.376485,5159,22,5181
2022-05-11 15:11:17.385709,4318,42,4360
2022-05-11 15:11:18.394564,2451,115,2566
2022-05-11 15:11:19.396547,8886,15,8901
2022-05-11 15:11:20.402484,7514,68,7582
2022-05-11 15:11:21.414531,8027,25,8052
2022-05-11 15:11:22.412377,3087,135,3222
2022-05-11 15:11:23.418572,8358,6,8364
2022-05-11 15:11:24.425414,8135,27,8162
2022-05-11 15:11:25.438010,2271,18,2289
2022-05-11 15:11:26.446697,8485,36,8521
2022-05-11 15:11:28.477156,2407,23,2430
2022-05-11 15:11:29.481015,1233,76,1309
2022-05-11 15:11:30.491040,471,147,618
2022-05-11 15:11:31.502218,855,104,959
2022-05-11 15:11:32.503686,3356,5,3361
2022-05-11 15:11:33.515368,3620,47,3667
2022-05-11 15:11:34.511024,178,116,294
2022-05-11 15:11:35.524703,7221,9,7230
2022-05-11 15:11:36.526688,5831,100,5931
2022-05-11 15:11:37.541003,3439,33,3472
2022-05-11 15:11:38.545615,3298,108,3406
2022-05-11 15:15:44.611228,8436,125,8561
2022-05-11 15:15:45.614060,663,59,722
2022-05-11 15:15:46.626540,5128,105,5233
2022-05-11 15:15:47.633906,5961,142,6103
2022-05-11 15:15:48.638659,1099,51,1150
2022-05-11 15:15:49.648805,1479,131,1610
2022-05-11 15:15:50.658354,6322,84,6406
2022-05-11 15:15:51.661158,5660,33,5693
2022-05-11 15:15:52.666802,957,5,962
2022-05-11 15:15:53.674829,890,89,979
2022-05-11 15:15:54.677093,6039,83,6122
2022-05-11 15:15:55.695204,5281,1,5282
2022-05-11 15:15:56.695961,4570,53,4623
2022-05-11 15:15:57.706852,4157,114,4271
2022-05-11 15:15:58.713237,5143,127,5270
2022-05-11 15:15:59.713713,8017,132,8149
2022-05-11 15:16:00.729600,6192,114,6306
2022-05-11 15:16:01.736757,4533,107,4640
2022-05-11 15:16:02.744015,4441,4,4445
2022-05-11 15:16:03.743977,7198,48,7246
2022-05-11 15:16:04.760120,1789,85,1874
2022-05-11 15:16:06.778335,2071,100,2171
2022-05-11 15:16:07.778082,361,5,366
2022-05-11 15:16:08.788742,1778,136,1914
2022-05-11 15:16:09.792927,7742,38,7780
2022-05-11 15:16:10.800090,7709,135,7844
2022-05-11 15:16:11.811746,2250,96,2346
2022-05-11 15:16:12.816990,7312,45,7357
2022-05-11 15:16:13.826167,4562,114,4676
2022-05-11 15:16:14.830849,5298,73,5371
2022-05-11 15:16:15.841864,2671,139,2810
2022-05-11 15:16:16.847029,6157,108,6265
2022-05-11 15:16:17.854779,2201,68,2269
2022-05-11 15:16:18.844600,3709,26,3735
2022-05-11 15:16:19.860062,8301,88,8389
2022-05-11 15:16:20.870525,1455,74,1529
2022-05-11 15:16:21.876474,5111,144,5255
2022-05-11 15:16:22.886323,594,15,609
2022-05-11 15:16:23.897033,5177,89,5266
2022-05-11 15:16:24.901485,8042,96,8138
2022-05-11 15:16:25.906773,809,9,818
2022-05-11 15:16:26.914741,3182,9,3191
2022-05-11 15:16:27.919593,1220,34,1254
2022-05-11 15:16:28.930665,7173,16,7189
2022-05-11 15:16:29.941507,4688,101,4789
2022-05-11 15:16:30.946891,6306,119,6425
2022-05-11 15:16:31.956719,900,85,985
2022-05-11 15:16:32.966497,2815,44,2859
2022-05-11 15:16:33.972743,382,69,451
2022-05-11 15:16:34.979935,5345,29,5374
2022-05-11 15:16:35.986090,8554,31,8585
2022-05-11 15:16:36.992694,1969,95,2064
2022-05-11 15:16:37.998232,437,149,586
2022-05-11 15:16:39.011273,1018,86,1104
2022-05-11 15:16:40.017844,2426,97,2523
2022-05-11 15:16:41.026405,6351,85,6436
2022-05-11 15:16:42.023466,8327,94,8421
2022-05-11 15:16:43.032564,1918,39,1957
2022-05-11 15:16:44.038557,4001,106,4107
2022-05-11 15:16:45.047972,6809,49,6858
2022-05-11 15:16:46.055822,5568,76,5644
2022-05-11 15:16:47.066641,8125,108,8233
2022-05-11 15:16:48.072471,5048,98,5146
2022-05-11 15:16:49.077705,1681,5,1686
2022-05-11 15:16:50.084648,6982,73,7055
2022-05-11 15:16:51.097146,7226,23,7249
2022-05-11 15:16:52.101635,3480,33,3513
2022-05-11 15:16:53.110815,8512,93,8605
2022-05-11 15:16:54.118558,5855,82,5937
2022-05-11 15:16:55.127272,7454,19,7473
2022-05-11 15:16:56.134096,8976,34,9010
2022-05-11 15:16:57.139845,2315,77,2392
2022-05-11 15:16:58.146488,7336,1,7337
2022-05-11 15:16:59.156995,3797,90,3887
2022-05-11 15:17:00.167416,554,59,613
2022-05-11 15:17:01.176507,4055,84,4139
2022-05-11 15:17:02.180528,1733,50,1783
2022-05-11 15:17:03.184426,6174,134,6308
2022-05-11 15:17:04.194667,2374,104,2478
2022-05-11 15:17:05.202256,3888,135,4023
2022-05-11 15:17:06.204363,5093,116,5209
2022-05-11 15:17:07.216501,7452,63,7515
2022-05-11 15:17:08.226836,1974,131,2105
2022-05-11 15:17:09.234821,1049,46,1095
2022-05-11 15:17:10.255052,3058,12,3070
2022-05-11 15:17:11.256757,756,12,768
2022-05-11 15:17:12.264167,6128,12,6140
2022-05-11 15:17:13.273268,7114,78,7192
2022-05-11 15:17:14.278040,7465,50,7515
2022-05-11 15:17:15.282957,8209,30,8239
2022-05-11 15:17:16.295433,3916,117,4033
2022-05-11 15:17:17.309658,2464,51,2515
2022-05-11 15:17:18.312323,4091,134,4225
2022-05-11 15:17:19.319132,6701,21,6722
2022-05-11 15:17:20.328284,2605,148,2753
2022-05-11 15:17:21.338330,4683,145,4828
2022-05-11 15:17:22.343883,5193,30,5223
2022-05-11 15:17:23.353420,4080,107,4187
2022-05-11 15:17:24.364240,8972,29,9001
2022-05-11 15:17:25.370903,4997,7,5004
2022-05-11 15:17:26.369150,7563,55,7618
2022-05-11 15:17:27.378465,2934,34,2968
2022-05-11 15:17:28.384396,2972,100,3072
2022-05-11 15:17:29.396441,2685,99,2784
2022-05-11 15:17:30.402567,2908,62,2970
2022-05-11 15:17:31.411573,4270,34,4304
2022-05-11 15:17:33.430474,4371,117,4488
2022-05-11 15:17:34.436511,850,80,930
2022-05-11 15:17:35.433082,5785,36,5821
2022-05-11 15:17:36.451985,3526,141,3667
2022-05-11 15:17:37.460390,425,143,568
2022-05-11 15:17:38.469716,8530,121,8651
2022-05-11 15:17:39.474882,8376,74,8450
2022-05-11 15:17:40.483547,7192,109,7301
2022-05-11 15:17:41.491625,6630,105,6735
2022-05-11 15:17:42.496894,7018,142,7160
2022-05-11 15:17:43.504222,4912,149,5061
2022-05-11 15:17:44.508727,2226,106,2332
2022-05-11 15:17:45.517533,1352,7,1359
2022-05-11 15:17:46.520112,2600,33,2633
2022-05-11 15:17:47.525226,8285,119,8404
2022-05-11 15:17:48.531229,8146,56,8202
2022-05-11 15:17:49.539174,7141,132,7273
2022-05-11 15:17:50.531816,4990,136,5126
2022-05-11 15:17:51.548628,6899,43,6942
2022-05-11 15:17:52.559788,8879,60,8939
2022-05-11 15:17:53.566573,8875,31,8906
2022-05-11 15:17:54.567460,3620,133,3753
2022-05-11 15:17:55.581221,3004,89,3093
2022-05-11 15:17:56.582499,3137,10,3147
2022-05-11 15:17:57.589817,5989,23,6012
2022-05-11 15:17:58.598048,1158,146,1304
2022-05-11 15:17:59.609728,7439,36,7475
2022-05-11 15:18:00.614774,8748,131,8879
2022-05-11 15:18:01.621172,8418,109,8527
2022-05-11 15:18:02.627543,7059,1,7060
2022-05-11 15:18:03.638156,7308,113,7421
2022-05-11 15:18:04.647341,2511,59,2570
2022-05-11 15:18:05.651451,4871,147,5018
2022-05-11 15:18:06.655646,7568,85,7653
2022-05-11 15:18:07.665477,2222,138,2360
2022-05-11 15:18:08.682987,910,35,945
2022-05-11 15:18:09.688007,2904,124,3028
2022-05-11 15:18:10.694741,3455,79,3534
2022-05-11 15:18:11.702617,7548,116,7664
2022-05-11 15:18:12.710694,942,119,1061
2022-05-11 15:18:13.715772,6684,89,6773
2022-05-11 15:18:14.718553,3658,26,3684
2022-05-11 15:18:15.725729,3943,113,4056
2022-05-11 15:18:16.735894,7591,150,7741
2022-05-11 15:18:17.747443,5224,78,5302
2022-05-11 15:18:18.757978,1622,2,1624
2022-05-11 15:18:19.764382,7940,73,8013
2022-05-11 15:18:20.768255,3922,22,3944
2022-05-11 15:18:21.770369,7724,23,7747
2022-05-11 15:18:22.775380,1772,68,1840
2022-05-11 15:18:23.785781,1224,71,1295
2022-05-11 15:18:24.792335,3593,123,3716
2022-05-11 15:18:25.799193,4424,143,4567
2022-05-11 15:18:26.805996,8874,7,8881
2022-05-11 15:18:27.813420,2197,137,2334
2022-05-11 15:18:28.818849,1665,33,1698
2022-05-11 15:18:29.826716,4874,104,4978
2022-05-11 15:18:30.832767,337,64,401
2022-05-11 15:18:31.838939,3892,10,3902
2022-05-11 15:18:32.848886,3252,88,3340
2022-05-11 15:18:33.859418,4935,106,5041
2022-05-11 15:18:34.871146,6283,129,6412
2022-05-11 15:18:35.878651,1781,102,1883
2022-05-11 15:18:36.889010,1550,21,1571
2022-05-11 15:18:37.895238,5205,83,5288
2022-05-11 15:18:38.898372,3184,133,3317
2022-05-11 15:18:39.904973,6345,133,6478
2022-05-11 15:18:40.915988,6017,13,6030
2022-05-11 15:18:41.925680,5115,145,5260
2022-05-11 15:18:42.932885,5439,2,5441
2022-05-11 15:18:43.939067,5304,61,5365
2022-05-11 15:18:44.948941,6159,69,6228
2022-05-11 15:18:45.951474,7858,146,8004
2022-05-11 15:18:46.957391,7780,149,7929
2022-05-11 15:18:47.966414,924,129,1053
2022-05-11 15:18:48.975698,7789,119,7908
2022-05-11 15:18:49.985015,3637,138,3775
2022-05-11 15:18:50.991111,7579,43,7622
2022-05-11 15:18:51.986989,68,140,208
2022-05-11 15:18:53.000566,1122,26,1148
2022-05-11 15:18:54.005704,1734,125,1859
2022-05-11 15:18:55.015399,4676,108,4784
2022-05-11 15:18:56.023314,6323,105,6428
2022-05-11 15:18:57.031539,8908,66,8974
2022-05-11 15:18:58.035070,5560,42,5602
2022-05-11 15:18:59.043928,7094,34,7128
2022-05-11 15:19:00.051284,6159,86,6245
2022-05-11 15:19:01.055847,3968,57,4025
2022-05-11 15:19:02.066944,4476,131,4607
2022-05-11 15:19:03.074240,3325,97,3422
2022-05-11 15:19:04.080074,3254,2,3256
2022-05-11 15:19:05.091073,8637,46,8683
2022-05-11 15:19:06.100084,4302,11,4313
2022-05-11 15:19:07.094922,6328,103,6431
2022-05-11 15:19:08.112072,6439,98,6537
2022-05-11 15:19:09.120842,2612,134,2746
2022-05-11 15:19:10.127260,404,95,499
2022-05-11 15:19:11.136655,4160,76,4236
2022-05-11 15:19:12.142713,4037,124,4161
2022-05-11 15:19:13.148421,2212,95,2307
2022-05-11 15:19:14.158073,8378,21,8399
2022-05-11 15:19:15.158467,2708,88,2796
2022-05-11 15:19:16.164393,8188,104,8292
2022-05-11 15:19:17.176470,6229,117,6346
2022-05-11 15:19:18.182539,5467,112,5579
2022-05-11 15:19:19.190710,3299,41,3340
2022-05-11 15:19:20.198971,7577,41,7618
2022-05-11 15:19:21.202355,8941,101,9042
2022-05-11 15:19:22.195368,4734,132,4866
2022-05-11 15:19:23.208678,1838,114,1952
2022-05-11 15:19:24.218078,7330,19,7349
2022-05-11 15:19:25.228518,56,131,187
2022-05-11 15:19:26.236186,8047,53,8100
2022-05-11 15:19:27.242634,7697,108,7805
2022-05-11 15:19:28.253568,8159,43,8202
2022-05-11 15:19:29.259806,6258,24,6282
2022-05-11 15:19:30.262495,5291,58,5349
2022-05-11 15:19:31.275166,4550,63,4613
2022-05-11 15:19:32.286115,3419,121,3540
2022-05-11 15:19:33.291746,5966,12,5978
2022-05-11 15:19:34.295797,8918,120,9038
2022-05-11 15:19:35.294237,1008,27,1035
2022-05-11 15:19:36.305587,8153,121,8274
2022-05-11 15:19:37.306414,2892,17,2909
2022-05-11 15:19:38.320746,4838,124,4962
2022-05-11 15:19:39.331371,4298,146,4444
2022-05-11 15:19:40.335791,396,15,411
2022-05-11 15:19:41.347383,4779,101,4880
2022-05-11 15:19:42.358965,4624,37,4661
2022-05-11 15:19:43.365575,2346,46,2392
2022-05-11 15:19:44.371071,7676,12,7688
2022-05-11 15:19:45.380435,5668,111,5779
2022-05-11 15:19:46.388948,4465,109,4574
2022-05-11 15:19:47.395877,308,136,444
2022-05-11 15:19:48.401278,5024,114,5138
2022-05-11 15:19:49.410150,3107,124,3231
2022-05-11 15:19:50.415699,502,60,562
2022-05-11 15:19:51.424601,90,93,183
2022-05-11 15:19:52.431132,6504,3,6507
2022-05-11 15:19:53.440309,529,36,565
2022-05-11 15:19:54.445367,6139,23,6162
2022-05-11 15:19:55.451979,8161,113,8274
2022-05-11 15:19:56.459439,7655,35,7690
2022-05-11 15:19:57.461652,918,63,981
2022-05-11 15:19:58.474331,3610,23,3633
2022-05-11 15:19:59.480793,3562,60,3622
2022-05-11 15:20:00.489254,7747,11,7758
2022-05-11 15:20:01.493470,7993,110,8103
2022-05-11 15:20:02.498547,2544,28,2572
2022-05-11 15:20:03.506152,4875,102,4977
2022-05-11 15:20:04.509287,6314,66,6380
2022-05-11 15:20:05.510060,858,18,876
2022-05-11 15:20:06.524770,619,86,705
2022-05-11 15:20:07.527981,3313,99,3412
2022-05-11 15:20:08.537495,6577,14,6591
2022-05-11 15:20:09.547869,2551,112,2663
2022-05-11 15:20:10.555647,5981,61,6042
2022-05-11 15:20:11.554649,3024,116,3140
2022-05-11 15:20:12.565353,7199,2,7201
2022-05-11 15:20:13.577235,7580,44,7624
2022-05-11 15:20:14.581135,8162,74,8236
2022-05-11 15:20:15.587191,2891,91,2982
2022-05-11 15:20:16.598301,5221,53,5274
2022-05-11 15:20:17.601871,7358,105,7463
2022-05-11 15:20:18.610328,7185,29,7214
2022-05-11 15:20:19.616380,5092,112,5204
2022-05-11 15:20:20.624664,3895,107,4002
2022-05-11 15:20:21.635356,405,25,430
2022-05-11 15:20:22.645600,6884,135,7019
2022-05-11 15:20:23.653222,6893,71,6964
2022-05-11 15:20:24.661325,5915,142,6057
2022-05-11 15:20:25.668593,7498,43,7541
2022-05-11 15:20:26.677324,2211,62,2273
2022-05-11 15:20:27.685366,6391,109,6500
2022-05-11 15:20:28.691856,3783,101,3884
2022-05-11 15:20:29.697565,8247,148,8395
2022-05-11 15:20:30.697688,4159,112,4271
2022-05-11 15:20:31.707362,3012,23,3035
2022-05-11 15:20:32.715802,4782,121,4903
2022-05-11 15:20:33.724237,4861,37,4898
2022-05-11 15:20:34.731266,5498,43,5541
2022-05-11 15:20:35.736548,6351,86,6437
2022-05-11 15:20:36.746361,736,91,827
2022-05-11 15:20:37.757346,7617,70,7687
2022-05-11 15:20:38.753121,7845,132,7977
2022-05-11 15:20:39.762592,3137,41,3178
2022-05-11 15:20:40.772516,949,29,978
2022-05-11 15:20:41.777442,2302,123,2425
2022-05-11 15:20:42.780299,8446,74,8520
2022-05-11 15:20:43.785757,8216,25,8241
2022-05-11 15:20:44.788262,8710,88,8798
2022-05-11 15:20:45.801750,8025,46,8071
2022-05-11 15:20:46.811717,7878,108,7986
2022-05-11 15:20:47.808594,5196,80,5276
2022-05-11 15:20:48.824876,6488,75,6563
2022-05-11 15:20:49.834009,5778,101,5879
2022-05-11 15:20:50.850852,797,69,866
2022-05-11 15:20:51.855893,1705,150,1855
2022-05-11 15:20:52.862886,4968,131,5099
2022-05-11 15:20:53.856322,8877,104,8981
2022-05-11 15:20:54.871908,1526,11,1537
2022-05-11 15:20:55.876788,1301,149,1450
2022-05-11 15:20:56.884063,6836,117,6953
2022-05-11 15:20:57.892473,2369,28,2397
2022-05-11 15:20:58.900944,2809,39,2848
2022-05-11 15:20:59.910938,638,27,665
2022-05-11 15:21:00.916296,2692,128,2820
2022-05-11 15:21:01.924165,4685,134,4819
2022-05-11 15:21:02.933284,7364,79,7443
2022-05-11 15:21:03.938468,1190,143,1333
2022-05-11 15:21:04.942986,6688,68,6756
2022-05-11 15:21:05.951308,6119,52,6171
2022-05-11 15:21:06.964694,5731,139,5870
2022-05-11 15:21:07.967980,5800,8,5808
2022-05-11 15:21:08.960816,6264,103,6367
2022-05-11 15:21:09.975309,4236,102,4338
2022-05-11 15:21:10.970074,3856,133,3989
2022-05-11 15:21:11.985295,1044,116,1160
2022-05-11 15:21:12.991334,7970,64,8034
2022-05-11 15:21:13.999954,6308,61,6369
2022-05-11 15:21:15.004435,4728,14,4742
2022-05-11 15:21:16.001849,5286,65,5351
2022-05-11 15:21:17.019426,4372,23,4395
2022-05-11 15:21:18.031249,6511,33,6544
2022-05-11 15:21:19.034447,2524,64,2588
2022-05-11 15:21:20.041454,6840,135,6975
2022-05-11 15:21:21.051918,8866,22,8888
2022-05-11 15:21:22.064000,4179,66,4245
2022-05-11 15:21:23.071430,8047,55,8102
2022-05-11 15:21:24.081243,4870,58,4928
2022-05-11 15:21:25.084607,534,33,567
2022-05-11 15:21:26.088262,8832,100,8932
2022-05-11 15:21:27.097749,2868,68,2936
2022-05-11 15:21:28.105518,6017,4,6021
2022-05-11 15:21:29.112377,4901,83,4984
2022-05-11 15:21:30.118187,4317,17,4334
2022-05-11 15:21:31.127134,1002,67,1069
2022-05-11 15:21:32.132731,7101,132,7233
2022-05-11 15:21:33.139020,2494,105,2599
2022-05-11 15:21:34.144265,5200,90,5290
2022-05-11 15:21:35.151128,8613,120,8733
2022-05-11 15:21:36.156909,6111,76,6187
2022-05-11 15:21:37.164402,2591,143,2734
2022-05-11 15:21:38.169441,2584,59,2643
2022-05-11 15:21:39.181261,5015,45,5060
2022-05-11 15:21:40.188126,1246,79,1325
2022-05-11 15:21:41.196050,5713,130,5843
2022-05-11 15:21:42.206280,4882,15,4897
2022-05-11 15:21:43.211176,1419,28,1447
2022-05-11 15:21:44.216739,7197,42,7239
2022-05-11 15:21:45.226055,5333,132,5465
2022-05-11 15:21:46.235487,7927,71,7998
2022-05-11 15:21:47.241513,5744,13,5757
2022-05-11 15:21:48.250564,8298,66,8364
2022-05-11 15:21:49.262389,1416,74,1490
2022-05-11 15:21:50.270075,45,89,134
2022-05-11 15:21:51.276177,3542,146,3688
2022-05-11 15:21:52.283079,7648,71,7719
2022-05-11 15:21:53.290237,4601,107,4708
2022-05-11 15:21:54.298435,2704,52,2756
2022-05-11 15:21:55.305969,8832,67,8899
2022-05-11 15:21:56.312600,3015,125,3140
2022-05-11 15:21:57.317627,7036,129,7165
2022-05-11 15:21:58.320454,4515,80,4595
2022-05-11 15:21:59.330775,3747,43,3790
2022-05-11 15:22:00.341163,4371,63,4434
2022-05-11 15:22:01.350485,6180,135,6315
2022-05-11 15:22:02.358597,7413,20,7433
2022-05-11 15:22:03.363391,1913,44,1957
2022-05-11 15:22:04.370537,8115,90,8205
2022-05-11 15:22:05.380107,6880,69,6949
2022-05-11 15:22:06.386121,3023,113,3136
2022-05-11 15:22:07.398626,3946,73,4019
2022-05-11 15:22:08.406665,4728,66,4794
2022-05-11 15:22:09.411049,2647,119,2766
2022-05-11 15:22:10.403966,482,107,589
2022-05-11 15:22:11.424767,1723,85,1808
2022-05-11 15:22:12.435508,7533,70,7603
2022-05-11 15:22:13.441158,8637,117,8754
2022-05-11 15:22:14.444244,7126,74,7200
2022-05-11 15:22:15.439668,3029,36,3065
2022-05-11 15:22:16.455840,1711,63,1774
2022-05-11 15:22:17.462032,8172,102,8274
2022-05-11 15:22:18.463617,2261,145,2406
2022-05-11 15:22:19.472834,2413,133,2546
2022-05-11 15:22:20.475701,7955,115,8070
2022-05-11 15:22:21.487683,6311,21,6332
2022-05-11 15:22:22.496823,2072,81,2153
2022-05-11 15:22:23.506700,7367,38,7405
2022-05-11 15:22:24.511486,5545,66,5611
2022-05-11 15:22:25.508420,4070,62,4132
2022-05-11 15:22:26.527652,2917,125,3042
2022-05-11 15:22:27.536768,8618,94,8712
2022-05-11 15:22:28.546036,6724,143,6867
2022-05-11 15:22:29.545359,7530,137,7667
2022-05-11 15:22:30.556970,2467,120,2587
2022-05-11 15:22:31.563537,3974,67,4041
2022-05-11 15:22:32.570190,379,102,481
2022-05-11 15:22:33.580275,3530,145,3675
2022-05-11 15:22:34.587019,6088,31,6119
2022-05-11 15:22:35.591963,2753,146,2899
2022-05-11 15:22:36.600048,2309,117,2426
2022-05-11 15:22:37.612601,2712,13,2725
2022-05-11 15:22:38.616463,4924,35,4959
2022-05-11 15:22:39.616874,1474,16,1490
2022-05-11 15:22:40.616631,7267,147,7414
2022-05-11 15:22:41.627338,348,139,487
2022-05-11 15:22:42.638193,6928,115,7043
2022-05-11 15:22:43.645579,8494,17,8511
2022-05-11 15:22:44.655789,6838,100,6938
2022-05-11 15:22:45.658170,2530,61,2591
2022-05-11 15:22:46.669815,7464,48,7512
2022-05-11 15:22:47.675207,7140,9,7149
2022-05-11 15:22:48.688660,4233,96,4329
2022-05-11 15:22:49.696870,1532,86,1618
2022-05-11 15:22:50.697204,8415,19,8434
2022-05-11 15:22:51.705907,5796,75,5871
2022-05-11 15:22:52.713776,4194,10,4204
2022-05-11 15:22:53.716713,768,144,912
2022-05-11 15:22:54.722158,4944,119,5063
2022-05-11 15:22:55.725452,6968,3,6971
2022-05-11 15:22:56.735738,6353,115,6468
2022-05-11 15:22:57.742580,6514,124,6638
2022-05-11 15:22:58.751534,6769,65,6834
2022-05-11 15:22:59.756066,1463,133,1596
2022-05-11 15:23:00.764083,1816,149,1965
2022-05-11 15:23:01.772013,132,30,162
2022-05-11 15:23:02.781476,449,52,501
2022-05-11 15:23:03.789358,520,80,600
2022-05-11 15:23:04.795621,724,101,825
2022-05-11 15:23:05.804056,1928,99,2027
2022-05-11 15:23:06.813877,3709,99,3808
2022-05-11 15:23:07.813335,8001,11,8012
2022-05-11 15:23:08.827044,2356,12,2368
2022-05-11 15:23:09.829818,5167,115,5282
2022-05-11 15:23:10.838770,7559,36,7595
2022-05-11 15:23:11.848985,2150,89,2239
2022-05-11 15:23:12.863992,940,91,1031
2022-05-11 15:23:13.860774,6934,81,7015
2022-05-11 15:23:14.855987,7372,15,7387
2022-05-11 15:23:15.870484,7654,123,7777
2022-05-11 15:23:16.878122,6175,24,6199
2022-05-11 15:23:17.888571,987,117,1104
2022-05-11 15:23:18.895738,5801,47,5848
2022-05-11 15:23:19.904768,2299,63,2362
2022-05-11 15:23:20.909985,7526,49,7575
2022-05-11 15:23:21.913875,972,141,1113
2022-05-11 15:23:22.916081,2278,39,2317
2022-05-11 15:23:23.932070,1194,130,1324
2022-05-11 15:23:24.932388,1403,15,1418
2022-05-11 15:23:25.942756,6453,14,6467
2022-05-11 15:23:26.948492,6636,80,6716
2022-05-11 15:23:27.952685,7177,13,7190
2022-05-11 15:23:28.962209,4375,23,4398
2022-05-11 15:23:29.970394,242,17,259
2022-05-11 15:23:30.981672,4781,8,4789
2022-05-11 15:23:31.991840,7302,122,7424
2022-05-11 15:23:33.001573,4021,146,4167
2022-05-11 15:23:34.012002,7319,39,7358
2022-05-11 15:23:35.018379,8316,81,8397
2022-05-11 15:23:36.020886,2795,60,2855
2022-05-11 15:23:37.031857,3572,53,3625
2022-05-11 15:23:38.036093,2092,137,2229
2022-05-11 15:23:39.042596,5061,18,5079
2022-05-11 15:23:40.050378,7243,17,7260
2022-05-11 15:23:41.059277,3980,111,4091
2022-05-11 15:23:42.061710,409,71,480
2022-05-11 15:23:43.069276,347,93,440
2022-05-11 15:23:44.072064,4623,150,4773
2022-05-11 15:23:45.087043,1939,37,1976
2022-05-11 15:23:46.090537,4425,33,4458
2022-05-11 15:23:47.096392,6748,128,6876
2022-05-11 15:23:48.105305,1335,62,1397
2022-05-11 15:23:49.110573,5068,136,5204
2022-05-11 15:23:50.120333,4754,37,4791
2022-05-11 15:23:51.130549,7614,57,7671
2022-05-11 15:23:52.136165,2585,29,2614
2022-05-11 15:23:53.144976,6229,40,6269
2022-05-11 15:23:54.149503,5679,65,5744
2022-05-11 15:23:55.157303,3189,2,3191
2022-05-11 15:23:56.166311,4913,117,5030
2022-05-11 15:23:57.161471,1364,61,1425
2022-05-11 15:23:58.181880,2414,141,2555
2022-05-11 15:23:59.181926,630,136,766
2022-05-11 15:24:00.187504,4061,69,4130
2022-05-11 15:24:01.189985,5615,23,5638
2022-05-11 15:24:02.196840,252,150,402
2022-05-11 15:24:03.198940,1214,132,1346
2022-05-11 15:24:04.207297,2037,98,2135
2022-05-11 15:24:05.220928,2137,93,2230
2022-05-11 15:24:06.230323,2854,137,2991
2022-05-11 15:24:07.239838,3063,137,3200
2022-05-11 15:24:08.242337,4718,106,4824
2022-05-11 15:24:09.249475,1092,76,1168
2022-05-11 15:24:10.260878,4415,30,4445
2022-05-11 15:24:11.264737,3201,23,3224
2022-05-11 15:24:12.259703,4823,49,4872
2022-05-11 15:24:13.276950,7024,116,7140
2022-05-11 15:24:14.280203,3576,77,3653
2022-05-11 15:24:15.283726,577,1,578
2022-05-11 15:24:16.288770,2668,56,2724
2022-05-11 15:24:17.296977,3221,47,3268
2022-05-11 15:24:18.303744,576,77,653
2022-05-11 15:24:19.311354,8393,74,8467
2022-05-11 15:24:20.318751,8978,41,9019
2022-05-11 15:24:21.320545,5920,53,5973
2022-05-11 15:24:22.331542,5185,15,5200
2022-05-11 15:24:23.343385,1917,148,2065
2022-05-11 15:24:24.357544,8124,109,8233
2022-05-11 15:24:25.363034,364,24,388
2022-05-11 15:24:26.365316,6556,16,6572
2022-05-11 15:24:27.378388,6252,84,6336
2022-05-11 15:24:28.380050,8251,52,8303
2022-05-11 15:24:29.390944,6476,127,6603
2022-05-11 15:24:30.397865,6334,3,6337
2022-05-11 15:24:31.407919,7336,106,7442
2022-05-11 15:24:32.413294,7086,28,7114
2022-05-11 15:24:33.419893,3569,92,3661
2022-05-11 15:24:34.426690,3428,149,3577
2022-05-11 15:24:35.434749,6242,38,6280
2022-05-11 15:24:36.445706,7913,55,7968
2022-05-11 15:24:37.453526,926,51,977
2022-05-11 15:24:38.462102,6131,116,6247
2022-05-11 15:24:39.465838,8017,105,8122
2022-05-11 15:24:40.473060,5513,109,5622
2022-05-11 15:24:41.485789,1472,76,1548
2022-05-11 15:24:42.488303,1357,125,1482
2022-05-11 15:24:43.497767,8262,77,8339
2022-05-11 15:24:44.509706,1184,89,1273
2022-05-11 15:24:45.515226,3284,100,3384
2022-05-11 15:24:46.523500,5908,125,6033
2022-05-11 15:24:47.524832,5093,104,5197
2022-05-11 15:24:48.530059,2029,54,2083
2022-05-11 15:24:49.540756,5205,108,5313
2022-05-11 15:24:50.550379,6510,44,6554
2022-05-11 15:24:51.557125,8387,10,8397
2022-05-11 15:24:52.560361,3107,80,3187
2022-05-11 15:24:53.575509,7831,49,7880
2022-05-11 15:24:54.581141,8790,17,8807
2022-05-11 15:24:56.592777,8806,20,8826
2022-05-11 15:24:57.600918,2720,143,2863
2022-05-11 15:24:58.610015,3716,27,3743
2022-05-11 15:24:59.610049,7548,150,7698
2022-05-11 15:25:00.617220,6931,62,6993
2022-05-11 15:25:01.626800,5936,114,6050
2022-05-11 15:25:02.636777,8024,20,8044
2022-05-11 15:25:03.640718,4502,42,4544
2022-05-11 15:25:04.644375,917,71,988
2022-05-11 15:25:05.657589,3669,105,3774
2022-05-11 15:25:06.659286,1837,14,1851
2022-05-11 15:25:07.666073,737,31,768
2022-05-11 15:25:08.676461,1227,31,1258
2022-05-11 15:25:09.683048,2843,107,2950
2022-05-11 15:25:11.700895,2805,82,2887
2022-05-11 15:25:12.707546,5471,59,5530
2022-05-11 15:25:14.723980,7890,21,7911
2022-05-11 15:25:15.732073,1059,60,1119
2022-05-11 15:25:16.732339,1940,98,2038
2022-05-11 15:25:17.735481,4153,89,4242
2022-05-11 15:25:18.747216,5398,61,5459
2022-05-11 15:25:19.749597,6833,98,6931
2022-05-11 15:25:20.760571,1133,43,1176
2022-05-11 15:25:21.768119,2825,72,2897
2022-05-11 15:25:22.771770,1432,33,1465
2022-05-11 15:25:23.773939,6146,121,6267
2022-05-11 15:25:24.777085,820,60,880
2022-05-11 15:25:25.783998,3075,65,3140
2022-05-11 15:25:26.789384,6843,65,6908
2022-05-11 15:25:27.795994,1610,82,1692
2022-05-11 15:25:28.792206,5780,20,5800
2022-05-11 15:25:29.812043,5851,4,5855
2022-05-11 15:25:30.814227,6624,63,6687
2022-05-11 15:25:31.820193,1488,120,1608
2022-05-11 15:25:32.827395,7634,122,7756
2022-05-11 15:25:33.831305,5533,103,5636
2022-05-11 15:25:34.837462,4615,26,4641
2022-05-11 15:25:35.846288,520,5,525
2022-05-11 15:25:36.857027,6614,142,6756
2022-05-11 15:25:37.860565,1399,77,1476
2022-05-11 15:25:38.868384,744,100,844
2022-05-11 15:25:39.874585,4897,75,4972
2022-05-11 15:25:40.881195,5166,9,5175
2022-05-11 15:25:41.886304,6496,96,6592
2022-05-11 15:25:42.890728,1060,46,1106
2022-05-11 15:25:43.886988,8533,142,8675
2022-05-11 15:25:44.900653,5328,99,5427
2022-05-11 15:25:45.909460,135,115,250
2022-05-11 15:25:46.916334,5007,10,5017
2022-05-11 15:25:47.920480,8485,17,8502
2022-05-11 15:25:48.925837,1247,105,1352
2022-05-11 15:25:49.933226,5221,42,5263
2022-05-11 15:25:50.943553,7266,9,7275
2022-05-11 15:25:51.951075,3066,110,3176
2022-05-11 15:25:52.956205,798,28,826
2022-05-11 15:25:53.965606,3076,63,3139
2022-05-11 15:25:54.975231,5826,65,5891
2022-05-11 15:25:55.980634,1916,124,2040
2022-05-11 15:25:56.993086,7656,133,7789
2022-05-11 15:25:57.996595,952,16,968
2022-05-11 15:25:59.002677,469,103,572
2022-05-11 15:26:00.015814,8260,66,8326
2022-05-11 15:26:01.016875,4634,87,4721
2022-05-11 15:26:02.022404,221,40,261
2022-05-11 15:26:03.027927,6316,101,6417
2022-05-11 15:26:04.040223,6549,148,6697
2022-05-11 15:26:05.049090,3094,109,3203
2022-05-11 15:26:06.051648,3214,11,3225
2022-05-11 15:26:07.056906,8820,114,8934
2022-05-11 15:26:08.062436,777,47,824
2022-05-11 15:26:09.070475,2122,145,2267
2022-05-11 15:26:10.080064,8826,54,8880
2022-05-11 15:26:11.081358,2509,37,2546
2022-05-11 15:26:12.093840,5415,51,5466
2022-05-11 15:26:13.100294,6935,93,7028
2022-05-11 15:26:14.107681,6700,135,6835
2022-05-11 15:26:15.110925,756,94,850
2022-05-11 15:26:16.114949,852,103,955
2022-05-11 15:26:17.126754,7077,27,7104
2022-05-11 15:26:18.133984,4630,46,4676
2022-05-11 15:26:19.146330,2929,34,2963
2022-05-11 15:26:20.145323,4268,12,4280
2022-05-11 15:26:21.154152,5182,23,5205
2022-05-11 15:26:22.163285,6551,49,6600
2022-05-11 15:26:23.169434,7325,42,7367
2022-05-11 15:26:24.174927,8191,70,8261
2022-05-11 15:26:25.179254,6971,114,7085
2022-05-11 15:26:26.185361,4462,129,4591
2022-05-11 15:26:28.204023,1081,127,1208
2022-05-11 15:26:29.206749,8458,8,8466
2022-05-11 15:26:30.211170,1217,13,1230
2022-05-11 15:26:31.221696,7659,16,7675
2022-05-11 15:26:32.226069,7992,84,8076
2022-05-11 15:26:33.232179,7901,4,7905
2022-05-11 15:26:34.242141,8478,130,8608
2022-05-11 15:26:35.242108,1981,103,2084
2022-05-11 15:26:36.251014,5905,59,5964
2022-05-11 15:26:37.259629,2957,73,3030
2022-05-11 15:26:38.272593,3835,116,3951
2022-05-11 15:26:39.276405,5910,107,6017
2022-05-11 15:26:40.284655,6987,85,7072
2022-05-11 15:26:41.287492,1716,81,1797
2022-05-11 15:26:42.299534,2541,73,2614
2022-05-11 15:26:43.303177,3600,128,3728
2022-05-11 15:26:44.312272,3092,146,3238
2022-05-11 15:26:45.305012,3567,73,3640
2022-05-11 15:26:46.324435,5964,111,6075
2022-05-11 15:26:47.333262,3923,92,4015
2022-05-11 15:26:48.337391,828,47,875
2022-05-11 15:26:49.344180,4720,29,4749
2022-05-11 15:26:50.355906,1480,111,1591
2022-05-11 15:26:51.362842,7829,112,7941
2022-05-11 15:26:52.372391,7280,36,7316
2022-05-11 15:26:53.383018,7241,93,7334
2022-05-11 15:26:54.389111,7373,39,7412
2022-05-11 15:26:55.399224,3193,131,3324
2022-05-11 15:26:56.408505,3433,76,3509
2022-05-11 15:26:57.410562,7767,102,7869
2022-05-11 15:26:58.422848,6564,99,6663
2022-05-11 15:26:59.425134,2196,100,2296
2022-05-11 15:27:00.418795,342,58,400
2022-05-11 15:27:01.429924,502,127,629
2022-05-11 15:27:02.436052,8213,38,8251
2022-05-11 15:27:03.443803,4451,138,4589
2022-05-11 15:27:04.450855,4393,45,4438
2022-05-11 15:27:05.457296,7691,33,7724
2022-05-11 15:27:06.470212,4896,139,5035
2022-05-11 15:27:07.478204,1964,40,2004
2022-05-11 15:27:08.487776,1810,97,1907
2022-05-11 15:27:09.490771,8548,62,8610
2022-05-11 15:27:10.497015,3772,74,3846
2022-05-11 15:27:11.505274,1068,94,1162
2022-05-11 15:27:12.516548,4030,96,4126
2022-05-11 15:27:13.518297,5566,76,5642
2022-05-11 15:27:14.520729,3440,125,3565
2022-05-11 15:27:15.529420,669,124,793
2022-05-11 15:27:16.540889,179,147,326
2022-05-11 15:27:17.542709,7093,20,7113
2022-05-11 15:27:18.547065,6742,140,6882
2022-05-11 15:27:19.551921,6316,36,6352
2022-05-11 15:27:20.566242,1138,12,1150
2022-05-11 15:27:21.564072,5674,141,5815
2022-05-11 15:27:22.579041,2758,127,2885
2022-05-11 15:27:23.584496,2314,24,2338
2022-05-11 15:27:24.596469,8174,149,8323
2022-05-11 15:27:25.600877,7956,73,8029
2022-05-11 15:27:26.615416,5046,47,5093
2022-05-11 15:27:27.626814,4705,88,4793
2022-05-11 15:27:28.627459,1298,121,1419
2022-05-11 15:27:29.629539,1645,45,1690
2022-05-11 15:27:30.637653,7136,123,7259
2022-05-11 15:27:31.645146,5743,9,5752
2022-05-11 15:27:32.652444,3905,33,3938
2022-05-11 15:27:33.659502,2883,78,2961
2022-05-11 15:27:34.667874,8301,59,8360
2022-05-11 15:27:35.672382,3078,101,3179
2022-05-11 15:27:36.680204,6943,11,6954
2022-05-11 15:27:37.690867,4088,41,4129
2022-05-11 15:27:38.702174,268,68,336
2022-05-11 15:27:39.706778,3523,148,3671
2022-05-11 15:27:40.716485,7011,146,7157
2022-05-11 15:27:41.722730,3655,94,3749
2022-05-11 15:27:42.729835,2262,58,2320
2022-05-11 15:27:43.737414,2852,10,2862
2022-05-11 15:27:44.740035,7680,65,7745
2022-05-11 15:27:45.744492,852,139,991
2022-05-11 15:27:46.757931,7614,86,7700
2022-05-11 15:27:47.765896,7371,23,7394
2022-05-11 15:27:48.772753,6885,31,6916
2022-05-11 15:27:49.781458,1428,4,1432
2022-05-11 15:27:50.789047,2173,128,2301
2022-05-11 15:27:51.796152,7134,4,7138
2022-05-11 15:27:52.803509,784,24,808
2022-05-11 15:27:53.809328,5188,55,5243
2022-05-11 15:27:54.811697,4710,79,4789
2022-05-11 15:27:55.822314,4507,6,4513
2022-05-11 15:27:56.828046,3173,89,3262
2022-05-11 15:27:57.834071,635,40,675
2022-05-11 15:27:58.844738,505,37,542
2022-05-11 15:27:59.852997,2759,36,2795
2022-05-11 15:28:00.859183,5874,47,5921
2022-05-11 15:28:01.861373,3853,85,3938
2022-05-11 15:28:02.871070,1976,119,2095
2022-05-11 15:28:03.873269,232,52,284
2022-05-11 15:28:04.879275,5096,110,5206
2022-05-11 15:28:05.889385,556,49,605
2022-05-11 15:28:06.892420,8001,149,8150
2022-05-11 15:28:07.905359,8582,141,8723
2022-05-11 15:28:08.911448,3541,130,3671
2022-05-11 15:28:09.913639,4489,109,4598
2022-05-11 15:28:10.936041,1038,15,1053
2022-05-11 15:28:11.940265,4283,109,4392
2022-05-11 15:28:12.955304,3578,67,3645
2022-05-11 15:28:13.965256,1315,110,1425
2022-05-11 15:28:14.968876,6332,52,6384
2022-05-11 15:28:15.973466,5417,78,5495
2022-05-11 15:28:16.971599,8459,65,8524
2022-05-11 15:28:17.987781,2837,7,2844
2022-05-11 15:28:18.995709,7589,31,7620
2022-05-11 15:28:20.003148,171,111,282
2022-05-11 15:28:21.010005,7492,82,7574
2022-05-11 15:28:22.020470,643,78,721
2022-05-11 15:28:23.023585,8022,45,8067
2022-05-11 15:28:24.029097,2398,52,2450
2022-05-11 15:28:25.038687,5224,57,5281
2022-05-11 15:28:26.044866,512,65,577
2022-05-11 15:28:27.051554,3716,133,3849
2022-05-11 15:28:28.063702,2186,77,2263
2022-05-11 15:28:29.068725,350,81,431
2022-05-11 15:28:30.071427,8760,146,8906
2022-05-11 15:28:31.078442,6273,133,6406
2022-05-11 15:28:32.075456,6051,42,6093
2022-05-11 15:28:33.092040,8153,87,8240
2022-05-11 15:28:34.103625,5340,39,5379
2022-05-11 15:28:35.108034,8936,53,8989
2022-05-11 15:28:36.116687,5358,141,5499
2022-05-11 15:28:37.123853,1889,18,1907
2022-05-11 15:28:38.129302,3319,135,3454
2022-05-11 15:28:39.132634,4034,141,4175
2022-05-11 15:28:40.141130,4027,42,4069
2022-05-11 15:28:41.147717,8986,81,9067
2022-05-11 15:28:42.157296,2844,21,2865
2022-05-11 15:28:43.164663,128,57,185
2022-05-11 15:28:44.172454,2544,125,2669
2022-05-11 15:28:45.183520,6100,21,6121
2022-05-11 15:28:46.190364,1482,121,1603
2022-05-11 15:28:47.197558,7477,131,7608
2022-05-11 15:28:48.201088,2158,16,2174
2022-05-11 15:28:49.211521,1183,127,1310
2022-05-11 15:28:50.222178,2032,11,2043
2022-05-11 15:28:51.227126,4789,64,4853
2022-05-11 15:28:52.234559,8363,137,8500
2022-05-11 15:28:53.241489,519,110,629
2022-05-11 15:28:54.244884,5214,28,5242
2022-05-11 15:28:55.254812,1294,149,1443
2022-05-11 15:28:56.260618,376,150,526
2022-05-11 15:28:57.267648,537,85,622
2022-05-11 15:28:58.276575,3624,61,3685
2022-05-11 15:28:59.286419,8809,114,8923
2022-05-11 15:29:00.292492,6522,87,6609
2022-05-11 15:29:01.294270,117,138,255
2022-05-11 15:29:02.299570,6344,5,6349
2022-05-11 15:29:03.310821,6533,92,6625
2022-05-11 15:29:04.315485,7851,136,7987
2022-05-11 15:29:05.324154,4008,143,4151
2022-05-11 15:29:06.332863,4457,37,4494
2022-05-11 15:29:07.336875,6405,63,6468
2022-05-11 15:29:08.345304,760,84,844
2022-05-11 15:29:09.348232,7011,144,7155
2022-05-11 15:29:10.358646,5991,99,6090
2022-05-11 15:29:11.360147,3964,31,3995
2022-05-11 15:29:12.366591,1267,42,1309
2022-05-11 15:29:13.377714,6104,97,6201
2022-05-11 15:29:14.384072,4987,112,5099
2022-05-11 15:29:15.392359,5296,48,5344
2022-05-11 15:29:16.409640,924,42,966
2022-05-11 15:29:17.411203,3102,53,3155
2022-05-11 15:29:18.420591,4217,143,4360
2022-05-11 15:29:19.430984,8512,71,8583
2022-05-11 15:29:20.437460,3949,38,3987
2022-05-11 15:29:21.445560,3337,110,3447
2022-05-11 15:29:22.454405,2005,135,2140
2022-05-11 15:29:23.457361,4016,22,4038
2022-05-11 15:29:24.462455,6192,44,6236
2022-05-11 15:29:25.470795,4848,7,4855
2022-05-11 15:29:26.476116,1784,69,1853
2022-05-11 15:29:27.483704,693,7,700
2022-05-11 15:29:28.490949,8614,108,8722
2022-05-11 15:29:29.494143,3662,148,3810
2022-05-11 15:29:30.500500,2558,132,2690
2022-05-11 15:29:31.514460,2429,65,2494
2022-05-11 15:29:32.522274,4218,139,4357
2022-05-11 15:29:33.524331,892,57,949
2022-05-11 15:29:34.538180,8050,19,8069
2022-05-11 15:29:35.540979,2367,75,2442
2022-05-11 15:29:36.546875,1313,19,1332
2022-05-11 15:29:37.556719,4000,111,4111
2022-05-11 15:29:38.564319,287,107,394
2022-05-11 15:29:39.570174,6883,148,7031
2022-05-11 15:29:40.569144,5392,3,5395
2022-05-11 15:29:41.578918,4176,129,4305
2022-05-11 15:29:42.587247,1709,142,1851
2022-05-11 15:29:43.596349,5624,46,5670
2022-05-11 15:29:44.599184,6446,123,6569
2022-05-11 15:29:45.610191,354,96,450
2022-05-11 15:29:46.616634,1539,52,1591
2022-05-11 15:29:47.621769,3828,18,3846
2022-05-11 15:29:48.620386,8260,83,8343
2022-05-11 15:29:49.635740,8179,66,8245
2022-05-11 15:29:50.647580,8413,5,8418
2022-05-11 15:29:51.653749,3050,111,3161
2022-05-11 15:29:52.657863,5667,33,5700
2022-05-11 15:29:53.669898,2130,12,2142
2022-05-11 15:29:54.676800,5788,128,5916
2022-05-11 15:29:55.686844,2727,41,2768
2022-05-11 15:29:56.693483,7766,55,7821
2022-05-11 15:29:57.696708,4751,113,4864
2022-05-11 15:29:58.705662,5364,142,5506
2022-05-11 15:29:59.712552,1662,106,1768
2022-05-11 15:30:00.722048,1481,67,1548
2022-05-11 15:30:01.734120,7222,129,7351
2022-05-11 15:30:03.739207,4424,44,4468
2022-05-11 15:30:04.751471,7765,5,7770
2022-05-11 15:30:05.755253,7845,79,7924
2022-05-11 15:30:06.755879,7032,44,7076
2022-05-11 15:30:07.770809,4954,120,5074
2022-05-11 15:30:08.777673,8416,96,8512
2022-05-11 15:30:09.786839,5422,66,5488
2022-05-11 15:30:10.793133,4900,81,4981
2022-05-11 15:30:11.793046,4554,114,4668
2022-05-11 15:30:12.803013,7131,131,7262
2022-05-11 15:30:13.813235,1774,19,1793
2022-05-11 15:30:14.821026,2141,138,2279
2022-05-11 15:30:15.833753,6535,139,6674
2022-05-11 15:30:16.833962,1181,137,1318
2022-05-11 15:30:17.839318,7926,85,8011
2022-05-11 15:30:18.850226,8611,143,8754
2022-05-11 15:30:19.857154,7340,125,7465
2022-05-11 15:30:20.861813,6316,53,6369
2022-05-11 15:30:21.869966,1348,93,1441
2022-05-11 15:30:22.877190,5634,70,5704
2022-05-11 15:30:23.887204,4137,1,4138
2022-05-11 15:30:24.893492,7845,98,7943
2022-05-11 15:30:25.902646,5849,5,5854
2022-05-11 15:30:26.909666,1356,6,1362
2022-05-11 15:30:27.911015,794,56,850
2022-05-11 15:30:28.923652,8525,26,8551
2022-05-11 15:30:29.930413,3875,125,4000
2022-05-11 15:30:30.937862,2368,97,2465
2022-05-11 15:30:31.944131,4796,44,4840
2022-05-11 15:30:32.947623,254,13,267
2022-05-11 15:30:33.956214,309,93,402
2022-05-11 15:30:34.962617,5596,127,5723
2022-05-11 15:30:35.969654,3717,95,3812
2022-05-11 15:30:36.975890,5740,128,5868
2022-05-11 15:30:37.981593,8893,117,9010
2022-05-11 15:30:38.987150,1113,109,1222
2022-05-11 15:30:39.990597,3335,61,3396
2022-05-11 15:30:40.997975,4144,73,4217
2022-05-11 15:30:42.008039,8561,27,8588
2022-05-11 15:30:43.013767,720,47,767
2022-05-11 15:30:44.018196,1714,104,1818
2022-05-11 15:30:45.026340,3827,3,3830
2022-05-11 15:30:46.033229,1064,118,1182
2022-05-11 15:30:47.042456,151,105,256
2022-05-11 15:30:48.051009,2660,64,2724
2022-05-11 15:30:49.060432,4249,124,4373
2022-05-11 15:30:50.068549,18,123,141
2022-05-11 15:30:51.075855,7870,32,7902
2022-05-11 15:30:52.087509,6088,20,6108
2022-05-11 15:30:53.093356,8500,123,8623
2022-05-11 15:30:54.101373,2427,88,2515
2022-05-11 15:30:55.108190,6979,143,7122
2022-05-11 15:30:56.114524,396,49,445
2022-05-11 15:30:57.122963,5927,48,5975
2022-05-11 15:30:58.122047,5369,97,5466
2022-05-11 15:30:59.131421,5267,100,5367
2022-05-11 15:31:00.133429,995,10,1005
2022-05-11 15:31:01.137959,1163,143,1306
2022-05-11 15:31:02.147790,1574,105,1679
2022-05-11 15:31:03.153988,2922,85,3007
2022-05-11 15:31:04.162215,1487,105,1592
2022-05-11 15:31:05.169380,3259,108,3367
2022-05-11 15:31:07.182112,8215,29,8244
2022-05-11 15:31:08.190963,171,78,249
2022-05-11 15:31:09.191121,8593,89,8682
2022-05-11 15:31:10.202313,4456,97,4553
2022-05-11 15:31:12.211154,4751,56,4807
2022-05-11 15:31:13.225509,3788,100,3888
2022-05-11 15:31:14.228848,6402,33,6435
2022-05-11 15:31:15.233239,1059,55,1114
2022-05-11 15:31:16.240138,6469,4,6473
2022-05-11 15:31:17.251564,6292,116,6408
2022-05-11 15:31:18.251892,2288,43,2331
2022-05-11 15:31:19.254606,3930,46,3976
2022-05-11 15:31:20.251947,5688,56,5744
2022-05-11 15:31:21.266542,849,115,964
2022-05-11 15:31:22.279352,4134,39,4173
2022-05-11 15:31:23.284397,412,60,472
2022-05-11 15:31:24.287105,7482,6,7488
2022-05-11 15:31:25.297718,3106,81,3187
2022-05-11 15:31:26.304033,1976,126,2102
2022-05-11 15:31:27.312540,292,19,311
2022-05-11 15:31:28.320675,4785,114,4899
2022-05-11 15:31:29.323257,7843,9,7852
2022-05-11 15:31:30.336364,1763,44,1807
2022-05-11 15:31:31.345463,8252,74,8326
2022-05-11 15:31:32.357204,5210,95,5305
2022-05-11 15:31:33.362197,8891,113,9004
2022-05-11 15:31:34.369383,2969,46,3015
2022-05-11 15:31:35.362599,2954,112,3066
2022-05-11 15:31:36.379967,5966,51,6017
2022-05-11 15:31:37.386362,2530,147,2677
2022-05-11 15:31:38.393997,3337,147,3484
2022-05-11 15:31:39.400105,79,37,116
2022-05-11 15:31:40.407273,560,65,625
2022-05-11 15:31:41.416187,6740,77,6817
2022-05-11 15:31:42.424059,5660,86,5746
2022-05-11 15:31:43.428495,8978,4,8982
2022-05-11 15:31:44.434365,8679,2,8681
2022-05-11 15:31:45.442209,8054,120,8174
2022-05-11 15:31:46.450238,1817,17,1834
2022-05-11 15:31:47.456098,6522,3,6525
2022-05-11 15:31:48.466375,7821,31,7852
2022-05-11 15:31:49.465787,6038,64,6102
2022-05-11 15:31:50.483053,5951,66,6017
2022-05-11 15:31:51.486415,4882,25,4907
2022-05-11 15:31:52.495439,3454,71,3525
2022-05-11 15:31:53.504445,1039,112,1151
2022-05-11 15:31:54.512093,2711,101,2812
2022-05-11 15:31:55.516731,1055,134,1189
2022-05-11 15:31:56.527709,4131,23,4154
2022-05-11 15:31:57.534298,8262,44,8306
2022-05-11 15:31:58.543752,4500,99,4599
2022-05-11 15:31:59.555354,970,51,1021
2022-05-11 15:32:00.560177,8977,46,9023
2022-05-11 15:32:01.565161,6699,95,6794
2022-05-11 15:32:02.572786,6927,13,6940
2022-05-11 15:32:03.580608,1847,62,1909
2022-05-11 15:32:04.588490,3687,83,3770
2022-05-11 15:32:05.590788,7980,33,8013
2022-05-11 15:32:06.598379,7877,86,7963
2022-05-11 15:32:07.607252,1718,4,1722
2022-05-11 15:32:08.616406,1761,82,1843
2022-05-11 15:32:09.626513,3684,85,3769
2022-05-11 15:32:10.626662,899,86,985
2022-05-11 15:32:11.635400,8235,86,8321
2022-05-11 15:32:12.642042,5888,43,5931
2022-05-11 15:32:13.646793,3736,17,3753
2022-05-11 15:32:14.650870,1751,23,1774
2022-05-11 15:32:15.663592,5105,139,5244
2022-05-11 15:32:16.667823,244,22,266
2022-05-11 15:32:17.680037,2151,95,2246
2022-05-11 15:32:18.686745,7461,123,7584
2022-05-11 15:32:19.693080,7338,15,7353
2022-05-11 15:32:20.699522,8036,121,8157
2022-05-11 15:32:21.705611,2828,74,2902
2022-05-11 15:32:22.713239,4633,42,4675
2022-05-11 15:32:23.717151,7069,147,7216
2022-05-11 15:32:24.729557,1352,6,1358
2022-05-11 15:32:25.734823,4459,62,4521
2022-05-11 15:32:26.744574,5433,73,5506
2022-05-11 15:32:27.755169,3031,5,3036
2022-05-11 15:32:28.761125,6604,110,6714
2022-05-11 15:32:29.761221,5633,120,5753
2022-05-11 15:32:30.770572,565,40,605
2022-05-11 15:32:31.774211,6481,96,6577
2022-05-11 15:32:32.778526,1627,120,1747
2022-05-11 15:32:33.784309,6975,61,7036
2022-05-11 15:32:34.785355,3174,72,3246
2022-05-11 15:32:35.794028,3107,77,3184
2022-05-11 15:32:36.798301,5133,37,5170
2022-05-11 15:32:37.804588,5736,75,5811
2022-05-11 15:32:38.809301,5791,22,5813
2022-05-11 15:32:39.813017,6121,123,6244
2022-05-11 15:32:40.824288,4329,43,4372
2022-05-11 15:32:41.828074,5004,67,5071
2022-05-11 15:32:42.835881,3033,129,3162
2022-05-11 15:32:43.838631,2679,102,2781
2022-05-11 15:32:44.850109,5558,82,5640
2022-05-11 15:32:45.850528,1724,145,1869
2022-05-11 15:32:46.860435,8804,116,8920
2022-05-11 15:32:47.868197,416,3,419
2022-05-11 15:32:48.881593,1686,126,1812
2022-05-11 15:32:49.889465,3873,148,4021
2022-05-11 15:32:50.894033,5740,39,5779
2022-05-11 15:32:51.893802,99,44,143
2022-05-11 15:32:52.907584,8439,8,8447
2022-05-11 15:32:53.911053,2874,59,2933
2022-05-11 15:32:54.916592,2753,56,2809
2022-05-11 15:32:55.923445,1201,130,1331
2022-05-11 15:32:56.932242,2835,36,2871
2022-05-11 15:32:57.940470,8508,96,8604
2022-05-11 15:32:59.953279,7429,150,7579
2022-05-11 15:33:00.962254,6191,30,6221
2022-05-11 15:33:01.968164,2015,11,2026
2022-05-11 15:33:02.977662,8232,133,8365
2022-05-11 15:33:03.989034,5248,36,5284
2022-05-11 15:33:04.995746,621,59,680
2022-05-11 15:33:06.002433,3906,94,4000
2022-05-11 15:33:06.995709,3592,35,3627
2022-05-11 15:33:08.009670,7338,45,7383
2022-05-11 15:33:10.023032,1762,73,1835
2022-05-11 15:33:11.037467,5519,98,5617
2022-05-11 15:33:12.039031,1116,87,1203
2022-05-11 15:33:13.046065,8788,133,8921
2022-05-11 15:33:14.047140,3489,47,3536
2022-05-11 15:33:15.049314,3693,49,3742
2022-05-11 15:33:16.059052,5908,103,6011
2022-05-11 15:33:17.068382,4734,49,4783
2022-05-11 15:33:18.081500,3551,48,3599
2022-05-11 15:33:19.083755,3919,128,4047
2022-05-11 15:33:20.088991,1415,108,1523
2022-05-11 15:33:21.096405,1040,51,1091
2022-05-11 15:33:22.108525,3746,140,3886
2022-05-11 15:33:23.109148,3558,123,3681
2022-05-11 15:33:24.114270,8807,112,8919
2022-05-11 15:33:25.126102,4666,114,4780
2022-05-11 15:33:26.132850,6933,50,6983
2022-05-11 15:33:27.141001,880,7,887
2022-05-11 15:33:28.140727,1300,68,1368
2022-05-11 15:33:29.148601,5850,50,5900
2022-05-11 15:33:30.156261,2138,82,2220
2022-05-11 15:33:31.162379,5931,96,6027
2022-05-11 15:33:32.168314,6595,54,6649
2022-05-11 15:33:33.175754,518,45,563
2022-05-11 15:33:34.183932,3644,75,3719
2022-05-11 15:33:35.191942,975,79,1054
2022-05-11 15:33:36.196652,1611,75,1686
2022-05-11 15:33:37.204317,4129,122,4251
2022-05-11 15:33:38.208951,2121,142,2263
2022-05-11 15:33:39.215387,7005,118,7123
2022-05-11 15:33:40.220494,5383,83,5466
2022-05-11 15:33:41.232244,141,105,246
2022-05-11 15:33:42.242414,5261,113,5374
2022-05-11 15:33:43.252958,2004,83,2087
2022-05-11 15:33:44.261674,5502,72,5574
2022-05-11 15:33:45.266271,8886,107,8993
2022-05-11 15:33:46.273144,1120,90,1210
2022-05-11 15:33:47.277851,7175,63,7238
2022-05-11 15:33:48.285483,1699,29,1728
2022-05-11 15:33:49.297512,3075,54,3129
2022-05-11 15:33:50.305467,8794,59,8853
2022-05-11 15:33:51.313448,1041,10,1051
2022-05-11 15:33:53.331022,4959,100,5059
2022-05-11 15:33:54.343749,2106,148,2254
2022-05-11 15:33:55.348214,670,118,788
2022-05-11 15:33:56.356093,4533,76,4609
2022-05-11 15:33:57.367813,5867,136,6003
2022-05-11 15:33:58.367800,8132,8,8140
2022-05-11 15:33:59.371510,2523,82,2605
2022-05-11 15:34:00.378406,357,7,364
2022-05-11 15:34:01.390061,1552,145,1697
2022-05-11 15:34:02.401779,7974,94,8068
2022-05-11 15:34:03.407471,455,1,456
2022-05-11 15:34:04.411498,1853,10,1863
2022-05-11 15:34:05.420665,6581,75,6656
2022-05-11 15:34:06.424649,2530,88,2618
2022-05-11 15:34:07.432711,2889,116,3005
2022-05-11 15:34:08.427211,4686,83,4769
2022-05-11 15:34:09.438571,2669,80,2749
2022-05-11 15:34:10.449657,4838,5,4843
2022-05-11 15:34:11.450636,1077,85,1162
2022-05-11 15:34:12.461066,5597,73,5670
2022-05-11 15:34:13.458701,2574,40,2614
2022-05-11 15:34:14.471036,4331,10,4341
2022-05-11 15:34:15.476970,1362,57,1419
2022-05-11 15:34:16.486872,2222,130,2352
2022-05-11 15:34:17.493347,4907,104,5011
2022-05-11 15:34:19.506969,1417,49,1466
2022-05-11 15:34:20.510355,8274,54,8328
2022-05-11 15:34:21.513541,8581,136,8717
2022-05-11 15:34:22.527204,1761,29,1790
2022-05-11 15:34:23.525682,2594,72,2666
2022-05-11 15:34:24.545957,3570,99,3669
2022-05-11 15:34:25.547899,6511,145,6656
2022-05-11 15:34:26.556027,2392,87,2479
2022-05-11 15:34:27.563664,3948,93,4041
2022-05-11 15:34:28.571545,8809,132,8941
2022-05-11 15:34:29.580801,696,107,803
2022-05-11 15:34:30.588454,8014,1,8015
2022-05-11 15:34:31.600734,6005,91,6096
2022-05-11 15:34:32.609243,8411,13,8424
2022-05-11 15:34:33.619973,1727,38,1765
2022-05-11 15:34:34.629358,416,138,554
2022-05-11 15:34:35.634337,1248,33,1281
2022-05-11 15:34:36.643459,6601,67,6668
2022-05-11 15:34:37.647569,2207,130,2337
2022-05-11 15:34:38.640685,2196,26,2222
2022-05-11 15:34:39.654079,2690,137,2827
2022-05-11 15:34:40.669955,783,105,888
2022-05-11 15:34:41.676092,5939,67,6006
2022-05-11 15:34:42.677068,4064,32,4096
2022-05-11 15:34:43.679555,404,145,549
2022-05-11 15:34:44.685314,5669,66,5735
2022-05-11 15:34:45.690419,7811,126,7937
2022-05-11 15:34:46.703860,8299,94,8393
2022-05-11 15:34:47.709130,8569,65,8634
2022-05-11 15:34:48.713784,5883,68,5951
2022-05-11 15:34:49.724370,8526,132,8658
2022-05-11 15:34:50.728273,7357,124,7481
2022-05-11 15:34:51.739201,7016,88,7104
2022-05-11 15:34:52.751199,395,125,520
2022-05-11 15:34:53.747173,8132,45,8177
2022-05-11 15:34:55.758272,2809,131,2940
2022-05-11 15:34:56.764971,786,146,932
2022-05-11 15:34:57.773182,3019,4,3023
2022-05-11 15:34:58.776852,7896,85,7981
2022-05-11 15:34:59.787786,603,131,734
2022-05-11 15:35:00.793102,4062,83,4145
2022-05-11 15:35:01.801794,2282,51,2333
2022-05-11 15:35:02.806976,2752,136,2888
2022-05-11 15:35:03.814860,2461,70,2531
2022-05-11 15:35:04.820323,2000,133,2133
2022-05-11 15:35:05.828714,3648,37,3685
2022-05-11 15:35:06.830098,2749,76,2825
2022-05-11 15:35:07.838855,4769,52,4821
2022-05-11 15:35:08.842295,7681,56,7737
2022-05-11 15:35:09.848781,1823,13,1836
2022-05-11 15:35:10.850336,8425,150,8575
2022-05-11 15:35:11.858158,2682,59,2741
2022-05-11 15:35:12.865261,1573,31,1604
2022-05-11 15:35:13.869181,2169,135,2304
2022-05-11 15:35:14.876923,6299,42,6341
2022-05-11 15:35:15.881325,5111,79,5190
2022-05-11 15:35:16.889931,1274,23,1297
2022-05-11 15:35:17.898060,1654,4,1658
2022-05-11 15:35:18.920090,6940,124,7064
2022-05-11 15:35:19.916762,7074,123,7197
2022-05-11 15:35:20.929516,4906,128,5034
2022-05-11 15:35:22.940622,8802,118,8920
2022-05-11 15:35:23.944903,2248,35,2283
2022-05-11 15:35:24.956210,8787,15,8802
2022-05-11 15:35:25.962377,8672,84,8756
2022-05-11 15:35:26.965101,4326,96,4422
2022-05-11 15:35:27.970028,7649,60,7709
2022-05-11 15:35:28.976677,7921,63,7984
2022-05-11 15:35:29.981769,5883,18,5901
2022-05-11 15:35:30.990502,3266,75,3341
2022-05-11 15:35:31.994732,5098,105,5203
2022-05-11 15:35:32.995311,7036,69,7105
2022-05-11 15:35:34.006053,7164,54,7218
2022-05-11 15:35:35.014742,1466,119,1585
2022-05-11 15:35:36.020060,1687,62,1749
2022-05-11 15:35:37.026371,6257,148,6405
2022-05-11 15:35:38.034903,3441,100,3541
2022-05-11 15:35:39.042500,3945,85,4030
2022-05-11 15:35:40.039096,4248,22,4270
2022-05-11 15:35:41.049856,4876,96,4972
2022-05-11 15:35:42.055468,1504,21,1525
2022-05-11 15:35:43.064096,6535,63,6598
2022-05-11 15:35:44.070334,6471,137,6608
2022-05-11 15:35:45.085916,6111,87,6198
2022-05-11 15:35:46.090403,5647,87,5734
2022-05-11 15:35:47.094452,1821,21,1842
2022-05-11 15:35:48.105348,1917,144,2061
2022-05-11 15:35:49.114487,1249,134,1383
2022-05-11 15:35:50.122979,5179,24,5203
2022-05-11 15:35:51.132725,3293,37,3330
2022-05-11 15:35:52.136067,4799,109,4908
2022-05-11 15:35:53.147077,6557,133,6690
2022-05-11 15:35:54.146043,6895,78,6973
2022-05-11 15:35:55.142713,6227,122,6349
2022-05-11 15:35:56.160736,6467,13,6480
2022-05-11 15:35:57.167836,3175,122,3297
2022-05-11 15:35:58.174855,3332,46,3378
2022-05-11 15:35:59.182805,5408,143,5551
2022-05-11 15:36:00.190408,7534,150,7684
2022-05-11 15:36:01.197330,2425,12,2437
2022-05-11 15:36:02.206290,6748,22,6770
2022-05-11 15:36:03.210802,5220,78,5298
2022-05-11 15:36:04.218803,5081,102,5183
2022-05-11 15:36:05.225702,773,59,832
2022-05-11 15:36:06.234962,386,99,485
2022-05-11 15:36:07.239446,1049,90,1139
2022-05-11 15:36:08.251400,1860,34,1894
2022-05-11 15:36:09.265334,7379,96,7475
2022-05-11 15:36:10.253764,4174,6,4180
2022-05-11 15:36:11.266665,5494,30,5524
2022-05-11 15:36:12.280051,3184,28,3212
2022-05-11 15:36:13.283646,7528,29,7557
2022-05-11 15:36:14.285747,391,125,516
2022-05-11 15:36:15.297538,4036,44,4080
2022-05-11 15:36:16.302751,5626,106,5732
2022-05-11 15:36:17.304890,3250,71,3321
2022-05-11 15:36:18.317758,2682,34,2716
2022-05-11 15:36:19.324389,7014,30,7044
2022-05-11 15:36:20.322364,5748,125,5873
2022-05-11 15:36:21.324175,415,94,509
2022-05-11 15:36:22.338057,8046,101,8147
2022-05-11 15:36:23.341602,4522,110,4632
2022-05-11 15:36:24.345625,2501,66,2567
2022-05-11 15:36:25.352648,7968,64,8032
2022-05-11 15:36:26.354389,7596,118,7714
2022-05-11 15:36:27.360306,1855,31,1886
2022-05-11 15:36:28.370092,1978,37,2015
2022-05-11 15:36:29.379040,3630,85,3715
2022-05-11 15:36:30.386068,2869,76,2945
2022-05-11 15:36:31.390080,7514,20,7534
2022-05-11 15:36:32.400135,7386,31,7417
2022-05-11 15:36:33.404144,7912,52,7964
2022-05-11 15:36:34.408652,6421,132,6553
2022-05-11 15:36:35.409877,6730,47,6777
2022-05-11 15:36:36.416116,7897,32,7929
2022-05-11 15:36:37.426557,6652,143,6795
2022-05-11 15:36:38.436427,2788,46,2834
2022-05-11 15:36:39.444314,8588,62,8650
2022-05-11 15:36:40.453567,5602,39,5641
2022-05-11 15:36:41.460897,4971,13,4984
2022-05-11 15:36:42.468182,335,38,373
2022-05-11 15:36:43.475504,7958,13,7971
2022-05-11 15:36:44.477522,7410,15,7425
2022-05-11 15:36:45.487187,3889,2,3891
2022-05-11 15:36:46.550854,3456,116,3572
2022-05-11 15:36:48.508156,4982,137,5119
2022-05-11 15:36:49.511607,5175,31,5206
2022-05-11 15:36:50.521052,2787,50,2837
2022-05-11 15:36:51.528249,1350,34,1384
2022-05-11 15:36:52.528172,8652,140,8792
2022-05-11 15:36:53.541844,8033,108,8141
2022-05-11 15:36:54.551826,3075,91,3166
2022-05-11 15:36:55.548607,2794,41,2835
2022-05-11 15:36:56.560450,3115,150,3265
2022-05-11 15:36:57.563635,7500,44,7544
2022-05-11 15:36:58.575552,6214,92,6306
2022-05-11 15:36:59.580289,7381,47,7428
2022-05-11 15:37:00.588321,6234,1,6235
2022-05-11 15:37:01.595314,580,138,718
2022-05-11 15:37:02.603864,4504,143,4647
2022-05-11 15:37:03.603461,6981,62,7043
2022-05-11 15:37:04.610487,3081,123,3204
2022-05-11 15:37:05.618987,1994,103,2097
2022-05-11 15:37:06.623386,8060,77,8137
2022-05-11 15:37:07.632784,3340,148,3488
2022-05-11 15:37:08.638817,8563,135,8698
2022-05-11 15:37:09.648167,2257,122,2379
2022-05-11 15:37:10.649886,174,133,307
2022-05-11 15:37:11.645819,360,53,413
2022-05-11 15:37:12.661860,6234,81,6315
2022-05-11 15:37:13.666587,5555,150,5705
2022-05-11 15:37:14.675918,7761,31,7792
2022-05-11 15:37:15.699433,7925,59,7984
2022-05-11 15:37:16.697811,3952,42,3994
2022-05-11 15:37:17.700844,7535,90,7625
2022-05-11 15:37:18.703936,1372,74,1446
2022-05-11 15:37:19.713219,4682,107,4789
2022-05-11 15:37:20.723117,2515,45,2560
2022-05-11 15:37:21.726532,6103,115,6218
2022-05-11 15:37:22.736207,5195,4,5199
2022-05-11 15:37:23.747304,2633,17,2650
2022-05-11 15:37:24.752954,1525,22,1547
2022-05-11 15:37:25.756008,1226,91,1317
2022-05-11 15:37:26.751861,6219,26,6245
2022-05-11 15:37:27.767261,3654,132,3786
2022-05-11 15:37:28.774407,7072,8,7080
2022-05-11 15:37:29.774629,7057,50,7107
2022-05-11 15:37:30.786109,4007,77,4084
2022-05-11 15:37:31.792345,6115,50,6165
2022-05-11 15:37:32.795073,2880,55,2935
2022-05-11 15:37:33.800436,5121,94,5215
2022-05-11 15:37:34.805837,6699,109,6808
2022-05-11 15:37:35.814142,8377,9,8386
2022-05-11 15:37:36.818818,1629,112,1741
2022-05-11 15:37:37.824321,2539,107,2646
2022-05-11 15:37:38.826341,6445,88,6533
2022-05-11 15:37:39.833542,3028,52,3080
2022-05-11 15:37:40.855780,6873,63,6936
2022-05-11 15:37:41.854945,4465,119,4584
2022-05-11 15:37:42.863225,8741,46,8787
2022-05-11 15:37:43.870090,2231,150,2381
2022-05-11 15:37:44.878491,915,18,933
2022-05-11 15:37:45.885307,6921,17,6938
2022-05-11 15:37:46.891614,7335,54,7389
2022-05-11 15:37:47.897267,5410,39,5449
2022-05-11 15:37:48.905372,8958,136,9094
2022-05-11 15:37:49.910579,7922,146,8068
2022-05-11 15:37:50.911097,5434,26,5460
2022-05-11 15:37:51.921437,726,97,823
2022-05-11 15:37:52.928217,6074,138,6212
2022-05-11 15:37:53.932573,8281,40,8321
2022-05-11 15:37:54.942002,3408,85,3493
2022-05-11 15:37:55.949824,1144,141,1285
2022-05-11 15:37:56.948575,4055,134,4189
2022-05-11 15:37:57.951177,8245,64,8309
2022-05-11 15:37:58.962013,3826,26,3852
2022-05-11 15:37:59.965279,5470,94,5564
2022-05-11 15:38:00.972776,548,148,696
2022-05-11 15:38:01.981879,757,115,872
2022-05-11 15:38:02.977782,3310,101,3411
2022-05-11 15:38:03.993329,8661,133,8794
2022-05-11 15:38:06.001100,5328,102,5430
2022-05-11 15:38:07.013127,4920,9,4929
2022-05-11 15:38:08.009413,6406,85,6491
2022-05-11 15:38:09.019579,1421,142,1563
2022-05-11 15:38:10.024429,8925,55,8980
2022-05-11 15:38:11.039561,3783,7,3790
2022-05-11 15:38:12.043669,5327,28,5355
2022-05-11 15:38:13.048570,5348,97,5445
2022-05-11 15:38:14.059650,560,81,641
2022-05-11 15:38:15.064679,198,82,280
2022-05-11 15:38:16.076984,5817,53,5870
2022-05-11 15:38:17.082517,5991,95,6086
2022-05-11 15:38:18.083493,8148,28,8176
2022-05-11 15:38:19.088481,4113,139,4252
2022-05-11 15:38:20.103222,8859,12,8871
2022-05-11 15:38:21.107523,8886,122,9008
2022-05-11 15:38:22.112131,2024,9,2033
2022-05-11 15:38:23.123794,1465,95,1560
2022-05-11 15:38:24.132489,3690,10,3700
2022-05-11 15:38:25.138434,7913,56,7969
2022-05-11 15:38:26.147018,8987,88,9075
2022-05-11 15:38:27.150981,8767,94,8861
2022-05-11 15:38:28.145806,2523,140,2663
2022-05-11 15:38:29.158801,1674,142,1816
2022-05-11 15:38:30.160649,3960,98,4058
2022-05-11 15:38:31.172129,4482,114,4596
2022-05-11 15:38:32.174378,7153,50,7203
2022-05-11 15:38:33.184770,2242,11,2253
2022-05-11 15:38:34.196314,3404,38,3442
2022-05-11 15:38:35.200128,1823,46,1869
2022-05-11 15:38:36.211296,6947,140,7087
2022-05-11 15:38:37.216206,3345,30,3375
2022-05-11 15:38:38.216982,7041,30,7071
2022-05-11 15:38:39.224583,3848,88,3936
2022-05-11 15:38:40.227094,7255,62,7317
2022-05-11 15:38:41.229500,8979,100,9079
2022-05-11 15:38:42.234944,3385,8,3393
2022-05-11 15:38:43.232548,8585,109,8694
2022-05-11 15:38:44.250289,1935,58,1993
2022-05-11 15:38:45.254253,1498,26,1524
2022-05-11 15:38:46.258908,2930,28,2958
2022-05-11 15:38:47.267485,2722,31,2753
2022-05-11 15:38:48.275429,1052,107,1159
2022-05-11 15:38:49.279573,5691,13,5704
2022-05-11 15:38:50.288724,3777,142,3919
2022-05-11 15:38:51.287504,1678,126,1804
2022-05-11 15:38:53.293828,5484,29,5513
2022-05-11 15:38:54.297073,3874,17,3891
2022-05-11 15:38:55.308527,3049,94,3143
2022-05-11 15:38:56.321066,2898,134,3032
2022-05-11 15:38:57.328001,2101,56,2157
2022-05-11 15:38:58.337148,5073,104,5177
2022-05-11 15:38:59.346030,3636,25,3661
2022-05-11 15:39:00.351570,1099,137,1236
2022-05-11 15:39:01.361786,7913,43,7956
2022-05-11 15:39:02.366973,4163,20,4183
2022-05-11 15:39:03.375132,5955,89,6044
2022-05-11 15:39:04.384180,8634,26,8660
2022-05-11 15:39:05.389676,5713,6,5719
2022-05-11 15:39:06.399869,5565,114,5679
2022-05-11 15:39:07.391936,5927,68,5995
2022-05-11 15:39:08.404880,1653,96,1749
2022-05-11 15:39:09.413676,6632,64,6696
2022-05-11 15:39:10.423674,1950,93,2043
2022-05-11 15:39:11.423751,719,90,809
2022-05-11 15:39:12.437470,257,6,263
2022-05-11 15:39:13.448127,8190,26,8216
2022-05-11 15:39:14.454625,8363,136,8499
2022-05-11 15:39:15.461624,1465,116,1581
2022-05-11 15:39:16.467026,2832,65,2897
2022-05-11 15:39:17.473588,2060,59,2119
2022-05-11 15:39:18.475157,8554,121,8675
2022-05-11 15:39:19.486172,2375,119,2494
2022-05-11 15:39:20.490622,4535,149,4684
2022-05-11 15:39:21.496980,6612,114,6726
2022-05-11 15:39:22.506578,6585,72,6657
2022-05-11 15:39:23.518190,167,46,213
2022-05-11 15:39:24.524670,6114,112,6226
2022-05-11 15:39:25.534074,997,73,1070
2022-05-11 15:39:26.540656,1350,28,1378
2022-05-11 15:39:27.547551,8029,79,8108
2022-05-11 15:39:28.555492,3258,96,3354
2022-05-11 15:39:29.561387,2034,20,2054
2022-05-11 15:39:30.568725,3359,65,3424
2022-05-11 15:39:31.578568,3676,126,3802
2022-05-11 15:39:32.587957,3604,7,3611
2022-05-11 15:39:33.590481,8180,51,8231
2022-05-11 15:39:34.598443,3261,120,3381
2022-05-11 15:39:35.606217,7540,6,7546
2022-05-11 15:39:36.602842,5668,134,5802
2022-05-11 15:39:37.618231,3861,105,3966
2022-05-11 15:39:38.626788,108,24,132
2022-05-11 15:39:39.634504,211,69,280
2022-05-11 15:39:40.638806,2496,122,2618
2022-05-11 15:39:41.647039,4026,142,4168
2022-05-11 15:39:42.655571,8351,42,8393
2022-05-11 15:39:43.664273,3982,4,3986
2022-05-11 15:39:44.660804,6733,81,6814
2022-05-11 15:39:45.666858,2082,16,2098
2022-05-11 15:39:46.682661,6503,110,6613
2022-05-11 15:39:47.690708,8472,73,8545
2022-05-11 15:39:48.700717,2643,18,2661
2022-05-11 15:39:49.704725,4651,141,4792
2022-05-11 15:39:50.711368,5077,76,5153
2022-05-11 15:39:51.720241,7741,6,7747
2022-05-11 15:39:52.726604,3016,150,3166
2022-05-11 15:39:53.732560,8542,60,8602
2022-05-11 15:39:54.738800,8850,51,8901
2022-05-11 15:39:55.749288,7704,127,7831
2022-05-11 15:39:56.754868,5100,50,5150
2022-05-11 15:39:57.762668,8118,145,8263
2022-05-11 15:39:58.768324,1659,23,1682
2022-05-11 15:39:59.760992,7776,90,7866
2022-05-11 15:40:00.775788,8276,9,8285
2022-05-11 15:40:01.787490,8262,145,8407
2022-05-11 15:40:02.797600,6669,32,6701
2022-05-11 15:40:03.808798,5319,85,5404
2022-05-11 15:40:04.812855,1009,82,1091
2022-05-11 15:40:05.820832,7549,78,7627
2022-05-11 15:40:06.822640,6041,93,6134
2022-05-11 15:40:07.836390,2873,65,2938
2022-05-11 15:40:08.843842,2096,137,2233
2022-05-11 15:40:09.850673,2815,150,2965
2022-05-11 15:40:10.855528,6247,8,6255
2022-05-11 15:40:11.862537,4931,129,5060
2022-05-11 15:40:12.871843,5619,52,5671
2022-05-11 15:40:13.876957,2071,76,2147
2022-05-11 15:40:14.868207,3948,75,4023
2022-05-11 15:40:15.880770,8304,24,8328
2022-05-11 15:40:16.890532,359,107,466
2022-05-11 15:40:17.895361,1110,59,1169
2022-05-11 15:40:18.902865,5159,146,5305
2022-05-11 15:40:19.913095,5675,2,5677
2022-05-11 15:40:20.920219,140,112,252
2022-05-11 15:40:21.928188,239,29,268
2022-05-11 15:40:22.936905,5157,4,5161
2022-05-11 15:40:23.942513,8202,83,8285
2022-05-11 15:40:24.951270,1789,55,1844
2022-05-11 15:40:25.957098,1018,30,1048
2022-05-11 15:40:26.966493,6247,73,6320
2022-05-11 15:40:27.975688,612,70,682
2022-05-11 15:40:28.982324,5502,80,5582
2022-05-11 15:40:29.990901,1028,15,1043
2022-05-11 15:40:30.998390,6404,15,6419
2022-05-11 15:40:32.005222,252,58,310
2022-05-11 15:40:33.017259,2576,130,2706
2022-05-11 15:40:34.022143,6752,82,6834
2022-05-11 15:40:35.031969,4883,101,4984
2022-05-11 15:40:36.039188,1919,57,1976
2022-05-11 15:40:37.047499,4079,93,4172
2022-05-11 15:40:38.050152,4053,126,4179
2022-05-11 15:40:39.062435,2740,59,2799
2022-05-11 15:40:40.069832,3216,105,3321
2022-05-11 15:40:41.075013,2397,5,2402
2022-05-11 15:40:42.080486,2571,140,2711
2022-05-11 15:40:43.086105,3883,38,3921
2022-05-11 15:40:44.096339,7898,38,7936
2022-05-11 15:40:45.104030,6411,24,6435
2022-05-11 15:40:46.109379,6543,80,6623
2022-05-11 15:40:47.117289,3868,20,3888
2022-05-11 15:40:48.126063,7421,128,7549
2022-05-11 15:40:49.132913,8512,77,8589
2022-05-11 15:40:50.134375,3117,70,3187
2022-05-11 15:40:51.141092,2267,12,2279
2022-05-11 15:40:52.150290,4359,75,4434
2022-05-11 15:40:53.156547,336,115,451
2022-05-11 15:40:54.165060,8933,103,9036
2022-05-11 15:40:55.161189,2915,33,2948
2022-05-11 15:40:56.169258,7588,113,7701
2022-05-11 15:40:57.175205,1054,83,1137
2022-05-11 15:40:58.181881,7720,126,7846
2022-05-11 15:40:59.188477,7996,27,8023
2022-05-11 15:41:00.185631,5586,7,5593
2022-05-11 15:41:01.197031,3919,28,3947
2022-05-11 15:41:02.212270,5729,142,5871
2022-05-11 15:41:03.218294,610,50,660
2022-05-11 15:41:04.224101,3284,121,3405
2022-05-11 15:41:05.230636,6211,20,6231
2022-05-11 15:41:06.238298,3127,98,3225
2022-05-11 15:41:07.247715,7360,106,7466
2022-05-11 15:41:08.251099,180,85,265
2022-05-11 15:41:09.257433,1685,73,1758
2022-05-11 15:41:10.262206,8002,25,8027
2022-05-11 15:41:11.266511,2194,10,2204
2022-05-11 15:41:12.271117,1125,44,1169
2022-05-11 15:41:13.274733,7241,44,7285
2022-05-11 15:41:14.283247,8498,115,8613
2022-05-11 15:41:15.289552,3607,8,3615
2022-05-11 15:41:16.288722,4784,96,4880
2022-05-11 15:41:17.300282,6625,149,6774
2022-05-11 15:41:18.305689,6295,55,6350
2022-05-11 15:41:19.314312,8439,60,8499
2022-05-11 15:41:20.317218,3130,94,3224
2022-05-11 15:41:21.323119,8550,26,8576
2022-05-11 15:41:22.333539,5573,100,5673
2022-05-11 15:41:23.336329,7817,90,7907
2022-05-11 15:41:24.338845,6252,95,6347
2022-05-11 15:41:25.347287,4049,105,4154
2022-05-11 15:41:26.351683,3011,33,3044
2022-05-11 15:41:27.356203,7757,8,7765
2022-05-11 15:41:28.363493,8838,7,8845
2022-05-11 15:41:29.368483,1633,118,1751
2022-05-11 15:41:30.372739,3664,33,3697
2022-05-11 15:41:31.368659,8641,108,8749
2022-05-11 15:41:32.384234,7131,33,7164
2022-05-11 15:41:33.385886,6834,57,6891
2022-05-11 15:41:34.387642,8644,121,8765
2022-05-11 15:41:35.395706,6552,29,6581
2022-05-11 15:41:36.405229,8718,52,8770
2022-05-11 15:41:37.409965,3552,9,3561
2022-05-11 15:41:38.422588,6474,18,6492
2022-05-11 15:41:40.435395,6272,9,6281
2022-05-11 15:41:41.443359,7583,36,7619
2022-05-11 15:41:42.448248,4824,136,4960
2022-05-11 15:41:43.453085,6433,100,6533
2022-05-11 15:41:44.462942,7562,54,7616
2022-05-11 15:41:45.469078,902,16,918
2022-05-11 15:41:46.463138,5279,126,5405
2022-05-11 15:41:47.476237,8070,92,8162
2022-05-11 15:41:48.479250,3829,68,3897
2022-05-11 15:41:49.489354,2795,31,2826
2022-05-11 15:41:50.489543,1823,129,1952
2022-05-11 15:41:51.503578,5337,52,5389
2022-05-11 15:41:52.509138,5266,59,5325
2022-05-11 15:41:53.518235,6442,87,6529
2022-05-11 15:41:55.528894,5526,12,5538
2022-05-11 15:41:56.533644,3678,47,3725
2022-05-11 15:41:57.542618,1979,101,2080
2022-05-11 15:41:58.548757,4888,32,4920
2022-05-11 15:41:59.549610,785,41,826
2022-05-11 15:42:00.552819,6442,26,6468
2022-05-11 15:42:01.557760,1477,92,1569
2022-05-11 15:42:02.566715,7603,82,7685
2022-05-11 15:42:03.570353,1629,27,1656
2022-05-11 15:42:04.572815,10,10,20
2022-05-11 15:42:05.583531,2116,38,2154
2022-05-11 15:42:06.589259,2016,96,2112
2022-05-11 15:42:07.598923,7828,96,7924
2022-05-11 15:42:08.601775,6386,38,6424
2022-05-11 15:42:09.603284,4842,122,4964
2022-05-11 15:42:10.612136,3671,112,3783
2022-05-11 15:42:11.616979,3932,12,3944
2022-05-11 15:42:12.631093,1168,55,1223
2022-05-11 15:42:13.635148,4921,139,5060
2022-05-11 15:42:14.644234,3053,137,3190
2022-05-11 15:42:15.644031,5399,3,5402
2022-05-11 15:42:16.655607,2003,122,2125
2022-05-11 15:42:17.662474,3023,24,3047
2022-05-11 15:42:18.669546,8413,149,8562
2022-05-11 15:42:19.673826,8509,5,8514
2022-05-11 15:42:20.681971,3471,50,3521
2022-05-11 15:42:21.691846,695,92,787
2022-05-11 15:42:22.697196,2773,125,2898
2022-05-11 15:42:23.703491,4758,79,4837
2022-05-11 15:42:24.708198,5668,12,5680
2022-05-11 15:42:25.716638,7906,47,7953
2022-05-11 15:42:26.726604,7895,24,7919
2022-05-11 15:42:27.736691,1860,117,1977
2022-05-11 15:42:28.746010,1833,103,1936
2022-05-11 15:42:29.754885,495,73,568
2022-05-11 15:42:30.760984,6972,19,6991
2022-05-11 15:42:31.768078,7429,97,7526
2022-05-11 15:42:32.780970,2471,40,2511
2022-05-11 15:42:33.785044,7574,28,7602
2022-05-11 15:42:34.793209,5240,130,5370
2022-05-11 15:42:35.800485,6171,61,6232
2022-05-11 15:42:36.805351,5820,17,5837
2022-05-11 15:42:37.812511,550,72,622
2022-05-11 15:42:38.819784,6452,88,6540
2022-05-11 15:42:39.829572,2175,76,2251
2022-05-11 15:42:40.839075,157,34,191
2022-05-11 15:42:41.844099,1674,100,1774
2022-05-11 15:42:42.856020,7020,55,7075
2022-05-11 15:42:43.864064,8753,61,8814
2022-05-11 15:42:44.873331,6459,52,6511
2022-05-11 15:42:45.878852,8977,106,9083
2022-05-11 15:42:46.888075,8596,145,8741
2022-05-11 15:42:47.881840,5102,89,5191
2022-05-11 15:42:48.894087,5201,91,5292
2022-05-11 15:42:49.901541,5647,88,5735
2022-05-11 15:42:50.908120,5258,34,5292
2022-05-11 15:42:51.918342,4555,136,4691
2022-05-11 15:42:52.926825,2216,7,2223
2022-05-11 15:42:53.933271,5105,145,5250
2022-05-11 15:42:54.941101,1215,122,1337
2022-05-11 15:42:55.947783,3864,139,4003
2022-05-11 15:42:56.958426,257,36,293
2022-05-11 15:42:57.962632,5698,23,5721
2022-05-11 15:42:58.973734,207,86,293
2022-05-11 15:42:59.984129,4016,5,4021
2022-05-11 15:43:00.995852,1100,73,1173
2022-05-11 15:43:02.002129,1387,117,1504
2022-05-11 15:43:02.994686,2525,82,2607
2022-05-11 15:43:04.012856,2275,119,2394
2022-05-11 15:43:05.024109,1045,87,1132
2022-05-11 15:43:07.043362,7614,5,7619
2022-05-11 15:43:08.052239,7056,81,7137
2022-05-11 15:43:09.063504,7250,123,7373
2022-05-11 15:43:10.071547,3143,51,3194
2022-05-11 15:43:11.079410,7231,6,7237
2022-05-11 15:43:12.086897,1121,45,1166
2022-05-11 15:43:13.098853,6921,6,6927
2022-05-11 15:43:14.108173,6208,40,6248
2022-05-11 15:43:15.114360,6680,86,6766
2022-05-11 15:43:16.120625,6509,67,6576
2022-05-11 15:43:17.126894,879,27,906
2022-05-11 15:43:18.119565,1552,78,1630
2022-05-11 15:43:19.135627,7500,122,7622
2022-05-11 15:43:20.141525,2305,83,2388
2022-05-11 15:43:21.148689,7878,80,7958
2022-05-11 15:43:22.166706,6279,3,6282
2022-05-11 15:43:23.168438,2060,15,2075
2022-05-11 15:43:24.176162,3921,11,3932
2022-05-11 15:43:25.179948,3591,94,3685
2022-05-11 15:43:26.186529,6448,104,6552
2022-05-11 15:43:27.192813,5211,71,5282
2022-05-11 15:43:28.199723,698,35,733
2022-05-11 15:43:29.208611,127,34,161
2022-05-11 15:43:30.216025,6325,63,6388
2022-05-11 15:43:31.225760,6258,125,6383
2022-05-11 15:43:32.233274,1949,88,2037
2022-05-11 15:43:33.240453,6435,127,6562
2022-05-11 15:43:34.250937,86,138,224
2022-05-11 15:43:35.257635,7177,68,7245
2022-05-11 15:43:36.268031,7654,123,7777
2022-05-11 15:43:37.276038,3003,113,3116
2022-05-11 15:43:38.286118,388,33,421
2022-05-11 15:43:39.290157,1667,8,1675
2022-05-11 15:43:40.300915,6859,107,6966
2022-05-11 15:43:41.306823,4187,10,4197
2022-05-11 15:43:42.315464,5181,33,5214
2022-05-11 15:43:43.320976,4384,135,4519
2022-05-11 15:43:44.331784,7463,140,7603
2022-05-11 15:43:45.340875,7541,119,7660
2022-05-11 15:43:46.344328,8333,138,8471
2022-05-11 15:43:47.358038,905,92,997
2022-05-11 15:43:48.367741,1084,64,1148
2022-05-11 15:43:49.373324,8000,62,8062
2022-05-11 15:43:50.381502,7771,37,7808
2022-05-11 15:43:51.388314,3756,39,3795
2022-05-11 15:43:52.397979,574,82,656
2022-05-11 15:43:53.407855,901,17,918
2022-05-11 15:43:54.418195,262,61,323
2022-05-11 15:43:55.428544,4726,144,4870
2022-05-11 15:43:56.431587,1654,79,1733
2022-05-11 15:43:57.438954,3559,41,3600
2022-05-11 15:43:58.445869,3962,113,4075
2022-05-11 15:43:59.448357,3619,31,3650
2022-05-11 15:44:00.461112,6523,29,6552
2022-05-11 15:44:01.467583,8106,123,8229
2022-05-11 15:44:02.475788,4115,147,4262
2022-05-11 15:44:03.485836,6187,72,6259
2022-05-11 15:44:04.498048,7201,93,7294
2022-05-11 15:44:05.502967,5395,76,5471
2022-05-11 15:44:06.511205,1957,56,2013
2022-05-11 15:44:07.518839,3872,95,3967
2022-05-11 15:44:08.527113,781,101,882
2022-05-11 15:44:09.535911,1921,49,1970
2022-05-11 15:44:10.538054,8763,128,8891
2022-05-11 15:44:11.545761,7549,19,7568
2022-05-11 15:44:12.551899,4995,11,5006
2022-05-11 15:44:13.551608,3125,113,3238
2022-05-11 15:44:14.562669,633,121,754
2022-05-11 15:44:15.571637,7252,134,7386
2022-05-11 15:44:16.581945,3187,65,3252
2022-05-11 15:44:17.587739,1268,102,1370
2022-05-11 15:44:18.594799,1401,140,1541
2022-05-11 15:44:19.589589,2843,86,2929
2022-05-11 15:44:20.597727,7191,20,7211
2022-05-11 15:44:21.606278,5844,93,5937
2022-05-11 15:44:22.612184,1440,8,1448
2022-05-11 15:44:23.619589,8129,109,8238
2022-05-11 15:44:24.624344,3151,67,3218
2022-05-11 15:44:25.636086,3949,17,3966
2022-05-11 15:44:26.638511,1465,127,1592
2022-05-11 15:44:27.645248,4318,68,4386
2022-05-11 15:44:28.659473,3318,116,3434
2022-05-11 15:44:29.660921,7295,46,7341
2022-05-11 15:44:30.667652,5622,57,5679
2022-05-11 15:44:31.674471,2875,54,2929
2022-05-11 15:44:32.677749,3345,22,3367
2022-05-11 15:44:33.685630,7774,88,7862
2022-05-11 15:44:34.679503,365,57,422
2022-05-11 15:44:35.699022,6194,40,6234
2022-05-11 15:44:36.709571,1943,106,2049
2022-05-11 15:44:37.721739,6074,115,6189
2022-05-11 15:44:38.729874,6834,87,6921
2022-05-11 15:44:39.735822,7901,87,7988
2022-05-11 15:44:40.742080,8143,50,8193
2022-05-11 15:44:41.750863,5003,30,5033
2022-05-11 15:44:42.760996,7575,78,7653
2022-05-11 15:44:43.765886,2098,99,2197
2022-05-11 15:44:44.771683,6652,45,6697
2022-05-11 15:44:45.776857,2455,47,2502
2022-05-11 15:44:46.786464,8270,6,8276
2022-05-11 15:44:47.791928,4377,89,4466
2022-05-11 15:44:48.797397,7033,10,7043
2022-05-11 15:44:49.790888,5303,13,5316
2022-05-11 15:44:50.811333,1555,49,1604
2022-05-11 15:44:52.825189,2855,15,2870
2022-05-11 15:44:53.833772,2818,24,2842
2022-05-11 15:44:54.842760,8601,112,8713
2022-05-11 15:44:55.851847,3686,32,3718
2022-05-11 15:44:56.861496,5769,51,5820
2022-05-11 15:44:57.867115,902,123,1025
2022-05-11 15:44:58.875006,1057,53,1110
2022-05-11 15:44:59.887569,4797,56,4853
2022-05-11 15:45:00.897382,4583,106,4689
2022-05-11 15:45:01.907804,190,95,285
2022-05-11 15:45:02.910456,8457,29,8486
2022-05-11 15:45:03.915027,7642,44,7686
2022-05-11 15:45:04.926849,4848,127,4975
2022-05-11 15:45:05.930954,7950,89,8039
2022-05-11 15:45:06.937831,4282,23,4305
2022-05-11 15:45:07.944833,5564,99,5663
2022-05-11 15:45:08.947124,4342,1,4343
2022-05-11 15:45:09.955805,4427,45,4472
2022-05-11 15:45:10.960443,5483,56,5539
2022-05-11 15:45:11.968220,8264,16,8280
2022-05-11 15:45:12.973264,5223,63,5286
2022-05-11 15:45:13.979270,2304,114,2418
2022-05-11 15:45:14.987278,7296,139,7435
2022-05-11 15:45:15.993145,5213,26,5239
2022-05-11 15:45:17.002366,767,55,822
2022-05-11 15:45:18.002239,3405,49,3454
2022-05-11 15:45:19.011676,5212,120,5332
2022-05-11 15:45:20.016489,1936,141,2077
2022-05-11 15:45:21.027807,3158,76,3234
2022-05-11 15:45:22.032327,4986,111,5097
2022-05-11 15:45:23.035692,6358,67,6425
2022-05-11 15:45:24.049016,5232,105,5337
2022-05-11 15:45:25.061141,8900,18,8918
2022-05-11 15:45:26.068460,3990,102,4092
2022-05-11 15:45:27.076183,7896,128,8024
2022-05-11 15:45:28.081266,5941,63,6004
2022-05-11 15:45:29.091384,7605,67,7672
2022-05-11 15:45:30.096501,817,145,962
2022-05-11 15:45:31.102347,4011,6,4017
2022-05-11 15:45:32.108232,5045,138,5183
2022-05-11 15:45:33.116933,2117,121,2238
2022-05-11 15:45:34.122867,1177,57,1234
2022-05-11 15:45:35.133450,1456,78,1534
2022-05-11 15:45:36.139049,8718,24,8742
2022-05-11 15:45:37.146993,7597,10,7607
2022-05-11 15:45:38.153978,8417,59,8476
2022-05-11 15:45:39.160424,4638,146,4784
2022-05-11 15:45:40.172411,2910,69,2979
2022-05-11 15:45:41.182249,79,111,190
2022-05-11 15:45:42.188689,957,148,1105
2022-05-11 15:45:43.192308,3732,86,3818
2022-05-11 15:45:44.202116,638,149,787
2022-05-11 15:45:45.202812,3246,60,3306
2022-05-11 15:45:46.210197,2299,125,2424
2022-05-11 15:45:47.215923,5203,7,5210
2022-05-11 15:45:48.225717,2215,118,2333
2022-05-11 15:45:49.229328,7882,100,7982
2022-05-11 15:45:50.236802,8157,109,8266
2022-05-11 15:45:51.234164,8942,8,8950
2022-05-11 15:45:52.248044,2504,81,2585
2022-05-11 15:45:53.255807,3053,149,3202
2022-05-11 15:45:54.262608,4382,107,4489
2022-05-11 15:45:55.274319,6238,90,6328
2022-05-11 15:45:56.279892,4404,17,4421
2022-05-11 15:45:57.287536,7185,138,7323
2022-05-11 15:45:58.294569,3677,14,3691
2022-05-11 15:45:59.295003,633,35,668
2022-05-11 15:46:00.306859,4597,98,4695
2022-05-11 15:46:01.311288,2407,17,2424
2022-05-11 15:46:02.322731,510,131,641
2022-05-11 15:46:03.326530,8724,97,8821
2022-05-11 15:46:04.334566,8921,46,8967
2022-05-11 15:46:05.344935,1266,134,1400
2022-05-11 15:46:06.337915,5721,73,5794
2022-05-11 15:46:07.358658,8241,83,8324
2022-05-11 15:46:08.365962,5301,60,5361
2022-05-11 15:46:10.384349,1603,24,1627
2022-05-11 15:46:11.394466,864,86,950
2022-05-11 15:46:12.400408,8447,123,8570
2022-05-11 15:46:13.404736,7669,72,7741
2022-05-11 15:46:14.411523,5168,72,5240
2022-05-11 15:46:15.419866,4670,65,4735
2022-05-11 15:46:16.426334,6461,39,6500
2022-05-11 15:46:17.431759,5127,23,5150
2022-05-11 15:46:18.438962,3428,20,3448
2022-05-11 15:46:19.446470,3543,93,3636
2022-05-11 15:46:20.456517,7641,71,7712
2022-05-11 15:46:21.451264,5252,74,5326
2022-05-11 15:46:22.468923,1819,22,1841
2022-05-11 15:46:23.477927,8721,22,8743
2022-05-11 15:46:24.482420,1691,142,1833
2022-05-11 15:46:25.490891,451,125,576
2022-05-11 15:46:26.501988,1997,79,2076
2022-05-11 15:46:27.501708,477,138,615
2022-05-11 15:46:28.517451,1614,22,1636
2022-05-11 15:46:29.520851,8370,59,8429
2022-05-11 15:46:30.530384,1018,69,1087
2022-05-11 15:46:31.537930,842,3,845
2022-05-11 15:46:32.539663,6166,28,6194
2022-05-11 15:46:33.551953,8210,90,8300
2022-05-11 15:46:34.562990,5321,4,5325
2022-05-11 15:46:35.569262,8517,129,8646
2022-05-11 15:46:36.578242,1653,147,1800
2022-05-11 15:46:37.586452,7230,93,7323
2022-05-11 15:46:38.591852,6790,120,6910
2022-05-11 15:46:39.598626,6221,7,6228
2022-05-11 15:46:40.610304,283,146,429
2022-05-11 15:46:41.612819,2807,131,2938
2022-05-11 15:46:42.622972,4063,52,4115
2022-05-11 15:46:43.631970,8608,60,8668
2022-05-11 15:46:44.640900,7663,44,7707
2022-05-11 15:46:45.653652,8279,67,8346
2022-05-11 15:46:46.658642,8247,110,8357
2022-05-11 15:46:47.668542,3410,36,3446
2022-05-11 15:46:48.675446,1368,95,1463
2022-05-11 15:46:49.684101,3804,60,3864
2022-05-11 15:46:50.694098,2392,60,2452
2022-05-11 15:46:51.702658,1791,80,1871
2022-05-11 15:46:52.710612,1270,17,1287
2022-05-11 15:46:53.716288,7841,99,7940
2022-05-11 15:46:54.721924,438,30,468
2022-05-11 15:46:55.731044,4527,110,4637
2022-05-11 15:46:56.739023,5457,95,5552
2022-05-11 15:46:57.746162,7218,34,7252
2022-05-11 15:46:58.740606,2119,75,2194
2022-05-11 15:46:59.755351,5817,103,5920
2022-05-11 15:47:00.759987,7539,29,7568
2022-05-11 15:47:01.772063,6751,31,6782
2022-05-11 15:47:02.781977,1783,72,1855
2022-05-11 15:47:03.781433,1554,69,1623
2022-05-11 15:47:04.792261,3131,63,3194
2022-05-11 15:47:05.802892,8345,130,8475
2022-05-11 15:47:06.811458,7730,145,7875
2022-05-11 15:47:07.816466,1355,99,1454
2022-05-11 15:47:08.825331,301,8,309
2022-05-11 15:47:09.831591,3275,87,3362
2022-05-11 15:47:10.837856,6101,148,6249
2022-05-11 15:47:11.844064,8018,100,8118
2022-05-11 15:47:12.854413,366,92,458
2022-05-11 15:47:13.861553,386,89,475
2022-05-11 15:47:14.867987,2484,45,2529
2022-05-11 15:47:15.869820,8462,6,8468
2022-05-11 15:47:16.877729,67,87,154
2022-05-11 15:47:17.883385,7119,26,7145
2022-05-11 15:47:18.887886,1848,52,1900
2022-05-11 15:47:19.894417,2667,17,2684
2022-05-11 15:47:20.896151,4803,100,4903
2022-05-11 15:47:21.904987,5939,138,6077
2022-05-11 15:47:22.912812,109,139,248
2022-05-11 15:47:23.924941,2679,108,2787
2022-05-11 15:47:24.926001,4311,53,4364
2022-05-11 15:47:25.932922,3982,121,4103
2022-05-11 15:47:26.933718,2381,58,2439
2022-05-11 15:47:27.943704,240,124,364
2022-05-11 15:47:28.954044,7512,142,7654
2022-05-11 15:47:29.962418,1040,104,1144
2022-05-11 15:47:30.973131,1648,115,1763
2022-05-11 15:47:31.972162,7906,17,7923
2022-05-11 15:47:32.987858,1446,36,1482
2022-05-11 15:47:33.993201,4019,120,4139
2022-05-11 15:47:35.001141,2950,5,2955
2022-05-11 15:47:36.007511,6091,112,6203
2022-05-11 15:47:37.019775,8994,125,9119
2022-05-11 15:47:38.015940,4439,76,4515
2022-05-11 15:47:39.029901,8748,148,8896
2022-05-11 15:47:40.038795,166,88,254
2022-05-11 15:47:41.047963,718,70,788
2022-05-11 15:47:43.062427,8022,91,8113
2022-05-11 15:47:44.091604,5713,100,5813
2022-05-11 15:47:45.087675,2639,148,2787
2022-05-11 15:47:46.091690,1282,30,1312
2022-05-11 15:47:47.107313,447,54,501
2022-05-11 15:47:48.123167,4721,115,4836
2022-05-11 15:47:50.448706,5665,81,5746
2022-05-11 15:47:51.455726,2080,50,2130
2022-05-11 15:47:52.467152,7094,82,7176
2022-05-11 15:47:53.470086,3933,89,4022
2022-05-11 15:47:54.478287,4573,140,4713
2022-05-11 15:47:55.501718,3866,23,3889
2022-05-11 15:47:56.495906,4404,20,4424
2022-05-11 15:47:57.500515,8773,51,8824
2022-05-11 15:47:58.511768,8690,133,8823
2022-05-11 15:47:59.517196,1764,32,1796
2022-05-11 15:48:00.520539,4276,89,4365
2022-05-11 15:48:01.527148,2120,127,2247
2022-05-11 15:48:02.540939,1178,115,1293
2022-05-11 15:48:03.549227,3765,33,3798
2022-05-11 15:48:04.557637,7769,87,7856
2022-05-11 15:48:05.563494,1798,48,1846
2022-05-11 15:48:06.572650,8265,10,8275
2022-05-11 15:48:07.578024,8896,65,8961
2022-05-11 15:48:08.578936,738,51,789
2022-05-11 15:48:09.593800,6371,136,6507
2022-05-11 15:48:10.600301,7528,47,7575
2022-05-11 15:48:11.598452,5099,48,5147
2022-05-11 15:48:12.610098,428,8,436
2022-05-11 15:48:13.619829,5837,84,5921
2022-05-11 15:48:14.626669,1399,7,1406
2022-05-11 15:49:15.027603,2324,120,2444
2022-05-11 15:49:16.036251,4465,16,4481
2022-05-11 15:49:17.043991,2903,5,2908
2022-05-11 15:49:18.053961,1152,14,1166
2022-05-11 15:49:19.063508,8152,33,8185
2022-05-11 15:49:20.073672,7225,54,7279
2022-05-11 15:49:21.080771,2472,7,2479
2022-05-11 15:49:22.087067,3559,20,3579
2022-05-11 15:49:23.081259,4025,126,4151
2022-05-11 15:49:24.099912,6375,120,6495
2022-05-11 15:49:25.106579,3630,32,3662
2022-05-11 15:49:26.114270,2255,105,2360
2022-05-11 15:49:27.119500,5325,86,5411
2022-05-11 15:49:28.127741,8175,34,8209
2022-05-11 15:49:29.133983,1720,93,1813
2022-05-11 15:49:30.140993,8226,15,8241
2022-05-11 15:49:31.148698,5406,109,5515
2022-05-11 15:49:32.156442,7770,27,7797
2022-05-11 15:49:33.162909,975,122,1097
2022-05-11 15:49:34.173478,7045,10,7055
2022-05-11 15:49:35.179410,2830,125,2955
2022-05-11 15:49:36.189913,8314,13,8327
2022-05-11 15:49:37.197690,7110,22,7132
2022-05-11 15:49:38.192369,2618,142,2760
2022-05-11 15:49:39.206624,6671,33,6704
2022-05-11 15:49:40.217976,4641,61,4702
2022-05-11 15:49:41.225697,2341,31,2372
2022-05-11 15:49:42.236768,8285,132,8417
2022-05-11 15:49:43.242439,5893,19,5912
2022-05-11 15:49:44.243066,3019,27,3046
2022-05-11 15:49:45.251076,973,117,1090
2022-05-11 15:49:46.261090,1710,46,1756
2022-05-11 15:49:47.267836,6248,125,6373
2022-05-11 15:49:48.270678,6191,29,6220
2022-05-11 15:49:49.277239,1970,19,1989
2022-05-11 15:49:50.283375,6143,53,6196
2022-05-11 15:49:51.290623,1298,50,1348
2022-05-11 15:49:52.298518,6538,109,6647
2022-05-11 15:49:53.308081,3455,98,3553
2022-05-11 15:49:54.315159,2028,49,2077
2022-05-11 15:49:55.323557,977,136,1113
2022-05-11 15:49:56.325287,3585,147,3732
2022-05-11 15:49:57.330547,4990,139,5129
2022-05-11 15:49:58.337610,6518,48,6566
2022-05-11 15:49:59.348651,2898,110,3008
2022-05-11 15:50:00.357330,8600,13,8613
2022-05-11 15:50:01.363244,3420,42,3462
2022-05-11 15:50:02.374762,5124,32,5156
2022-05-11 15:50:03.384916,7211,61,7272
2022-05-11 15:50:04.392801,5314,60,5374
2022-05-11 15:50:05.396532,5534,41,5575
2022-05-11 15:50:06.406324,3355,24,3379
2022-05-11 15:50:07.411294,4949,6,4955
2022-05-11 15:50:08.420581,501,73,574
2022-05-11 15:50:09.426937,158,130,288
2022-05-11 15:50:10.432224,285,97,382
2022-05-11 15:50:11.438092,6224,148,6372
2022-05-11 15:50:12.443909,4658,117,4775
2022-05-11 15:50:13.447541,7739,8,7747
2022-05-11 15:50:14.453392,530,75,605
2022-05-11 15:50:15.452685,923,9,932
2022-05-11 15:50:16.464671,8888,69,8957
2022-05-11 15:50:17.476119,5687,123,5810
2022-05-11 15:50:18.482661,7397,113,7510
2022-05-11 15:50:19.493506,8683,79,8762
2022-05-11 15:50:20.497857,2362,17,2379
2022-05-11 15:50:21.504808,11,92,103
2022-05-11 15:50:22.514185,3357,2,3359
2022-05-11 15:50:23.525557,6625,84,6709
2022-05-11 15:50:25.539870,6095,106,6201
2022-05-11 15:50:26.545603,1410,19,1429
2022-05-11 15:50:27.549651,1291,49,1340
2022-05-11 15:50:28.563969,6937,134,7071
2022-05-11 15:50:29.573022,2943,150,3093
2022-05-11 15:50:30.576934,8156,115,8271
2022-05-11 15:50:31.587856,4349,95,4444
2022-05-11 15:50:32.594458,3189,75,3264
2022-05-11 15:50:33.605344,4447,79,4526
2022-05-11 15:50:34.610496,6799,20,6819
2022-05-11 15:50:35.620408,6590,58,6648
2022-05-11 15:50:36.628334,3126,88,3214
2022-05-11 15:50:37.640441,7142,80,7222
2022-05-11 15:50:38.644218,2069,37,2106
2022-05-11 15:50:39.642902,5895,21,5916
2022-05-11 15:50:40.656966,3261,60,3321
2022-05-11 15:50:41.662411,2946,27,2973
2022-05-11 15:50:42.670885,7619,87,7706
2022-05-11 15:50:43.680862,1030,13,1043
2022-05-11 15:50:44.684557,3823,8,3831
2022-05-11 15:50:45.690220,4303,16,4319
2022-05-11 15:50:46.698890,4748,50,4798
2022-05-11 15:50:47.708028,3975,123,4098
2022-05-11 15:50:48.716107,8674,1,8675
2022-05-11 15:50:49.729266,1684,147,1831
2022-05-11 15:50:50.725125,4428,9,4437
2022-05-11 15:50:51.737600,6754,19,6773
2022-05-11 15:50:52.745251,2858,140,2998
2022-05-11 15:50:53.752269,2890,36,2926
2022-05-11 15:50:54.744724,6554,149,6703
2022-05-11 15:50:55.763846,8724,47,8771
2022-05-11 15:50:56.760557,2912,99,3011
2022-05-11 15:50:57.774676,3828,122,3950
2022-05-11 15:50:58.780791,985,51,1036
2022-05-11 15:50:59.789927,2654,66,2720
2022-05-11 15:51:00.800221,7257,72,7329
2022-05-11 15:51:01.806277,8487,19,8506
2022-05-11 15:51:02.815716,5362,71,5433
2022-05-11 15:51:03.825768,3543,92,3635
2022-05-11 15:51:04.836966,3236,4,3240
2022-05-11 15:51:05.845910,7264,144,7408
2022-05-11 15:51:06.852595,4717,68,4785
2022-05-11 15:51:07.858390,3689,97,3786
2022-05-11 15:51:08.864208,6512,136,6648
2022-05-11 15:51:09.859623,3117,99,3216
2022-05-11 15:51:10.873638,1066,97,1163
2022-05-11 15:51:11.884881,54,57,111
2022-05-11 15:51:12.892356,7110,88,7198
2022-05-11 15:51:13.902029,158,31,189
2022-05-11 15:51:14.902207,3203,26,3229
2022-05-11 15:51:15.910048,2060,131,2191
2022-05-11 15:51:16.922135,8536,40,8576
2022-05-11 15:51:17.922242,7821,79,7900
2022-05-11 15:51:18.933226,2109,32,2141
2022-05-11 15:51:19.930524,5530,65,5595
2022-05-11 15:51:20.951261,5924,143,6067
2022-05-11 15:51:21.963935,8352,97,8449
2022-05-11 15:51:22.956011,3318,122,3440
2022-05-11 15:51:23.962506,7979,78,8057
2022-05-11 15:51:24.973144,4469,111,4580
2022-05-11 15:51:25.985991,4257,64,4321
2022-05-11 15:51:26.985802,6369,71,6440
2022-05-11 15:51:27.988807,8201,107,8308
2022-05-11 15:51:29.003421,5333,104,5437
2022-05-11 15:51:30.004808,5626,14,5640
2022-05-11 15:51:31.013320,4697,66,4763
2022-05-11 15:51:32.022311,96,10,106
2022-05-11 15:51:33.028003,1501,27,1528
2022-05-11 15:51:34.033891,3480,3,3483
2022-05-11 15:51:35.043814,5457,78,5535
2022-05-11 15:51:36.044894,3129,113,3242
2022-05-11 15:51:37.051178,2345,59,2404
2022-05-11 15:51:38.051537,8891,90,8981
2022-05-11 15:51:39.059571,8325,53,8378
2022-05-11 15:51:40.066380,7114,98,7212
2022-05-11 15:51:41.074533,6948,106,7054
2022-05-11 15:51:42.083307,3663,53,3716
2022-05-11 15:51:43.095376,7698,18,7716
2022-05-11 15:51:44.106819,874,62,936
2022-05-11 16:06:09.662324,6557,43,6600
2022-05-11 16:06:10.668786,6922,86,7008
2022-05-11 16:06:11.676889,4894,31,4925
2022-05-11 16:06:12.684224,5862,59,5921
2022-05-11 16:06:13.687745,5203,34,5237
2022-05-11 16:06:14.693277,2203,57,2260
2022-05-11 16:06:15.700486,6883,142,7025
2022-05-11 16:06:16.706032,5843,139,5982
2022-05-11 16:06:17.709871,6288,35,6323
2022-05-11 16:06:18.716908,3905,21,3926
2022-05-11 16:06:19.723479,6236,114,6350
2022-05-11 16:06:20.717218,868,3,871
2022-05-11 16:06:21.731494,8185,118,8303
2022-05-11 16:06:22.737391,4664,123,4787
2022-05-11 16:06:24.755141,7324,70,7394
2022-05-11 16:06:25.749286,1937,20,1957
2022-05-11 16:06:26.761340,8474,141,8615
2022-05-11 16:06:27.774473,5320,53,5373
2022-05-11 16:06:28.777292,256,59,315
2022-05-11 16:06:29.784303,8872,56,8928
2022-05-11 16:06:30.790845,4310,10,4320
2022-05-11 16:06:31.798313,615,115,730
2022-05-11 16:06:32.808602,4540,80,4620
2022-05-11 16:06:33.816873,8510,67,8577
2022-05-11 16:06:34.828905,7880,94,7974
2022-05-11 16:06:35.820839,6898,38,6936
2022-05-11 16:06:36.838114,8916,8,8924
2022-05-11 16:06:37.840764,1347,147,1494
2022-05-11 16:06:38.850026,2973,101,3074
2022-05-11 16:06:39.859427,8086,48,8134
2022-05-11 16:06:40.866001,5464,149,5613
2022-05-11 16:06:41.872253,2498,73,2571
2022-05-11 16:06:42.878871,1671,89,1760
2022-05-11 16:06:43.887280,5391,107,5498
2022-05-11 16:06:44.892178,6402,114,6516
2022-05-11 16:06:45.897357,6813,73,6886
2022-05-11 16:06:46.905910,8474,37,8511
2022-05-11 16:06:47.912279,7284,149,7433
2022-05-11 16:06:48.915486,3624,118,3742
2022-05-11 16:06:49.927550,3177,64,3241
2022-05-11 16:06:50.920361,5690,132,5822
2022-05-11 16:06:51.935812,6473,103,6576
2022-05-11 16:06:52.942865,7254,34,7288
2022-05-11 16:06:53.941645,6684,127,6811
2022-05-11 16:06:54.953760,8033,145,8178
2022-05-11 16:06:55.963687,8904,111,9015
2022-05-11 16:06:56.968213,5109,122,5231
2022-05-11 16:06:57.976441,2737,31,2768
2022-05-11 16:06:58.985324,928,123,1051
2022-05-11 16:06:59.993727,2984,32,3016
2022-05-11 16:07:00.999301,5922,18,5940
2022-05-11 16:07:02.004624,7671,104,7775
2022-05-11 16:07:03.007289,1869,55,1924
2022-05-11 16:07:04.017507,8947,60,9007
2022-05-11 16:07:05.027001,5350,139,5489
2022-05-11 16:07:06.030587,7986,60,8046
2022-05-11 16:07:07.040922,56,54,110
2022-05-11 16:07:08.051803,4361,87,4448
2022-05-11 16:07:09.059098,582,3,585
2022-05-11 16:07:10.073132,2452,116,2568
2022-05-11 16:07:11.076397,5328,122,5450
2022-05-11 16:07:12.082902,3825,150,3975
2022-05-11 16:07:13.091054,7844,124,7968
2022-05-11 16:07:14.094818,1635,28,1663
2022-05-11 16:07:15.099528,3686,79,3765
2022-05-11 16:07:16.110880,5809,131,5940
2022-05-11 16:07:17.116916,211,81,292
2022-05-11 16:07:18.127758,8455,57,8512
2022-05-11 16:07:19.133406,4745,92,4837
2022-05-11 16:07:20.139640,1203,110,1313
2022-05-11 16:07:21.149786,6877,34,6911
2022-05-11 16:07:22.154511,7535,49,7584
2022-05-11 16:07:23.162546,5928,96,6024
2022-05-11 16:07:24.169160,2619,2,2621
2022-05-11 16:07:25.162372,6039,79,6118
2022-05-11 16:07:26.177382,5434,117,5551
2022-05-11 16:07:27.184912,3170,91,3261
2022-05-11 16:07:28.190674,5419,107,5526
2022-05-11 16:07:29.198188,8497,91,8588
2022-05-11 16:07:30.206851,5598,114,5712
2022-05-11 16:07:31.217426,6419,94,6513
2022-05-11 16:07:32.222879,1145,104,1249
2022-05-11 16:07:33.231900,6932,49,6981
2022-05-11 16:07:34.238346,1467,98,1565
2022-05-11 16:07:35.246916,1351,131,1482
2022-05-11 16:07:36.255585,5623,23,5646
2022-05-11 16:07:37.260524,6073,16,6089
2022-05-11 16:07:38.265859,725,90,815
2022-05-11 16:07:39.275291,3316,29,3345
2022-05-11 16:07:40.282347,537,79,616
2022-05-11 16:07:41.292416,4200,30,4230
2022-05-11 16:07:42.303010,1261,33,1294
2022-05-11 16:07:44.314284,2102,7,2109
2022-05-11 16:07:45.323010,6758,29,6787
2022-05-11 16:07:46.327250,6977,47,7024
2022-05-11 16:07:47.334503,7380,28,7408
2022-05-11 16:07:48.340761,7305,150,7455
2022-05-11 16:07:49.350685,8689,90,8779
2022-05-11 16:07:50.355663,3035,3,3038
2022-05-11 16:07:51.359135,1589,17,1606
2022-05-11 16:07:52.363094,6139,17,6156
2022-05-11 16:07:53.367947,8260,131,8391
2022-05-11 16:07:54.376648,2875,94,2969
2022-05-11 16:07:55.394797,675,26,701
2022-05-11 16:07:56.397015,7123,50,7173
2022-05-11 16:07:57.405219,1665,16,1681
2022-05-11 16:07:58.407395,6514,19,6533
2022-05-11 16:07:59.417802,2732,63,2795
2022-05-11 16:08:00.424966,8081,107,8188
2022-05-11 16:08:01.428552,4395,13,4408
2022-05-11 16:08:02.440458,3921,72,3993
2022-05-11 16:08:04.450786,31,138,169
2022-05-11 16:08:05.459556,8119,89,8208
2022-05-11 16:08:06.465522,391,131,522
2022-05-11 16:08:07.463158,8091,88,8179
2022-05-11 16:08:08.482349,5418,132,5550
2022-05-11 16:08:09.493004,5761,100,5861
2022-05-11 16:08:10.501025,6060,142,6202
2022-05-11 16:08:11.503060,2809,78,2887
2022-05-11 16:08:12.513838,7090,68,7158
2022-05-11 16:08:13.521376,1007,10,1017
2022-05-11 16:08:14.528928,6366,95,6461
2022-05-11 16:08:15.533736,4605,120,4725
2022-05-11 16:08:16.539127,2856,140,2996
2022-05-11 16:08:17.546762,1743,141,1884
2022-05-11 16:08:18.555505,3483,22,3505
2022-05-11 16:08:19.557651,8900,143,9043
2022-05-11 16:08:20.573860,8047,114,8161
2022-05-11 16:08:21.577267,2706,47,2753
2022-05-11 16:08:22.573915,4452,66,4518
2022-05-11 16:08:23.588863,4106,76,4182
2022-05-11 16:08:24.599088,4571,106,4677
2022-05-11 16:08:25.607685,8208,49,8257
2022-05-11 16:08:26.616411,2211,63,2274
2022-05-11 16:08:27.622373,1686,14,1700
2022-05-11 16:08:28.627276,3099,36,3135
2022-05-11 16:08:29.634881,901,20,921
2022-05-11 16:08:30.634132,5818,19,5837
2022-05-11 16:08:31.643331,6677,39,6716
2022-05-11 16:08:32.647726,3293,22,3315
2022-05-11 16:08:33.652424,3348,24,3372
2022-05-11 16:08:34.659404,3083,90,3173
2022-05-11 16:08:35.663171,8604,83,8687
2022-05-11 16:08:36.670023,535,57,592
2022-05-11 16:08:37.671245,2347,11,2358
2022-05-11 16:08:38.678965,4549,94,4643
2022-05-11 16:08:39.683889,119,149,268
2022-05-11 16:08:40.694412,3740,147,3887
2022-05-11 16:08:41.705691,418,138,556
2022-05-11 16:08:42.713317,8474,4,8478
2022-05-11 16:08:43.715190,7223,72,7295
2022-05-11 16:08:44.723850,8935,35,8970
2022-05-11 16:08:45.730417,500,72,572
2022-05-11 16:08:46.740695,7456,104,7560
2022-05-11 16:08:47.749409,2707,58,2765
2022-05-11 16:08:48.752387,697,108,805
2022-05-11 16:08:49.760596,6897,82,6979
2022-05-11 16:08:50.772716,5854,28,5882
2022-05-11 16:08:51.777166,6236,139,6375
2022-05-11 16:08:52.783870,2458,25,2483
2022-05-11 16:08:53.792564,243,84,327
2022-05-11 16:08:54.802006,5104,32,5136
2022-05-11 16:08:55.802246,2037,67,2104
2022-05-11 16:08:56.811697,3391,87,3478
2022-05-11 16:08:57.817306,858,21,879
2022-05-11 16:08:58.817335,2559,93,2652
2022-05-11 16:08:59.825304,1944,93,2037
2022-05-11 16:09:00.838772,789,85,874
2022-05-11 16:09:01.846305,7258,145,7403
2022-05-11 16:09:02.846420,6204,60,6264
2022-05-11 16:09:03.851332,8084,6,8090
2022-05-11 16:09:04.859613,8584,109,8693
2022-05-11 16:09:05.869291,2879,70,2949
2022-05-11 16:09:06.878296,8383,60,8443
2022-05-11 16:09:07.881471,6815,95,6910
2022-05-11 16:09:08.886780,4002,96,4098
2022-05-11 16:09:09.895555,4561,91,4652
2022-05-11 16:09:10.907445,547,115,662
2022-05-11 16:09:11.911505,2481,142,2623
2022-05-11 16:09:12.911567,8569,96,8665
2022-05-11 16:09:13.921588,1309,116,1425
2022-05-11 16:09:14.929501,3444,129,3573
2022-05-11 16:09:15.939591,7331,103,7434
2022-05-11 16:09:16.947753,7896,77,7973
2022-05-11 16:09:17.954443,3193,74,3267
2022-05-11 16:09:19.971833,3272,149,3421
2022-05-11 16:09:20.976977,2255,78,2333
2022-05-11 16:09:21.984436,4404,120,4524
2022-05-11 16:09:22.994523,3548,121,3669
2022-05-11 16:09:23.992336,4388,35,4423
2022-05-11 16:09:25.002395,7991,86,8077
2022-05-11 16:09:26.007010,872,76,948
2022-05-11 16:09:27.013417,553,56,609
2022-05-11 16:09:28.021610,8165,148,8313
2022-05-11 16:09:29.018355,8846,100,8946
2022-05-11 16:09:30.033895,8119,48,8167
2022-05-11 16:09:31.042807,2803,4,2807
2022-05-11 16:09:32.050317,7552,92,7644
2022-05-11 16:09:33.058620,4306,111,4417
2022-05-11 16:09:34.064647,8302,105,8407
2022-05-11 16:09:35.073666,7742,81,7823
2022-05-11 16:09:36.078959,408,71,479
2022-05-11 16:09:37.088019,5324,83,5407
2022-05-11 16:09:38.094855,768,39,807
2022-05-11 16:09:39.086502,2444,38,2482
2022-05-11 16:09:40.103112,6137,33,6170
2022-05-11 16:09:41.141772,5426,100,5526
2022-05-11 16:09:42.118002,6280,78,6358
2022-05-11 16:09:43.130285,5533,35,5568
2022-05-11 16:09:44.138482,305,147,452
2022-05-11 16:09:45.140476,5044,40,5084
2022-05-11 16:09:46.150286,6295,72,6367
2022-05-11 16:09:47.161057,7317,146,7463
2022-05-11 16:09:48.170585,8937,125,9062
2022-05-11 16:09:49.181458,2881,58,2939
2022-05-11 16:09:50.189170,6207,90,6297
2022-05-11 16:09:51.188199,3928,23,3951
2022-05-11 16:09:52.190195,3319,94,3413
2022-05-11 16:09:53.195997,8177,147,8324
2022-05-11 16:09:54.195669,1122,99,1221
2022-05-11 16:09:55.205451,1318,36,1354
2022-05-11 16:09:56.211469,6136,47,6183
2022-05-11 16:09:57.222376,7093,146,7239
2022-05-11 16:09:58.224559,8638,55,8693
2022-05-11 16:09:59.228239,1118,61,1179
2022-05-11 16:10:00.235079,1279,116,1395
2022-05-11 16:10:01.241627,7783,36,7819
2022-05-11 16:10:02.245209,518,1,519
2022-05-11 16:10:03.251511,3477,101,3578
2022-05-11 16:10:04.256514,837,117,954
2022-05-11 16:10:05.260769,3233,90,3323
2022-05-11 16:10:06.269159,584,146,730
2022-05-11 16:10:07.272793,14,126,140
2022-05-11 16:10:08.275223,7770,118,7888
2022-05-11 16:10:09.288653,5931,150,6081
2022-05-11 16:10:10.295327,5357,8,5365
2022-05-11 16:10:11.300035,1108,3,1111
2022-05-11 16:10:12.307899,331,22,353
2022-05-11 16:10:13.307787,8615,132,8747
2022-05-11 16:10:14.316622,3072,35,3107
2022-05-11 16:10:15.321749,4026,101,4127
2022-05-11 16:10:16.325777,643,16,659
2022-05-11 16:10:17.332789,8272,33,8305
2022-05-11 16:10:18.338868,6015,99,6114
2022-05-11 16:10:19.341501,8798,58,8856
2022-05-11 16:10:20.348364,7728,101,7829
2022-05-11 16:10:21.355720,3425,97,3522
2022-05-11 16:10:22.353189,1700,57,1757
2022-05-11 16:10:23.362687,7055,57,7112
2022-05-11 16:10:24.368517,86,93,179
2022-05-11 16:10:25.377485,7268,37,7305
2022-05-11 16:10:26.379998,8314,14,8328
2022-05-11 16:10:27.383333,743,58,801
2022-05-11 16:10:28.388322,2530,128,2658
2022-05-11 16:10:29.391188,2927,61,2988
2022-05-11 16:10:30.398590,8979,104,9083
2022-05-11 16:10:31.406457,110,144,254
2022-05-11 16:10:32.406237,8644,53,8697
2022-05-11 16:10:33.410486,7387,122,7509
2022-05-11 16:10:34.415005,6024,129,6153
2022-05-11 16:10:35.422074,5309,150,5459
2022-05-11 16:10:36.430232,1999,56,2055
2022-05-11 16:10:37.436842,8240,66,8306
2022-05-11 16:10:38.439834,7756,57,7813
2022-05-11 16:10:39.446700,3370,25,3395
2022-05-11 16:10:40.445764,7746,118,7864
2022-05-11 16:10:41.461513,2525,96,2621
2022-05-11 16:10:42.465513,5589,53,5642
2022-05-11 16:10:43.467719,1587,84,1671
2022-05-11 16:10:44.478514,2807,45,2852
2022-05-11 16:10:45.486138,7042,132,7174
2022-05-11 16:10:46.491213,1230,28,1258
2022-05-11 16:10:47.494184,35,75,110
2022-05-11 16:10:48.499260,1903,59,1962
2022-05-11 16:10:49.509793,8538,24,8562
2022-05-11 16:10:50.513951,8771,33,8804
2022-05-11 16:10:51.518406,6606,76,6682
2022-05-11 16:10:52.522199,5665,14,5679
2022-05-11 16:10:53.528466,2064,100,2164
2022-05-11 16:10:54.531325,3005,19,3024
2022-05-11 16:10:55.528823,7937,64,8001
2022-05-11 16:10:56.538687,2959,55,3014
2022-05-11 16:10:57.543478,301,58,359
2022-05-11 16:10:58.550060,1707,88,1795
2022-05-11 16:10:59.557574,1433,88,1521
2022-05-11 16:11:00.562231,6157,128,6285
2022-05-11 16:11:01.564474,4903,19,4922
2022-05-11 16:11:02.572664,6455,4,6459
2022-05-11 16:11:03.580685,8054,114,8168
2022-05-11 16:11:04.583707,4618,83,4701
2022-05-11 16:11:05.586711,3040,149,3189
2022-05-11 16:11:06.591762,4889,101,4990
2022-05-11 16:11:07.598734,8826,141,8967
2022-05-11 16:11:08.603112,8529,13,8542
2022-05-11 16:11:09.606185,8574,34,8608
2022-05-11 16:11:10.605333,4793,47,4840
2022-05-11 16:11:11.619124,7953,95,8048
2022-05-11 16:11:12.622919,4387,60,4447
2022-05-11 16:11:13.626035,1505,14,1519
2022-05-11 16:11:14.629356,8911,106,9017
2022-05-11 16:11:15.632224,744,136,880
2022-05-11 16:11:16.636632,7245,13,7258
2022-05-11 16:11:17.645330,8583,69,8652
2022-05-11 16:11:18.645813,34,130,164
2022-05-11 16:11:19.651848,7031,2,7033
2022-05-11 16:11:20.657142,2921,32,2953
2022-05-11 16:11:21.664963,2602,109,2711
2022-05-11 16:11:22.678249,614,49,663
2022-05-11 16:11:23.679897,582,107,689
2022-05-11 16:11:24.687870,6747,3,6750
2022-05-11 16:11:25.689303,5544,149,5693
2022-05-11 16:11:26.695096,1775,111,1886
2022-05-11 16:11:27.699048,7308,65,7373
2022-05-11 16:11:28.703249,4023,147,4170
2022-05-11 16:11:29.708061,4720,39,4759
2022-05-11 16:11:30.713136,3052,63,3115
2022-05-11 16:11:31.716085,7482,61,7543
2022-05-11 16:11:32.723401,187,77,264
2022-05-11 16:11:33.735976,8980,99,9079
2022-05-11 16:11:34.734840,286,122,408
2022-05-11 16:11:35.738363,6590,76,6666
2022-05-11 16:11:36.748205,8209,94,8303
2022-05-11 16:11:37.753988,6676,78,6754
2022-05-11 16:11:38.762681,8408,105,8513
2022-05-11 16:11:39.773422,4638,19,4657
2022-05-11 16:11:40.773463,7961,79,8040
2022-05-11 16:11:41.786892,4951,123,5074
2022-05-11 16:11:42.789032,5611,39,5650
2022-05-11 16:11:43.792973,3179,38,3217
2022-05-11 16:11:44.801892,7331,4,7335
2022-05-11 16:11:45.808685,5357,139,5496
2022-05-11 16:11:46.814953,6550,7,6557
2022-05-11 16:11:47.820824,1117,108,1225
2022-05-11 16:11:48.827585,8261,127,8388
2022-05-11 16:11:49.833517,7753,54,7807
2022-05-11 16:11:50.843311,4719,24,4743
2022-05-11 16:11:51.849135,4364,61,4425
2022-05-11 16:11:52.861986,1735,11,1746
2022-05-11 16:11:53.865979,7157,84,7241
2022-05-11 16:11:54.874465,4132,3,4135
2022-05-11 16:11:55.879762,5896,15,5911
2022-05-11 16:11:56.894128,7067,149,7216
2022-05-11 16:11:57.889974,310,53,363
2022-05-11 16:11:58.903685,543,105,648
2022-05-11 16:11:59.905562,6191,86,6277
2022-05-11 16:12:00.909478,3378,10,3388
2022-05-11 16:12:01.912106,1500,72,1572
2022-05-11 16:12:02.914721,8672,1,8673
2022-05-11 16:12:03.925873,2704,120,2824
2022-05-11 16:12:04.923900,8324,71,8395
2022-05-11 16:12:05.928866,4600,23,4623
2022-05-11 16:12:06.933787,3448,16,3464
2022-05-11 16:12:07.940907,5769,103,5872
2022-05-11 16:12:08.944290,4629,80,4709
2022-05-11 16:12:09.944783,330,49,379
2022-05-11 16:12:10.952150,3297,105,3402
2022-05-11 16:12:11.952386,8940,45,8985
2022-05-11 16:12:12.961455,1599,20,1619
2022-05-11 16:12:13.967355,5637,143,5780
2022-05-11 16:12:14.972431,5512,147,5659
2022-05-11 16:12:15.980858,732,52,784
2022-05-11 16:12:16.987422,8196,144,8340
2022-05-11 16:12:17.981458,4191,64,4255
2022-05-11 16:12:18.997478,5616,112,5728
2022-05-11 16:12:19.999456,7417,65,7482
2022-05-11 16:12:21.010775,4361,72,4433
2022-05-11 16:12:22.013304,915,122,1037
2022-05-11 16:12:23.012858,8176,133,8309
2022-05-11 16:12:24.021293,1210,137,1347
2022-05-11 16:12:25.028394,1918,118,2036
2022-05-11 16:12:26.029888,3855,144,3999
2022-05-11 16:12:27.035319,7530,84,7614
2022-05-11 16:12:28.038659,1385,102,1487
2022-05-11 16:12:29.045357,7490,150,7640
2022-05-11 16:12:30.052699,2240,125,2365
2022-05-11 16:12:31.053701,1194,70,1264
2022-05-11 16:12:32.064697,7660,63,7723
2022-05-11 16:12:33.073563,6653,75,6728
2022-05-11 16:12:34.076374,2313,54,2367
2022-05-11 16:12:35.080473,6063,34,6097
2022-05-11 16:12:37.096186,4769,16,4785
2022-05-11 16:12:38.102194,4832,28,4860
2022-05-11 16:12:39.105139,4711,35,4746
2022-05-11 16:12:40.112143,1255,136,1391
2022-05-11 16:12:41.122260,3832,127,3959
2022-05-11 16:12:42.122904,4330,93,4423
2022-05-11 16:12:43.126020,1518,105,1623
2022-05-11 16:12:44.130772,7581,6,7587
2022-05-11 16:12:45.134657,944,99,1043
2022-05-11 16:12:46.138117,3479,132,3611
2022-05-11 16:12:47.146086,4650,120,4770
2022-05-11 16:12:48.154257,3976,42,4018
2022-05-11 16:12:49.158252,8061,90,8151
2022-05-11 16:12:50.173561,4480,45,4525
2022-05-11 16:12:51.170244,1716,128,1844
2022-05-11 16:12:52.179753,8521,77,8598
2022-05-11 16:12:53.181523,8493,10,8503
2022-05-11 16:12:54.187475,963,148,1111
2022-05-11 16:12:55.187988,1321,5,1326
2022-05-11 16:12:56.191876,8773,121,8894
2022-05-11 16:12:57.209269,6028,45,6073
2022-05-11 16:12:58.210808,7132,126,7258
2022-05-11 16:12:59.217673,6109,140,6249
2022-05-11 16:13:00.224980,1324,100,1424
2022-05-11 16:13:01.232203,877,126,1003
2022-05-11 16:13:02.235077,8729,71,8800
2022-05-11 16:13:03.239579,4158,109,4267
2022-05-11 16:13:04.243089,38,93,131
2022-05-11 16:13:05.250541,5142,76,5218
2022-05-11 16:13:06.252183,4033,129,4162
2022-05-11 16:13:07.255501,7922,46,7968
2022-05-11 16:13:08.267298,6217,37,6254
2022-05-11 16:13:09.270037,2666,109,2775
2022-05-11 16:13:10.274597,969,110,1079
2022-05-11 16:13:11.279679,5893,106,5999
2022-05-11 16:13:12.286157,944,90,1034
2022-05-11 16:13:13.285034,4918,93,5011
2022-05-11 16:13:14.295374,1719,113,1832
2022-05-11 16:13:15.300049,4767,129,4896
2022-05-11 16:13:16.306404,4169,138,4307
2022-05-11 16:13:17.307600,7714,139,7853
2022-05-11 16:13:18.316561,8396,107,8503
2022-05-11 16:13:19.317049,8966,91,9057
2022-05-11 16:13:20.328021,7699,56,7755
2022-05-11 16:13:21.336475,7537,69,7606
2022-05-11 16:13:22.342342,5231,55,5286
2022-05-11 16:13:23.343224,6853,27,6880
2022-05-11 16:13:24.349924,1865,131,1996
2022-05-11 16:13:25.356003,4011,36,4047
2022-05-11 16:13:26.361315,5457,31,5488
2022-05-11 16:13:27.367349,4261,149,4410
2022-05-11 16:13:28.364977,7856,141,7997
2022-05-11 16:13:29.371336,803,92,895
2022-05-11 16:13:30.376791,4874,149,5023
2022-05-11 16:13:31.379927,6791,72,6863
2022-05-11 16:13:32.389396,8078,97,8175
2022-05-11 16:13:33.391118,4107,21,4128
2022-05-11 16:13:34.396458,5338,15,5353
2022-05-11 16:13:35.395011,4731,19,4750
2022-05-11 16:13:36.403851,6735,26,6761
2022-05-11 16:13:37.412628,5524,76,5600
2022-05-11 16:13:38.420056,5209,42,5251
2022-05-11 16:13:39.428163,2353,83,2436
2022-05-11 16:13:40.436161,3422,137,3559
2022-05-11 16:13:41.443005,5656,136,5792
2022-05-11 16:13:42.444697,1747,108,1855
2022-05-11 16:13:43.453070,3416,107,3523
2022-05-11 16:13:44.456050,8937,98,9035
2022-05-11 16:13:45.461703,3486,86,3572
2022-05-11 16:13:46.471326,4421,137,4558
2022-05-11 16:13:47.475018,1887,79,1966
2022-05-11 16:13:48.481564,4115,44,4159
2022-05-11 16:13:49.483102,8964,134,9098
2022-05-11 16:13:50.489667,7187,76,7263
2022-05-11 16:13:51.497995,8477,129,8606
2022-05-11 16:13:52.500100,6108,47,6155
2022-05-11 16:13:53.505204,7953,33,7986
2022-05-11 16:13:54.509070,3314,78,3392
2022-05-11 16:13:55.513481,67,134,201
2022-05-11 16:13:56.523586,1151,100,1251
2022-05-11 16:13:57.525575,1693,125,1818
2022-05-11 16:13:58.529820,2548,53,2601
2022-05-11 16:13:59.533146,7157,115,7272
2022-05-11 16:14:00.540248,1454,148,1602
2022-05-11 16:14:01.544850,1530,89,1619
2022-05-11 16:14:02.547299,8757,68,8825
2022-05-11 16:14:03.553851,2998,92,3090
2022-05-11 16:14:04.559314,3344,106,3450
2022-05-11 16:14:05.566191,7129,59,7188
2022-05-11 16:14:06.568602,7774,98,7872
2022-05-11 16:14:07.576777,6093,28,6121
2022-05-11 16:14:08.578622,4992,87,5079
2022-05-11 16:14:09.585266,4292,9,4301
2022-05-11 16:14:10.590403,1984,143,2127
2022-05-11 16:14:11.606076,2723,94,2817
2022-05-11 16:14:12.605956,4188,138,4326
2022-05-11 16:14:13.612428,7523,4,7527
2022-05-11 16:14:14.616022,5281,135,5416
2022-05-11 16:14:15.625362,5844,107,5951
2022-05-11 16:14:16.631898,5183,64,5247
2022-05-11 16:14:17.637645,2087,122,2209
2022-05-11 16:14:18.639212,116,67,183
2022-05-11 16:14:19.643156,620,84,704
2022-05-11 16:14:20.650491,8894,150,9044
2022-05-11 16:14:21.657957,4245,71,4316
2022-05-11 16:14:22.663464,3398,110,3508
2022-05-11 16:14:23.668339,2376,81,2457
2022-05-11 16:14:24.668018,8823,136,8959
2022-05-11 16:14:25.669878,6255,54,6309
2022-05-11 16:14:26.675403,2085,78,2163
2022-05-11 16:14:27.693087,4835,36,4871
2022-05-11 16:14:28.699848,1763,20,1783
2022-05-11 16:14:29.694909,7631,63,7694
2022-05-11 16:14:30.705985,4975,94,5069
2022-05-11 16:14:31.706890,1325,60,1385
2022-05-11 16:14:32.711419,6825,60,6885
2022-05-11 16:14:33.717902,1684,74,1758
2022-05-11 16:14:34.724383,3771,70,3841
2022-05-11 16:14:36.737776,6444,140,6584
2022-05-11 16:14:37.742365,4995,43,5038
2022-05-11 16:14:38.747393,8113,143,8256
2022-05-11 16:14:39.752368,620,143,763
2022-05-11 16:14:40.763962,8188,22,8210
2022-05-11 16:14:41.768280,1132,73,1205
2022-05-11 16:14:42.774783,8785,133,8918
2022-05-11 16:14:43.783076,8618,130,8748
2022-05-11 16:14:44.781183,6410,70,6480
2022-05-11 16:14:45.793242,2970,14,2984
2022-05-11 16:14:46.797123,8773,91,8864
2022-05-11 16:14:47.799805,8604,44,8648
2022-05-11 16:14:48.811676,1887,5,1892
2022-05-11 16:14:49.812446,6356,116,6472
2022-05-11 16:14:50.812386,4005,130,4135
2022-05-11 16:14:51.818206,4198,4,4202
2022-05-11 16:14:52.824346,1698,36,1734
2022-05-11 16:14:54.833948,887,36,923
2022-05-11 16:14:55.838362,1067,2,1069
2022-05-11 16:14:56.842948,7762,115,7877
2022-05-11 16:14:57.847149,5626,73,5699
2022-05-11 16:14:58.848671,1404,14,1418
2022-05-11 16:14:59.854851,5246,134,5380
2022-05-11 16:15:00.858346,3525,118,3643
2022-05-11 16:15:01.860255,994,87,1081
2022-05-11 16:15:02.865653,5319,18,5337
2022-05-11 16:15:03.876696,4356,99,4455
2022-05-11 16:15:04.881312,1623,106,1729
2022-05-11 16:15:05.890219,563,6,569
2022-05-11 16:15:06.897718,6783,10,6793
2022-05-11 16:15:07.903336,5383,144,5527
2022-05-11 16:15:08.904793,1966,56,2022
2022-05-11 16:15:09.904665,1533,137,1670
2022-05-11 16:15:10.914364,1539,122,1661
2022-05-11 16:15:11.923200,1247,96,1343
2022-05-11 16:15:12.930767,1535,114,1649
2022-05-11 16:15:13.934043,6842,5,6847
2022-05-11 16:15:14.935806,3871,56,3927
2022-05-11 16:15:15.944287,6644,94,6738
2022-05-11 16:15:16.956071,3728,46,3774
2022-05-11 16:15:17.959764,5309,12,5321
2022-05-11 16:15:18.964663,8601,37,8638
2022-05-11 16:15:19.969429,4723,16,4739
2022-05-11 16:15:20.977651,154,142,296
2022-05-11 16:15:21.976936,5046,21,5067
2022-05-11 16:15:22.985367,7101,142,7243
2022-05-11 16:15:23.992287,4786,87,4873
2022-05-11 16:15:24.994589,1783,122,1905
2022-05-11 16:15:25.999728,4556,116,4672
2022-05-11 16:15:27.009051,7696,88,7784
2022-05-11 16:15:28.016781,4325,96,4421
2022-05-11 16:15:29.019017,8111,111,8222
2022-05-11 16:15:30.029374,2411,15,2426
2022-05-11 16:15:31.025929,5764,32,5796
2022-05-11 16:15:32.038781,6852,145,6997
2022-05-11 16:15:33.040459,3801,34,3835
2022-05-11 16:15:34.046774,1296,107,1403
2022-05-11 16:15:35.049357,4440,146,4586
2022-05-11 16:15:36.061336,4178,119,4297
2022-05-11 16:15:37.069820,2802,94,2896
2022-05-11 16:15:38.071864,6310,133,6443
2022-05-11 16:15:39.079111,4797,109,4906
2022-05-11 16:15:40.082884,776,27,803
2022-05-11 16:15:41.085230,5105,126,5231
2022-05-11 16:15:42.089625,7102,111,7213
2022-05-11 16:15:43.090922,7270,15,7285
2022-05-11 16:15:44.096892,7340,97,7437
2022-05-11 16:15:45.100218,7751,141,7892
2022-05-11 16:15:46.099522,419,82,501
2022-05-11 16:15:47.105221,3008,130,3138
2022-05-11 16:15:48.107404,8737,28,8765
2022-05-11 16:15:49.112592,309,100,409
2022-05-11 16:15:50.121073,1329,73,1402
2022-05-11 16:15:52.132530,2227,17,2244
2022-05-11 16:15:53.139562,2888,15,2903
2022-05-11 16:15:54.142723,500,5,505
2022-05-11 16:15:55.147113,763,3,766
2022-05-11 16:15:56.152963,4089,73,4162
2022-05-11 16:15:57.158991,7776,44,7820
2022-05-11 16:15:58.165508,5236,80,5316
2022-05-11 16:15:59.166002,4417,144,4561
2022-05-11 16:16:00.171720,7932,104,8036
2022-05-11 16:16:01.174425,3062,145,3207
2022-05-11 16:16:02.182322,4667,62,4729
2022-05-11 16:16:03.186516,2640,69,2709
2022-05-11 16:16:04.196232,497,122,619
2022-05-11 16:16:05.203338,1948,65,2013
2022-05-11 16:16:06.207598,1821,3,1824
2022-05-11 16:16:07.212009,8491,47,8538
2022-05-11 16:16:08.216449,3453,49,3502
2022-05-11 16:16:09.220600,6142,92,6234
2022-05-11 16:16:10.228402,3495,88,3583
2022-05-11 16:16:11.234301,2084,118,2202
2022-05-11 16:16:12.239302,8486,58,8544
2022-05-11 16:16:13.245324,901,140,1041
2022-05-11 16:16:14.249227,5653,66,5719
2022-05-11 16:16:15.251581,4756,78,4834
2022-05-11 16:16:16.257157,6341,110,6451
2022-05-11 16:16:17.261952,2059,112,2171
2022-05-11 16:16:18.269959,2067,34,2101
2022-05-11 16:16:19.272863,7394,30,7424
2022-05-11 16:16:20.281958,7027,52,7079
2022-05-11 16:16:21.287376,5358,98,5456
2022-05-11 16:16:22.291934,4218,94,4312
2022-05-11 16:16:23.294194,1041,122,1163
2022-05-11 16:16:24.301926,3298,70,3368
2022-05-11 16:16:25.303619,7641,58,7699
2022-05-11 16:16:26.311572,3381,65,3446
2022-05-11 16:16:27.315956,2033,83,2116
2022-05-11 16:16:28.320856,2944,77,3021
2022-05-11 16:16:29.328938,5162,16,5178
2022-05-11 16:16:30.330342,1332,34,1366
2022-05-11 16:16:31.334407,8195,103,8298
2022-05-11 16:16:32.337485,3760,21,3781
2022-05-11 16:16:33.347962,4525,97,4622
2022-05-11 16:16:34.351848,403,63,466
2022-05-11 16:16:35.355858,2097,87,2184
2022-05-11 16:16:36.361141,2534,70,2604
2022-05-11 16:16:37.364056,8347,6,8353
2022-05-11 16:16:38.368973,1151,121,1272
2022-05-11 16:16:39.371379,381,39,420
2022-05-11 16:16:40.381511,5671,98,5769
2022-05-11 16:16:41.385600,5716,14,5730
2022-05-11 16:16:42.390145,725,64,789
2022-05-11 16:16:43.392519,244,108,352
2022-05-11 16:16:44.399157,531,134,665
2022-05-11 16:16:45.404695,4732,112,4844
2022-05-11 16:16:46.410785,4675,121,4796
2022-05-11 16:16:47.409838,8283,9,8292
2022-05-11 16:16:48.417428,4941,59,5000
2022-05-11 16:16:49.419946,8023,129,8152
2022-05-11 16:16:50.424639,6850,43,6893
2022-05-11 16:16:51.432348,2059,69,2128
2022-05-11 16:16:52.436674,1174,4,1178
2022-05-11 16:16:53.438923,662,97,759
2022-05-11 16:16:54.442915,2149,136,2285
2022-05-11 16:16:55.448957,6393,71,6464
2022-05-11 16:16:56.452637,4521,7,4528
2022-05-11 16:16:57.457567,861,43,904
2022-05-11 16:16:58.465632,3842,12,3854
2022-05-11 16:16:59.471142,733,30,763
2022-05-11 16:17:00.474133,8340,33,8373
2022-05-11 16:17:01.481158,1454,148,1602
2022-05-11 16:17:02.490134,2345,18,2363
2022-05-11 16:17:03.489233,8352,5,8357
2022-05-11 16:17:04.492661,1305,119,1424
2022-05-11 16:17:05.501910,4288,87,4375
2022-05-11 16:17:06.504236,5808,105,5913
2022-05-11 16:17:07.508833,3479,14,3493
2022-05-11 16:17:08.522818,4717,132,4849
2022-05-11 16:17:09.526097,3571,53,3624
2022-05-11 16:17:10.532916,6555,83,6638
2022-05-11 16:17:11.536812,3371,15,3386
2022-05-11 16:17:12.547004,5360,93,5453
2022-05-11 16:17:13.551858,3637,113,3750
2022-05-11 16:17:14.560425,6772,43,6815
2022-05-11 16:17:15.556275,8176,119,8295
2022-05-11 16:17:16.572452,764,124,888
2022-05-11 16:17:17.581536,6044,77,6121
2022-05-11 16:17:18.587794,1913,29,1942
2022-05-11 16:17:19.602106,951,111,1062
2022-05-11 16:17:20.596138,4587,139,4726
2022-05-11 16:17:21.604949,2915,88,3003
2022-05-11 16:17:22.614127,813,115,928
2022-05-11 16:17:23.624673,8479,123,8602
2022-05-11 16:17:24.635761,1441,108,1549
2022-05-11 16:17:25.632352,7767,29,7796
2022-05-11 16:17:26.636429,6837,54,6891
2022-05-11 16:17:27.648507,8214,58,8272
2022-05-11 16:17:28.656532,6963,12,6975
2022-05-11 16:17:30.665739,3204,107,3311
2022-05-11 16:17:31.673005,4280,55,4335
2022-05-11 16:17:32.674106,1505,63,1568
2022-05-11 16:17:33.690675,6678,44,6722
2022-05-11 16:17:34.694459,7353,74,7427
2022-05-11 16:17:35.701252,8549,84,8633
2022-05-11 16:17:36.715715,7343,150,7493
2022-05-11 16:17:37.718542,1093,112,1205
2022-05-11 16:17:38.729459,2833,1,2834
2022-05-11 16:17:39.731418,8411,52,8463
2022-05-11 16:17:40.732777,7804,40,7844
2022-05-11 16:17:41.738723,4318,150,4468
2022-05-11 16:17:42.745475,7753,135,7888
2022-05-11 16:17:43.751596,6794,67,6861
2022-05-11 16:17:44.762389,1606,34,1640
2022-05-11 16:17:45.762291,8115,108,8223
2022-05-11 16:17:46.771035,4328,54,4382
2022-05-11 16:17:47.776035,5943,103,6046
2022-05-11 16:17:48.775905,3248,34,3282
2022-05-11 16:17:49.786796,1012,104,1116
2022-05-11 16:17:50.794434,1239,62,1301
2022-05-11 16:17:51.805617,4063,88,4151
2022-05-11 16:17:52.809539,1023,132,1155
2022-05-11 16:17:53.817504,6606,70,6676
2022-05-11 16:17:54.821002,4360,48,4408
2022-05-11 16:17:55.832497,2991,33,3024
2022-05-11 16:17:56.837363,3794,92,3886
2022-05-11 16:17:57.837676,2656,41,2697
2022-05-11 16:17:58.851519,3805,28,3833
2022-05-11 16:17:59.853536,1569,42,1611
2022-05-11 16:18:00.861901,184,32,216
2022-05-11 16:18:01.872305,35,119,154
2022-05-11 16:18:02.882397,3588,63,3651
2022-05-11 16:18:03.876335,56,15,71
2022-05-11 16:18:04.895416,7723,96,7819
2022-05-11 16:18:05.900616,8998,121,9119
2022-05-11 16:18:06.903553,7144,132,7276
2022-05-11 16:18:07.906970,7564,66,7630
2022-05-11 16:18:08.915486,4545,12,4557
2022-05-11 16:18:09.921254,672,49,721
2022-05-11 16:18:10.931567,2991,141,3132
2022-05-11 16:18:11.939528,3203,57,3260
2022-05-11 16:18:12.942818,3453,95,3548
2022-05-11 16:18:13.951547,7089,104,7193
2022-05-11 16:18:14.955169,4248,118,4366
2022-05-11 16:18:15.962196,1110,103,1213
2022-05-11 16:18:16.963509,1382,140,1522
2022-05-11 16:18:17.973643,5624,126,5750
2022-05-11 16:18:18.981137,4730,142,4872
2022-05-11 16:18:19.976203,8710,148,8858
2022-05-11 16:18:20.994011,3743,77,3820
2022-05-11 16:18:21.999398,1197,88,1285
2022-05-11 16:18:23.010014,2566,39,2605
2022-05-11 16:18:24.015305,2124,102,2226
2022-05-11 16:18:25.020609,7377,67,7444
2022-05-11 16:18:26.025354,4228,75,4303
2022-05-11 16:18:27.032953,1549,108,1657
2022-05-11 16:18:28.038300,5680,1,5681
2022-05-11 16:18:29.044793,798,16,814
2022-05-11 16:18:30.051424,5469,36,5505
2022-05-11 16:18:31.059072,3196,65,3261
2022-05-11 16:18:32.058809,3302,68,3370
2022-05-11 16:18:33.064605,4352,111,4463
2022-05-11 16:18:34.069346,5087,31,5118
2022-05-11 16:18:35.076307,2837,86,2923
2022-05-11 16:18:36.081534,4688,78,4766
2022-05-11 16:18:37.083169,5866,27,5893
2022-05-11 16:18:38.086182,7904,72,7976
2022-05-11 16:18:39.101613,1691,101,1792
2022-05-11 16:18:40.103517,2384,96,2480
2022-05-11 16:18:41.108775,7620,86,7706
2022-05-11 16:18:42.122750,4034,55,4089
2022-05-11 16:18:43.133365,6592,98,6690
2022-05-11 16:18:44.133937,2229,84,2313
2022-05-11 16:18:45.137226,7903,52,7955
2022-05-11 16:18:46.145222,6792,69,6861
2022-05-11 16:18:47.149688,6354,21,6375
2022-05-11 16:18:48.147913,5503,141,5644
2022-05-11 16:18:49.155906,6750,133,6883
2022-05-11 16:18:50.165128,1052,58,1110
2022-05-11 16:18:51.170802,6003,17,6020
2022-05-11 16:18:52.175910,1749,26,1775
2022-05-11 16:18:53.178483,5518,126,5644
2022-05-11 16:18:54.183901,7516,132,7648
2022-05-11 16:18:55.196639,8336,16,8352
2022-05-11 16:18:56.198441,5847,64,5911
2022-05-11 16:18:57.210339,1851,17,1868
2022-05-11 16:18:58.212585,2823,111,2934
2022-05-11 16:18:59.215535,5003,98,5101
2022-05-11 16:19:00.229588,6459,124,6583
2022-05-11 16:19:01.232875,7057,52,7109
2022-05-11 16:19:02.238157,3004,37,3041
2022-05-11 16:19:03.247579,3242,87,3329
2022-05-11 16:19:04.249453,3705,54,3759
2022-05-11 16:19:05.245734,3410,36,3446
2022-05-11 16:19:07.270277,6611,127,6738
2022-05-11 16:19:08.270450,8764,71,8835
2022-05-11 16:19:09.283485,8425,104,8529
2022-05-11 16:19:10.286237,7394,103,7497
2022-05-11 16:19:11.297978,6374,133,6507
2022-05-11 16:19:12.302962,8156,96,8252
2022-05-11 16:19:13.315172,4280,33,4313
2022-05-11 16:19:14.320216,1973,32,2005
2022-05-11 16:19:15.328245,5913,34,5947
2022-05-11 16:19:16.339250,5256,17,5273
2022-05-11 16:19:17.342059,7967,15,7982
2022-05-11 16:19:18.347630,8470,61,8531
2022-05-11 16:19:19.359860,8027,41,8068
2022-05-11 16:19:20.351258,1954,64,2018
2022-05-11 16:19:21.364818,2198,97,2295
2022-05-11 16:19:22.367238,7375,117,7492
2022-05-11 16:19:23.378594,7916,100,8016
2022-05-11 16:19:24.385936,2000,92,2092
2022-05-11 16:19:25.389192,7819,135,7954
2022-05-11 16:19:26.401233,35,34,69
2022-05-11 16:19:27.402221,6425,94,6519
2022-05-11 16:19:28.414037,1690,54,1744
2022-05-11 16:19:29.423195,1422,97,1519
2022-05-11 16:19:30.436164,5725,91,5816
2022-05-11 16:19:31.442711,5020,55,5075
2022-05-11 16:19:32.453415,1585,91,1676
2022-05-11 16:19:33.464552,6515,9,6524
2022-05-11 16:19:34.471797,5014,145,5159
2022-05-11 16:19:35.479737,6422,134,6556
2022-05-11 16:19:36.485258,4456,93,4549
2022-05-11 16:19:37.494689,4929,63,4992
2022-05-11 16:19:38.503572,5410,19,5429
2022-05-11 16:19:39.511087,558,47,605
2022-05-11 16:19:40.521895,2749,14,2763
2022-05-11 16:19:41.522256,7429,116,7545
2022-05-11 16:19:42.534531,6008,111,6119
2022-05-11 16:19:43.536692,646,61,707
2022-05-11 16:19:44.549448,4845,56,4901
2022-05-11 16:19:45.556905,7539,21,7560
2022-05-11 16:19:46.567072,3819,31,3850
2022-05-11 16:19:47.579651,8871,80,8951
2022-05-11 16:19:48.583313,6097,118,6215
2022-05-11 16:19:49.589765,3312,110,3422
2022-05-11 16:19:50.597223,8068,81,8149
2022-05-11 16:19:51.597253,3978,110,4088
2022-05-11 16:19:52.602280,5408,32,5440
2022-05-11 16:19:53.614258,6993,85,7078
2022-05-11 16:19:54.613095,5261,7,5268
2022-05-11 16:19:55.625997,2936,96,3032
2022-05-11 16:19:56.638692,1517,136,1653
2022-05-11 16:19:57.643203,3933,124,4057
2022-05-11 16:19:58.649816,7832,136,7968
2022-05-11 16:20:00.666261,7404,96,7500
2022-05-11 16:20:01.672979,1287,88,1375
2022-05-11 16:20:02.680340,40,119,159
2022-05-11 16:20:03.684165,6752,95,6847
2022-05-11 16:20:04.689174,7186,118,7304
2022-05-11 16:20:05.691332,7289,107,7396
2022-05-11 16:20:06.705928,4028,11,4039
2022-05-11 16:20:07.711972,6085,144,6229
2022-05-11 16:20:08.719537,8554,136,8690
2022-05-11 16:20:09.727283,1442,124,1566
2022-05-11 16:20:10.735856,6209,107,6316
2022-05-11 16:20:11.745544,1872,80,1952
2022-05-11 16:20:12.748857,6011,144,6155
2022-05-11 16:20:13.758547,8703,75,8778
2022-05-11 16:20:14.769505,6949,78,7027
2022-05-11 16:20:15.779537,2243,94,2337
2022-05-11 16:20:16.787654,496,2,498
2022-05-11 16:20:17.797077,6955,30,6985
2022-05-11 16:20:18.802484,5685,38,5723
2022-05-11 16:20:19.815227,5765,133,5898
2022-05-11 16:20:20.822284,5272,108,5380
2022-05-11 16:20:21.830150,1448,6,1454
2022-05-11 16:20:22.839857,6783,79,6862
2022-05-11 16:20:23.848663,6326,73,6399
2022-05-11 16:20:24.852544,6969,124,7093
2022-05-11 16:20:25.858387,925,92,1017
2022-05-11 16:20:26.866273,2804,120,2924
2022-05-11 16:20:27.874827,4238,123,4361
2022-05-11 16:20:28.880058,5298,64,5362
2022-05-11 16:20:29.887964,1444,65,1509
2022-05-11 16:20:30.891433,3152,46,3198
2022-05-11 16:20:31.900419,8679,122,8801
2022-05-11 16:20:32.907011,8296,60,8356
2022-05-11 16:20:33.915207,1178,19,1197
2022-05-11 16:20:34.921561,1404,101,1505
2022-05-11 16:20:35.926274,6070,70,6140
2022-05-11 16:20:36.925414,1542,113,1655
2022-05-11 16:20:37.940903,4652,93,4745
2022-05-11 16:20:38.954741,6810,55,6865
2022-05-11 16:20:39.958064,2611,111,2722
2022-05-11 16:20:40.966409,6439,51,6490
2022-05-11 16:20:41.972855,7652,120,7772
2022-05-11 16:20:42.981271,8975,31,9006
2022-05-11 16:20:43.989301,4457,47,4504
2022-05-11 16:20:44.998564,8060,15,8075
2022-05-11 16:20:46.000420,936,90,1026
2022-05-11 16:20:47.013970,6124,91,6215
2022-05-11 16:20:48.018786,7487,30,7517
2022-05-11 16:20:49.027759,4853,147,5000
2022-05-11 16:20:50.034308,1217,142,1359
2022-05-11 16:20:51.039106,8165,128,8293
2022-05-11 16:20:52.033684,6997,108,7105
2022-05-11 16:20:53.044778,1322,125,1447
2022-05-11 16:20:54.049310,7807,61,7868
2022-05-11 16:20:55.058815,3586,110,3696
2022-05-11 16:20:56.070529,8322,74,8396
2022-05-11 16:20:57.071812,6124,80,6204
2022-05-11 16:20:58.079294,1439,83,1522
2022-05-11 16:20:59.087418,7006,121,7127
2022-05-11 16:21:00.089984,1610,119,1729
2022-05-11 16:21:01.098957,2686,52,2738
2022-05-11 16:21:02.111636,1123,62,1185
2022-05-11 16:21:03.113566,1863,123,1986
2022-05-11 16:21:04.118530,4055,126,4181
2022-05-11 16:21:05.125606,8580,134,8714
2022-05-11 16:21:06.134949,3894,3,3897
2022-05-11 16:21:07.141125,2442,135,2577
2022-05-11 16:21:08.145334,1235,52,1287
2022-05-11 16:21:09.152271,3600,138,3738
2022-05-11 16:21:10.162516,6566,84,6650
2022-05-11 16:21:11.173115,3430,58,3488
2022-05-11 16:21:12.182455,7950,103,8053
2022-05-11 16:21:13.188312,5940,38,5978
2022-05-11 16:21:14.199278,1658,70,1728
2022-05-11 16:21:15.207238,1781,30,1811
2022-05-11 16:21:16.208101,8655,107,8762
2022-05-11 16:21:17.222481,3974,135,4109
2022-05-11 16:21:18.228118,7197,25,7222
2022-05-11 16:21:19.234786,5418,138,5556
2022-05-11 16:21:20.246258,962,143,1105
2022-05-11 16:21:21.253140,7869,75,7944
2022-05-11 16:21:22.260977,1168,16,1184
2022-05-11 16:21:23.271790,1466,36,1502
2022-05-11 16:21:24.281002,2825,123,2948
2022-05-11 16:21:25.289244,5313,41,5354
2022-05-11 16:21:26.299511,1948,18,1966
2022-05-11 16:21:27.302997,6269,47,6316
2022-05-11 16:21:28.300872,1801,98,1899
2022-05-11 16:21:29.311757,8050,86,8136
2022-05-11 16:21:30.318786,7823,150,7973
2022-05-11 16:21:31.318933,2673,67,2740
2022-05-11 16:21:32.333934,3049,82,3131
2022-05-11 16:21:33.332510,1437,75,1512
2022-05-11 16:21:34.344024,542,88,630
2022-05-11 16:21:35.352303,3347,49,3396
2022-05-11 16:21:36.361844,5605,42,5647
2022-05-11 16:21:37.374632,44,127,171
2022-05-11 16:21:38.383778,7095,138,7233
2022-05-11 16:21:39.385950,4068,101,4169
2022-05-11 16:21:40.391720,6053,44,6097
2022-05-11 16:21:41.393742,987,20,1007
2022-05-11 16:21:42.404508,7525,25,7550
2022-05-11 16:21:43.412687,1510,90,1600
2022-05-11 16:21:44.416939,3279,148,3427
2022-05-11 16:21:45.430922,2271,125,2396
2022-05-11 16:21:46.436963,2999,56,3055
2022-05-11 16:21:47.449256,1465,6,1471
2022-05-11 16:21:48.454640,8952,52,9004
2022-05-11 16:21:49.462443,4112,44,4156
2022-05-11 16:21:50.467934,2260,107,2367
2022-05-11 16:21:51.475645,3754,28,3782
2022-05-11 16:21:52.480975,7933,68,8001
2022-05-11 16:21:53.482583,5215,24,5239
2022-05-11 16:21:54.499602,8060,149,8209
2022-05-11 16:21:55.506758,5118,106,5224
2022-05-11 16:21:56.512160,968,42,1010
2022-05-11 16:21:57.519956,503,3,506
2022-05-11 16:21:58.525858,1526,34,1560
2022-05-11 16:21:59.532036,1926,40,1966
2022-05-11 16:22:00.538832,5280,7,5287
2022-05-11 16:22:01.538546,7475,29,7504
2022-05-11 16:22:02.545540,2099,143,2242
2022-05-11 16:22:03.551600,4928,24,4952
2022-05-11 16:22:04.562492,7794,39,7833
2022-05-11 16:22:05.570043,6467,47,6514
2022-05-11 16:22:06.568330,371,5,376
2022-05-11 16:22:07.579971,5141,74,5215
2022-05-11 16:22:08.574729,5655,20,5675
2022-05-11 16:22:09.590936,7659,50,7709
2022-05-11 16:22:10.598185,4917,96,5013
2022-05-11 16:22:11.602678,4681,83,4764
2022-05-11 16:22:12.609459,1658,26,1684
2022-05-11 16:22:13.620512,5417,123,5540
2022-05-11 16:22:14.627329,6155,31,6186
2022-05-11 16:22:15.632133,3538,142,3680
2022-05-11 16:22:16.642223,5638,75,5713
2022-05-11 16:22:17.645669,2507,14,2521
2022-05-11 16:22:18.651409,3646,127,3773
2022-05-11 16:22:19.658332,60,106,166
2022-05-11 16:22:20.666275,2136,59,2195
2022-05-11 16:22:21.677355,7576,47,7623
2022-05-11 16:22:22.686641,7452,145,7597
2022-05-11 16:22:23.679439,244,131,375
2022-05-11 16:22:24.694701,1705,85,1790
2022-05-11 16:22:25.700636,4447,46,4493
2022-05-11 16:22:26.711529,5746,46,5792
2022-05-11 16:22:27.710488,373,4,377
2022-05-11 16:22:28.722031,8939,140,9079
2022-05-11 16:22:29.730452,3595,40,3635
2022-05-11 16:22:30.741368,7967,31,7998
2022-05-11 16:22:31.750389,1386,118,1504
2022-05-11 16:22:32.753143,5616,126,5742
2022-05-11 16:22:33.758691,4012,150,4162
2022-05-11 16:22:34.760579,7612,147,7759
2022-05-11 16:22:35.769339,3562,83,3645
2022-05-11 16:22:36.774498,1836,24,1860
2022-05-11 16:22:37.791216,3414,10,3424
2022-05-11 16:22:38.800402,2833,64,2897
2022-05-11 16:22:39.866602,399,71,470
2022-05-11 16:22:40.875566,8463,96,8559
2022-05-11 16:22:41.893489,2729,110,2839
2022-05-11 16:22:42.903360,6615,80,6695
2022-05-11 16:22:43.913950,7014,72,7086
2022-05-11 16:22:44.920202,8685,59,8744
2022-05-11 16:22:45.934716,2989,67,3056
2022-05-11 16:22:46.970542,1567,34,1601
2022-05-11 16:22:47.981651,5649,148,5797
2022-05-11 16:22:48.986699,132,74,206
2022-05-11 16:22:49.995016,7899,119,8018
2022-05-11 16:22:51.001948,4451,138,4589
2022-05-11 16:22:52.013778,3942,120,4062
2022-05-11 16:22:53.010029,1088,3,1091
2022-05-11 16:22:54.027449,5951,7,5958
2022-05-11 16:22:55.030303,8858,126,8984
2022-05-11 16:22:56.049461,958,117,1075
2022-05-11 16:22:57.053438,4769,57,4826
2022-05-11 16:22:58.063051,8976,119,9095
2022-05-11 16:22:59.071722,7333,75,7408
2022-05-11 16:23:00.082322,3113,150,3263
2022-05-11 16:23:01.090783,2036,29,2065
2022-05-11 16:23:02.098308,307,53,360
2022-05-11 16:23:03.112579,5715,93,5808
2022-05-11 16:23:04.116683,3148,37,3185
2022-05-11 16:23:05.128673,8280,143,8423
2022-05-11 16:23:06.136753,6309,136,6445
2022-05-11 16:23:07.149356,7661,77,7738
2022-05-11 16:23:08.223273,1584,5,1589
2022-05-11 17:59:45.995985,4513,53,4566
2022-05-11 17:59:46.999823,3593,102,3695
2022-05-11 17:59:48.015608,6661,20,6681
2022-05-11 17:59:49.023305,5271,1,5272
2022-05-11 17:59:50.034204,3657,87,3744
2022-05-11 17:59:51.039271,4757,69,4826
2022-05-11 17:59:52.047126,8112,63,8175
2022-05-11 17:59:53.061562,2144,73,2217
2022-05-11 17:59:54.071717,5014,141,5155
2022-05-11 17:59:55.086459,3296,131,3427
2022-05-11 17:59:56.197872,805,70,875
2022-05-11 17:59:57.101811,8548,85,8633
2022-05-11 17:59:58.109474,1277,20,1297
2022-05-11 17:59:59.117317,1532,81,1613
2022-05-11 18:00:00.119751,2271,91,2362
2022-05-11 18:00:01.132411,1603,55,1658
2022-05-11 18:00:02.131072,7971,93,8064
2022-05-11 18:00:03.143639,7032,133,7165
2022-05-11 18:00:04.155597,2325,15,2340
2022-05-11 18:00:05.160245,1708,71,1779
2022-05-11 18:00:06.171714,657,149,806
2022-05-11 18:00:07.190613,6936,56,6992
2022-05-11 18:00:08.205419,8078,10,8088
2022-05-11 18:00:09.214456,5531,147,5678
2022-05-11 18:00:10.226369,7604,138,7742
2022-05-11 18:00:11.226591,4356,113,4469
2022-05-11 18:00:12.237557,549,75,624
2022-05-11 18:00:13.238065,382,97,479
2022-05-11 18:00:14.242870,320,69,389
2022-05-11 18:00:15.248062,7817,95,7912
2022-05-11 19:19:12.931778,3833,40,3873
2022-05-11 19:19:14.141480,5630,144,5774
2022-05-11 19:19:15.158473,1047,1,1048
2022-05-11 19:19:16.157455,183,53,236
2022-05-11 19:19:17.168515,4286,77,4363
2022-05-11 19:19:18.172001,4935,111,5046
2022-05-11 19:19:19.174568,67,140,207
2022-05-11 19:19:20.180816,64,8,72
2022-05-11 19:19:21.186486,3446,63,3509
2022-05-11 19:19:22.205717,1301,69,1370
2022-05-11 19:19:23.203364,4929,37,4966
2022-05-11 19:19:24.211741,2853,80,2933
2022-05-11 19:19:25.214878,7198,30,7228
2022-05-11 19:19:26.220902,7498,56,7554
2022-05-11 19:19:27.226915,2588,37,2625
2022-05-11 19:19:28.227884,6199,27,6226
2022-05-11 19:19:29.224744,4118,26,4144
2022-05-11 19:19:30.235415,723,69,792
2022-05-11 19:19:31.240103,1004,140,1144
2022-05-11 19:19:32.253759,3320,97,3417
2022-05-11 19:19:33.265824,6923,148,7071
2022-05-11 19:19:34.265992,8739,148,8887
2022-05-11 19:19:35.274629,2049,61,2110
2022-05-11 19:19:36.280807,54,116,170
2022-05-11 19:19:37.289065,3601,85,3686
2022-05-11 19:19:38.294439,7436,12,7448
2022-05-11 19:19:39.305452,7755,135,7890
2022-05-11 19:19:40.316615,1079,149,1228
2022-05-11 19:19:41.324080,8798,122,8920
2022-05-11 19:19:42.328716,3285,27,3312
2022-05-11 19:31:18.562805,6338,118,6456
2022-05-11 19:31:19.555010,5119,78,5197
2022-05-11 19:31:20.564781,2775,62,2837
2022-05-11 19:31:21.569626,5503,33,5536
2022-05-11 19:31:22.575425,8111,64,8175
2022-05-11 19:31:23.587537,6295,63,6358
2022-05-11 19:31:24.593681,4693,127,4820
2022-05-11 19:31:25.598331,8647,129,8776
2022-05-11 19:31:26.604856,8448,21,8469
2022-05-11 19:31:27.611441,7154,100,7254
2022-05-11 19:31:28.621697,7924,125,8049
2022-05-11 19:31:29.625854,7956,131,8087
2022-05-11 19:31:30.637862,5690,70,5760
2022-05-11 19:31:31.649638,3532,25,3557
2022-05-11 19:31:32.655772,468,26,494
2022-05-11 19:31:33.664316,7201,16,7217
2022-05-11 19:31:34.668883,6932,94,7026
2022-05-11 19:31:35.668888,241,122,363
2022-05-11 19:31:36.677881,3925,44,3969
2022-05-11 19:31:37.684721,6074,61,6135
2022-05-11 19:31:38.691845,6991,71,7062
2022-05-11 19:31:39.694513,8599,15,8614
2022-05-11 19:31:40.702818,4152,49,4201
2022-05-11 19:31:41.710002,8564,27,8591
2022-05-11 19:31:42.716302,4211,57,4268
2022-05-11 19:31:43.726645,6112,47,6159
2022-05-11 19:31:44.728913,8789,25,8814
2022-05-11 19:31:45.733770,2668,34,2702
2022-05-11 19:31:46.738226,5756,26,5782
2022-05-11 19:31:47.740106,8127,50,8177
2022-05-11 19:31:48.747432,1488,81,1569
2022-05-11 19:31:49.754908,8862,9,8871
2022-05-11 19:31:50.763167,224,107,331
2022-05-11 19:31:51.774181,1937,77,2014
2022-05-11 19:31:52.776596,1997,18,2015
2022-05-11 19:31:53.782220,8135,75,8210
2022-05-11 19:31:54.790376,8572,64,8636
2022-05-11 19:31:55.799347,2809,105,2914
2022-05-11 19:31:56.802651,7465,80,7545
2022-05-11 19:31:57.815289,7006,43,7049
2022-05-11 19:31:58.807910,767,95,862
2022-05-11 19:31:59.820695,1369,120,1489
2022-05-11 19:32:00.825206,3542,56,3598
2022-05-11 19:32:01.832284,3085,52,3137
2022-05-11 19:32:02.839596,5269,24,5293
2022-05-11 19:32:03.840221,5822,26,5848
2022-05-11 19:32:04.845601,2191,37,2228
2022-05-11 19:32:05.854613,7864,131,7995
2022-05-11 19:32:06.865574,1584,36,1620
2022-05-11 19:32:07.870900,2443,70,2513
2022-05-11 19:32:08.873192,358,111,469
2022-05-11 19:32:09.887475,3571,81,3652
2022-05-11 19:32:10.889391,3878,102,3980
2022-05-11 19:32:11.904620,7041,61,7102
2022-05-11 19:32:12.904418,2943,115,3058
2022-05-11 19:32:13.912233,2775,145,2920
2022-05-11 19:32:14.917719,7576,23,7599
2022-05-11 19:32:15.921943,4907,129,5036
2022-05-11 19:32:16.924657,2393,127,2520
2022-05-11 19:32:17.927433,5904,79,5983
2022-05-11 19:32:18.937710,8063,23,8086
2022-05-11 19:32:19.939928,8938,28,8966
2022-05-11 19:32:20.944602,1605,9,1614
2022-05-11 19:32:21.956933,3662,56,3718
2022-05-11 19:32:22.963549,190,32,222
2022-05-11 19:32:23.973443,2986,150,3136
2022-05-11 19:32:24.978982,1536,39,1575
2022-05-11 19:32:25.982941,7240,148,7388
2022-05-11 19:32:26.989372,5900,100,6000
2022-05-11 19:32:27.998967,3075,26,3101
2022-05-11 19:32:29.005609,2194,74,2268
2022-05-11 19:32:30.011008,1168,49,1217
2022-05-11 19:32:31.023425,5515,83,5598
2022-05-11 19:32:32.034742,8823,146,8969
2022-05-11 19:32:33.038596,5822,83,5905
2022-05-11 19:32:34.045885,991,71,1062
2022-05-11 19:32:36.051725,5833,7,5840
2022-05-11 19:32:37.061072,5515,40,5555
2022-05-11 19:32:38.072850,1464,142,1606
2022-05-11 19:32:39.080467,6556,127,6683
2022-05-11 19:32:40.084738,3717,71,3788
2022-05-11 19:32:41.095886,7141,27,7168
2022-05-11 19:32:42.096090,3786,132,3918
2022-05-11 19:32:43.110901,1702,134,1836
2022-05-11 19:32:44.119039,8669,119,8788
2022-05-11 19:32:45.124483,4093,31,4124
2022-05-11 19:32:46.131390,653,5,658
2022-05-11 19:32:47.130748,5665,53,5718
2022-05-11 19:32:48.136697,6518,45,6563
2022-05-11 19:32:49.146910,5224,42,5266
2022-05-11 19:32:50.140906,6409,60,6469
2022-05-11 19:32:51.141177,2565,122,2687
2022-05-11 19:32:52.152887,652,86,738
2022-05-11 19:32:53.171272,2670,34,2704
2022-05-11 19:32:54.173905,7922,36,7958
2022-05-11 19:32:55.181445,1694,66,1760
2022-05-11 19:32:56.182361,8576,85,8661
2022-05-11 19:32:57.193447,1581,118,1699
2022-05-11 19:32:58.191328,3721,146,3867
2022-05-11 19:32:59.203814,6620,119,6739
2022-05-11 19:33:00.207802,6106,3,6109
2022-05-11 19:33:01.214431,960,8,968
2022-05-11 19:33:02.219987,1838,46,1884
2022-05-11 19:33:03.230388,7747,2,7749
2022-05-11 19:33:04.229504,4080,24,4104
2022-05-11 19:33:05.242509,513,88,601
2022-05-11 19:33:06.242406,2908,71,2979
2022-05-11 19:33:07.256115,7338,13,7351
2022-05-11 19:33:08.258038,7479,136,7615
2022-05-11 19:33:09.265271,359,100,459
2022-05-11 19:33:10.275165,8263,77,8340
2022-05-11 19:33:11.279883,3149,95,3244
2022-05-11 19:33:12.299100,8552,15,8567
2022-05-11 19:33:13.295039,5929,117,6046
2022-05-11 19:33:14.307034,8562,30,8592
2022-05-11 19:33:16.322527,5466,24,5490
2022-05-11 19:33:17.328235,8266,92,8358
2022-05-11 19:33:18.342253,7194,47,7241
2022-05-11 19:33:19.343446,5934,58,5992
2022-05-11 19:33:20.350641,3576,117,3693
2022-05-11 19:33:21.358316,739,91,830
2022-05-11 19:33:22.368565,5802,41,5843
2022-05-11 19:33:23.375286,1489,85,1574
2022-05-11 19:33:24.383974,5465,14,5479
2022-05-11 19:33:25.393805,3705,102,3807
2022-05-11 19:33:26.403528,909,60,969
2022-05-11 19:33:27.409780,6759,4,6763
2022-05-11 19:33:28.419996,6531,136,6667
2022-05-11 19:33:29.423381,8482,71,8553
2022-05-11 19:33:30.423977,3113,43,3156
2022-05-11 19:33:31.433474,8960,34,8994
2022-05-11 19:33:32.438530,5810,126,5936
2022-05-11 19:33:33.443833,7620,87,7707
2022-05-11 19:33:34.449184,5513,51,5564
2022-05-11 19:33:35.463304,70,37,107
2022-05-11 19:33:36.465378,5254,20,5274
2022-05-11 19:33:37.466396,7147,63,7210
2022-05-11 19:33:38.478095,3101,137,3238
2022-05-11 19:33:39.487410,5161,103,5264
2022-05-11 19:33:40.495977,7922,108,8030
2022-05-11 19:33:41.502849,8173,13,8186
2022-05-11 19:33:42.507264,4297,113,4410
2022-05-11 19:33:43.513801,294,16,310
2022-05-11 19:33:44.520840,4253,150,4403
2022-05-11 19:33:45.531204,7496,10,7506
2022-05-11 19:33:46.541998,3246,110,3356
2022-05-11 19:33:47.543684,6037,47,6084
2022-05-11 19:33:48.539605,1174,145,1319
2022-05-11 19:33:49.551328,219,72,291
2022-05-11 19:33:50.562817,2404,112,2516
2022-05-11 19:33:51.570555,2443,59,2502
2022-05-11 19:33:52.570487,6503,78,6581
2022-05-11 19:33:53.583650,4934,143,5077
